0.52
0.52
0.52
0.52
0.52
0.52
0.52
0.52
0.52
0.54
0.60
0.78
1.00
1.24
1.38
1.71
1.78
1.97
2.02
2.11
2.26
2.33
2.49
2.87
3.23
3.45
3.85
4.26
4.49
4.66
4.71
5.02
5.23
5.42
5.57
5.76
5.82
5.90
6.09
6.18
6.27
6.25
6.54
6.80
6.83
6.92
7.04
7.02
7.11
7.18
7.15
7.08
7.13
7.27
7.46
7.80
8.18
8.37
8.39
8.41
8.60
8.73
8.84
8.96
9.20
9.23
9.29
9.35
9.46
9.49
9.61
9.87
9.89
9.86
9.99
10.04
10.22
10.37
10.55
10.56
10.61
10.72
10.68
10.72
10.70
10.67
10.67
10.53
10.61
10.58
10.61
10.60
10.51
10.37
10.42
10.41
10.41
10.39
10.46
10.37
10.39
10.39
10.58
10.74
10.75
10.74
10.60
10.58
10.65
10.89
11.13
11.29
11.56
11.65
11.60
11.72
11.81
12.06
12.17
12.29
12.22
12.39
12.46
12.60
12.72
12.94
13.34
13.50
13.58
13.58
13.74
13.55
13.48
13.50
13.48
13.70
13.57
13.39
13.08
13.07
13.13
13.07
13.20
13.26
13.41
13.53
13.57
13.51
13.63
13.88
14.00
14.10
14.20
14.46
14.77
14.81
14.77
14.69
14.65
14.64
14.79
14.83
14.91
15.05
15.12
15.24
15.27
15.34
15.26
15.29
15.27
15.29
15.24
15.26
15.15
15.14
15.27
15.24
15.34
15.31
15.41
15.38
15.50
15.50
15.72
15.76
15.88
15.86
15.74
15.59
15.36
15.36
15.48
15.43
15.48
15.72
15.67
15.52
15.48
15.46
15.40
15.24
15.15
15.26
15.27
15.76
15.83
16.17
16.72
16.86
16.83
16.90
16.81
16.59
16.45
16.34
16.40
16.69
16.71
16.91
17.09
17.28
17.19
17.22
17.29
17.24
17.21
17.17
17.19
17.33
17.26
17.29
17.38
17.59
17.86
18.00
18.14
18.04
18.09
18.02
18.21
18.23
18.40
18.36
18.35
18.38
18.48
18.52
18.36
18.17
18.24
18.67
18.88
18.85
18.83
18.81
18.74
18.99
19.04
18.90
19.04
18.93
19.14
19.14
19.04
19.33
19.68
19.71
19.88
19.80
19.83
20.02
20.37
20.40
20.52
20.28
20.30
20.47
20.21
19.99
19.92
20.02
20.02
19.99
20.07
20.18
20.19
20.06
20.16
20.38
20.52
20.66
20.62
20.73
20.62
20.80
21.00
21.06
20.92
20.76
20.71
20.64
20.76
20.68
20.52
20.40
20.33
20.42
20.38
20.57
20.75
20.38
20.49
20.61
20.81
21.02
21.07
21.26
21.59
21.42
21.37
21.42
21.52
21.66
21.95
21.94
21.99
21.85
21.82
21.90
21.59
21.56
21.59
21.78
21.88
21.80
22.01
21.95
21.66
21.85
22.42
22.63
23.08
23.30
23.54
23.54
23.47
23.49
23.66
23.85
23.66
23.63
23.89
24.11
23.73
23.59
23.47
23.47
23.63
23.78
23.77
23.77
23.63
23.44
23.51
23.46
23.46
23.46
23.59
23.61
23.56
24.02
24.08
24.02
24.13
24.11
24.34
24.20
24.02
23.84
23.96
24.25
24.32
24.47
24.58
24.46
24.70
24.92
24.92
24.99
25.08
24.94
25.01
25.13
24.78
24.58
24.47
24.70
24.80
24.82
24.65
24.51
24.56
24.68
24.58
24.53
24.66
24.70
24.61
24.84
24.73
24.94
24.94
24.92
25.06
25.11
25.22
25.39
25.47
25.42
25.54
25.65
25.82
26.06
25.98
25.92
25.61
25.61
25.34
25.56
25.60
25.75
25.82
25.92
26.18
26.63
26.73
26.54
26.56
26.39
26.25
26.41
26.49
26.58
26.79
27.13
27.42
27.32
27.18
27.46
27.39
27.79
27.70
27.89
28.05
27.91
27.84
27.84
27.58
27.48
27.48
27.60
27.96
27.60
27.20
27.17
27.13
27.03
27.30
26.98
27.13
27.41
27.46
27.84
27.96
27.86
27.56
27.49
27.48
27.48
27.60
27.67
27.51
27.24
27.11
27.05
27.25
27.60
28.13
28.43
28.18
28.17
28.58
28.49
28.20
27.86
27.55
27.51
27.60
27.70
27.91
28.20
28.58
28.43
28.43
28.41
28.55
28.74
28.39
28.34
28.39
28.31
28.56
28.49
28.51
28.53
28.34
28.08
28.67
28.55
28.43
28.18
28.43
28.82
29.29
28.67
28.65
28.72
28.70
28.67
28.46
28.84
28.98
29.31
29.36
29.60
29.41
29.38
28.77
28.74
28.98
29.34
29.48
29.48
29.43
29.29
29.98
29.84
29.15
28.89
28.82
28.67
28.58
28.94
29.31
29.19
29.06
28.65
28.74
28.65
28.87
29.19
29.43
29.34
29.44
29.46
29.65
30.01
30.17
29.94
29.98
30.29
30.13
29.79
29.69
29.81
29.75
29.65
29.82
29.88
29.51
29.89
29.84
29.44
29.75
29.75
30.15
29.94
29.79
29.98
29.98
30.01
29.36
29.27
29.46
29.43
29.53
29.13
29.01
29.08
29.24
29.53
29.55
29.72
30.15
28.82
29.00
29.36
28.34
27.89
27.53
29.08
29.60
29.65
29.84
29.77
30.20
30.67
30.32
30.45
30.72
30.84
30.48
31.05
31.01
31.03
31.33
31.36
31.36
30.79
30.58
30.89
31.20
31.38
30.70
30.93
31.05
30.74
30.69
31.17
31.34
31.48
31.60
31.48
31.38
31.41
31.26
30.69
30.82
31.19
31.65
31.12
31.26
30.48
30.45
30.50
30.50
30.58
30.95
31.03
31.01
30.69
30.93
30.45
30.57
30.32
29.79
29.67
31.03
30.72
30.27
30.24
29.74
30.41
30.03
30.12
30.34
30.10
30.70
30.82
31.03
30.88
30.69
30.96
30.50
30.91
30.88
30.91
30.70
31.24
31.52
31.77
31.57
30.98
31.33
31.45
31.22
31.19
31.07
30.96
31.27
31.43
31.38
31.38
31.00
30.43
30.27
30.10
30.12
30.20
30.77
30.72
31.52
31.43
31.53
31.48
31.76
31.79
31.96
32.19
32.15
31.27
31.64
31.71
31.71
30.48
31.20
30.70
30.19
30.77
30.98
31.24
31.69
32.02
31.14
31.69
31.84
32.10
31.90
31.64
31.12
31.12
30.84
30.74
30.69
31.20
31.67
31.74
32.45
32.19
32.21
32.40
32.12
32.17
32.65
32.45
32.64
32.57
32.69
32.46
32.55
32.74
32.90
33.03
33.09
33.03
32.43
32.62
32.74
32.78
31.95
32.59
32.76
32.81
32.88
33.09
33.33
33.28
33.05
32.38
31.65
31.84
32.29
32.36
32.45
32.40
32.62
32.29
32.74
32.65
32.41
32.14
32.05
31.48
31.86
32.07
31.72
31.22
31.27
31.57
31.96
32.15
31.93
32.08
32.38
32.65
32.84
31.86
32.46
32.02
32.36
31.96
31.67
31.74
31.77
31.74
32.36
32.55
31.58
31.31
32.24
32.78
33.24
33.19
33.52
33.86
33.57
33.29
33.22
33.53
33.62
33.91
33.98
33.90
34.19
34.36
34.28
34.35
34.16
34.28
34.62
34.67
34.93
34.85
34.47
34.29
34.17
33.88
34.40
34.14
34.54
33.86
33.71
33.97
34.48
34.31
34.29
33.81
34.38
34.57
34.31
34.21
34.64
34.26
34.47
34.90
34.71
34.78
34.69
34.74
35.14
34.76
34.85
34.24
34.33
34.59
34.71
34.90
34.48
35.02
34.90
34.85
34.50
34.41
34.55
35.42
35.40
35.04
34.92
34.90
34.88
34.97
35.05
34.09
34.02
33.90
34.35
34.36
34.45
34.57
34.92
34.81
34.85
33.78
34.79
34.19
33.79
33.69
33.52
33.79
34.36
34.35
34.47
33.98
34.35
34.24
34.66
34.62
34.36
34.57
34.35
34.59
34.76
35.21
35.05
34.95
34.95
34.69
34.85
34.10
34.54
34.92
35.12
35.09
35.19
34.62
34.45
34.73
34.67
34.66
35.05
34.55
34.52
34.48
34.92
34.97
34.71
34.60
34.88
35.17
35.59
35.12
35.50
34.86
34.66
34.50
34.35
33.93
33.85
34.45
34.50
34.76
35.05
35.24
35.33
35.61
35.64
35.86
35.86
35.00
35.35
35.04
34.41
34.35
34.45
34.41
34.59
34.64
34.83
35.30
35.31
34.95
35.26
35.31
35.62
35.81
35.31
35.62
35.11
35.14
35.02
34.88
35.04
35.48
35.45
35.71
35.50
35.59
35.31
35.38
35.86
35.83
36.31
36.38
36.04
36.37
35.99
36.11
35.69
36.07
36.12
36.47
35.90
35.93
36.21
36.16
36.00
36.43
36.47
36.47
35.88
35.17
35.14
35.05
35.48
35.36
35.85
35.95
36.24
36.37
35.76
36.19
35.61
35.36
35.55
33.41
34.21
34.52
35.14
35.14
35.43
35.54
36.16
36.57
36.64
36.74
36.81
36.71
36.83
36.31
35.80
35.74
36.09
36.00
35.80
36.66
36.66
36.69
36.71
37.18
37.09
37.38
37.40
37.68
37.90
37.88
37.19
36.90
37.02
37.59
37.04
37.23
37.37
37.31
37.45
37.95
37.80
37.56
37.33
37.25
37.40
36.64
37.30
36.81
36.81
36.47
36.50
36.40
36.37
36.62
36.69
36.69
37.11
37.28
36.59
36.24
35.88
34.92
35.05
35.04
35.73
35.26
35.90
36.33
36.47
36.59
36.87
36.31
35.30
35.35
35.36
35.62
35.85
35.73
35.99
36.00
35.88
36.07
35.90
36.28
36.02
36.21
36.37
36.19
36.02
36.37
36.38
36.93
37.18
36.59
36.81
37.02
36.85
36.85
36.90
36.62
36.92
36.52
36.78
36.56
36.71
36.02
36.28
35.62
35.45
36.54
36.71
36.81
36.83
36.40
36.95
37.26
36.85
37.02
37.28
37.42
37.64
37.57
37.61
37.45
37.38
37.68
37.75
37.90
37.56
37.59
37.40
37.54
37.95
38.45
38.30
38.47
38.49
38.42
38.49
38.94
39.04
38.83
38.63
38.80
38.59
38.49
38.56
38.04
38.30
38.49
38.52
38.26
38.56
38.09
38.90
38.97
38.71
38.11
38.00
38.04
37.69
38.06
38.06
37.76
37.66
37.92
37.76
37.88
38.06
37.94
38.18
38.09
38.33
38.28
38.32
38.37
38.83
38.99
39.40
38.94
39.44
39.09
38.23
38.47
38.47
38.73
38.54
38.35
38.35
37.94
38.32
39.07
39.56
39.61
39.75
39.71
39.58
39.02
39.83
39.44
39.49
39.54
39.80
39.59
39.39
39.28
39.56
39.28
39.13
39.52
39.28
39.11
39.16
39.68
39.64
40.21
40.16
40.49
39.85
39.78
39.66
39.47
40.02
40.39
40.23
39.96
39.78
39.83
40.49
40.11
40.13
39.70
39.54
39.78
40.04
39.99
40.01
39.99
40.20
40.54
40.13
39.66
39.83
39.70
39.70
39.51
39.45
38.38
38.90
38.87
38.57
38.71
39.06
39.23
39.11
39.16
38.87
38.54
39.02
39.39
39.82
39.99
39.87
39.99
39.90
39.75
40.04
40.46
39.83
39.83
40.01
40.25
40.39
40.28
39.94
40.11
39.94
40.02
40.14
39.89
40.23
41.09
40.87
40.23
40.18
40.18
40.01
40.44
40.21
40.32
40.14
40.33
40.77
40.44
40.49
40.75
40.87
41.03
41.28
41.25
41.54
41.56
41.53
41.28
41.01
40.70
41.13
40.89
41.51
41.30
41.18
41.11
41.32
41.78
41.13
41.85
41.49
40.99
40.94
40.94
40.80
41.32
41.09
41.68
42.18
42.13
41.87
41.75
41.78
41.72
41.89
42.10
42.13
42.11
41.63
41.68
41.70
41.54
41.30
41.28
41.27
41.65
41.51
41.84
41.40
40.63
40.70
40.25
40.25
40.82
40.92
40.82
41.13
41.49
41.09
41.46
41.18
41.70
41.27
41.42
41.53
41.34
41.34
41.30
41.68
42.15
41.89
42.35
43.10
42.80
43.11
42.66
42.03
42.22
42.25
42.25
42.20
42.29
41.58
41.87
42.29
42.56
42.30
42.23
42.10
42.61
42.44
42.46
42.66
42.60
43.23
43.03
42.94
43.37
43.27
43.51
43.37
43.27
42.79
41.82
42.34
42.82
43.04
43.13
43.13
42.70
43.01
43.04
42.49
42.49
42.54
42.70
42.04
42.29
42.35
42.18
41.65
41.23
41.97
42.41
42.54
42.41
42.25
42.03
42.30
42.32
42.37
41.82
42.58
42.30
42.82
42.73
43.04
42.77
42.92
43.20
43.48
43.44
43.37
43.73
43.70
44.29
44.62
44.43
44.36
44.62
44.39
44.27
44.51
44.46
43.89
43.55
43.67
43.63
43.41
43.79
43.79
43.42
43.77
43.53
43.98
44.49
44.60
44.75
44.82
45.20
44.75
44.74
44.53
44.55
43.75
43.29
43.65
43.70
43.60
43.89
43.91
44.15
43.99
43.98
43.65
43.63
43.63
43.44
43.80
43.49
43.55
43.27
43.48
43.79
42.92
43.63
43.55
43.36
43.42
43.46
43.17
43.61
44.13
44.22
43.87
43.75
44.17
44.20
44.44
44.55
44.75
44.67
44.51
44.49
43.70
43.70
43.08
43.36
43.03
43.55
43.73
43.56
43.39
43.34
43.51
43.63
44.10
44.24
44.56
43.86
43.99
43.91
43.73
43.53
43.77
43.56
43.94
44.44
44.58
44.17
44.46
43.48
43.06
43.23
43.61
43.72
43.92
44.25
44.25
44.10
44.32
44.15
44.27
44.22
44.32
44.93
44.58
44.27
44.17
44.72
44.89
45.13
44.82
45.01
45.58
45.32
45.22
45.51
45.88
45.84
45.98
45.86
45.70
45.81
45.69
45.15
45.70
45.86
45.75
46.10
45.62
45.77
45.84
45.41
45.75
45.65
45.69
45.72
45.67
46.25
45.70
45.75
46.15
46.06
46.10
45.89
45.34
45.31
45.43
45.55
45.34
45.70
45.75
45.56
45.60
45.44
45.39
45.41
44.94
45.25
45.36
45.60
45.32
45.13
45.51
45.51
44.93
45.08
44.65
44.13
44.43
44.37
44.67
44.93
45.15
45.50
45.22
45.32
44.74
44.30
44.01
44.79
44.91
44.91
44.82
45.05
45.08
44.93
45.12
45.50
45.56
45.69
45.62
45.96
45.91
45.62
45.62
45.44
45.08
45.15
45.46
45.62
45.56
45.25
45.70
45.89
45.65
45.22
45.20
45.36
44.79
45.41
45.69
46.13
45.75
45.82
46.00
46.19
46.15
46.13
46.15
46.48
46.38
46.19
46.22
46.27
46.41
46.46
46.25
46.20
46.58
47.05
47.29
47.00
46.36
46.19
46.20
46.62
46.77
47.29
47.34
46.95
46.81
46.27
46.50
46.38
46.24
46.36
46.22
46.44
47.05
47.29
47.29
47.62
46.79
46.70
47.20
47.27
47.15
47.39
47.38
46.98
46.91
47.51
47.65
47.34
47.00
47.05
47.41
47.15
47.19
47.50
47.74
47.86
48.05
47.98
47.95
47.98
46.76
46.88
46.91
46.74
47.07
47.05
47.01
46.93
47.77
46.77
46.82
47.29
47.51
47.26
46.82
46.69
46.55
46.17
46.67
46.74
46.55
46.81
46.48
46.74
46.51
46.81
46.93
47.29
47.43
47.55
47.01
46.81
47.13
46.89
46.84
47.01
47.12
47.05
47.58
46.98
47.13
47.62
47.46
47.22
47.13
47.10
47.15
47.15
47.45
47.48
47.76
47.46
47.70
47.69
48.12
47.77
47.64
47.84
48.33
48.24
47.95
47.95
48.08
48.00
47.91
48.00
48.39
48.43
48.15
48.48
48.88
48.77
48.67
48.45
48.36
48.36
48.29
48.05
48.24
48.15
48.29
48.15
48.26
48.50
49.00
48.96
48.88
47.91
48.79
48.53
48.57
48.57
48.48
48.67
48.53
48.34
48.50
48.53
48.34
48.53
48.71
48.83
49.09
49.09
49.22
49.00
48.69
48.53
48.02
48.03
48.05
48.31
48.14
48.58
48.93
49.24
49.19
49.24
49.41
48.84
48.77
48.91
49.03
49.05
49.24
48.95
48.48
48.83
48.65
48.53
48.46
48.05
48.33
48.02
48.33
48.95
48.50
48.36
49.38
49.14
48.95
49.15
48.96
49.31
49.02
49.33
49.02
49.62
49.76
49.34
49.31
49.09
48.62
48.60
49.24
48.76
48.90
49.34
49.38
49.36
49.15
49.17
49.10
49.07
49.03
49.05
49.34
49.12
49.15
49.12
49.34
49.45
48.79
48.96
49.14
48.86
49.10
49.53
49.28
48.79
48.41
48.62
48.48
48.71
48.65
47.86
48.60
49.00
48.88
48.90
49.07
49.10
48.62
48.60
48.74
48.53
48.71
48.90
49.21
49.19
49.45
49.57
49.62
49.17
49.22
49.02
49.24
49.00
48.50
48.19
48.31
48.50
48.36
48.45
47.88
48.43
49.05
49.22
49.10
49.24
49.00
49.43
49.46
49.43
48.84
48.79
49.15
49.10
49.26
49.03
49.22
49.52
49.41
49.26
49.00
48.88
48.93
48.88
48.90
49.34
49.53
49.15
49.10
49.19
49.12
49.19
49.74
49.98
49.88
50.12
49.83
49.90
49.71
49.67
49.57
49.65
49.09
49.22
48.86
49.40
49.34
49.29
49.24
49.09
48.76
48.36
48.69
48.77
49.17
49.84
49.34
49.38
49.50
49.84
49.09
49.07
49.41
49.62
50.07
50.52
50.14
49.52
49.48
49.48
49.48
49.83
49.86
49.71
49.64
49.64
49.60
49.17
49.74
49.69
50.41
50.66
50.90
50.83
51.05
50.97
51.24
51.23
51.50
51.42
51.42
51.17
50.72
50.86
50.19
50.47
49.84
49.59
49.36
49.46
49.40
49.91
50.24
49.81
49.55
49.52
49.19
49.41
49.84
49.41
49.59
49.97
49.84
50.19
50.21
50.16
49.55
50.02
49.93
50.00
50.12
50.02
50.35
50.54
50.48
50.10
50.64
50.41
50.81
50.48
50.38
50.47
50.64
50.54
50.21
50.35
50.45
50.45
50.76
50.55
50.33
50.17
50.22
50.36
50.40
50.05
49.97
50.45
50.00
49.97
50.38
49.93
49.97
50.05
50.59
50.78
50.78
51.04
50.60
50.78
50.55
50.66
50.55
50.31
50.52
50.78
50.52
50.31
50.64
50.45
50.17
50.05
50.40
50.40
50.21
50.10
49.91
50.07
50.19
50.14
50.47
50.40
50.43
50.10
49.76
49.83
50.10
50.31
49.83
50.05
50.02
50.07
50.21
50.19
50.62
50.69
50.55
50.55
50.78
50.54
50.85
51.21
50.88
51.16
51.33
51.36
51.26
51.33
51.61
51.55
51.55
51.59
50.97
50.85
50.64
51.21
51.71
51.50
51.09
51.04
51.42
51.48
51.48
51.33
51.05
51.17
51.00
50.95
50.64
51.00
51.36
51.19
51.36
51.14
50.83
50.40
50.55
50.64
50.36
50.81
50.88
50.93
51.16
51.50
51.79
51.47
51.14
51.33
51.17
51.54
51.83
52.09
51.64
51.74
52.07
51.86
51.88
52.26
51.78
51.59
51.33
51.31
51.78
51.40
51.28
51.47
50.90
50.36
50.86
51.14
51.19
51.50
51.61
51.54
51.40
51.33
51.33
51.29
51.19
51.24
51.29
51.64
51.45
51.55
51.50
51.79
51.74
51.48
51.55
51.45
51.66
51.47
51.52
51.59
51.62
51.78
52.02
52.04
51.93
51.40
51.74
51.98
51.81
51.69
51.71
51.79
52.05
52.33
52.31
52.07
52.23
52.31
52.26
52.21
52.21
52.40
52.30
52.19
52.07
52.35
51.79
51.19
51.50
51.85
52.09
51.38
51.55
52.43
51.78
51.61
51.90
52.00
52.00
52.04
52.19
52.30
52.47
52.30
51.97
52.14
51.67
51.88
51.67
51.83
51.81
52.02
51.98
51.98
52.00
51.47
51.12
50.72
51.33
51.40
51.69
51.90
51.78
51.90
52.00
52.40
52.28
52.50
52.61
52.76
52.66
52.36
51.95
51.83
51.29
51.10
51.42
51.69
51.62
52.35
52.61
52.47
52.49
52.55
52.50
52.31
52.38
52.07
52.31
52.28
51.81
52.04
52.00
52.16
52.11
52.43
52.43
52.50
52.54
52.16
52.12
52.07
52.40
52.11
52.45
52.23
52.54
52.43
52.28
51.85
51.86
51.64
52.04
51.78
51.88
52.35
51.95
51.97
51.48
50.91
50.88
50.83
51.16
51.76
51.54
51.92
51.33
51.83
51.45
51.62
51.29
51.61
52.09
51.93
52.14
52.16
52.24
52.69
52.43
52.33
51.64
52.00
52.19
52.23
52.21
51.83
51.76
52.19
52.26
51.88
51.83
52.21
51.85
51.97
51.92
52.23
52.19
52.33
52.11
52.43
52.68
52.55
52.59
52.43
52.33
52.73
52.23
52.45
52.49
52.07
51.81
51.74
52.12
52.30
52.52
52.69
52.85
52.83
52.68
52.71
53.12
52.88
52.85
52.83
52.92
52.66
52.85
52.43
52.87
53.02
52.42
52.52
52.38
52.49
52.64
52.36
52.42
52.68
52.83
52.92
53.31
53.28
52.61
52.78
52.93
52.93
53.18
52.93
52.17
52.45
52.05
52.33
52.21
51.93
52.57
52.87
52.87
52.52
52.38
52.38
52.16
52.02
51.74
51.61
52.05
52.00
51.86
52.21
51.98
52.14
52.09
52.12
51.97
52.05
52.11
52.09
51.73
51.78
52.28
52.28
52.02
52.17
52.00
52.35
52.30
52.40
52.55
51.97
52.28
52.45
52.74
52.81
52.49
52.66
52.93
52.38
52.17
51.93
52.21
52.31
52.36
52.90
52.83
52.61
52.36
52.64
52.61
52.31
52.43
52.99
52.97
52.83
52.95
52.40
52.23
52.55
52.74
52.45
52.11
52.21
52.66
52.33
52.78
52.85
52.69
52.52
52.78
52.97
53.11
53.09
53.19
53.18
53.31
53.57
53.47
53.42
53.64
53.54
52.93
53.00
53.43
53.38
53.42
53.57
53.94
53.69
53.97
54.18
54.04
53.92
53.43
53.43
53.50
54.02
53.94
53.85
53.69
53.71
53.64
53.83
54.00
53.78
53.50
53.54
53.69
53.76
53.61
53.59
53.09
53.49
53.56
53.23
53.26
52.93
52.68
53.35
52.99
53.12
53.28
53.26
53.66
53.62
53.35
53.42
53.38
53.37
53.50
53.50
53.62
53.76
53.92
54.14
54.49
54.19
53.56
54.12
54.33
54.21
54.28
54.54
54.80
54.90
54.85
54.66
54.69
55.14
54.95
54.63
55.07
54.76
54.82
55.04
54.76
54.45
54.66
54.25
54.23
54.31
54.14
54.12
54.02
54.06
54.06
54.21
53.99
54.57
54.78
54.76
55.01
54.73
54.35
53.64
54.21
53.94
53.85
53.73
54.26
54.31
54.44
54.66
54.30
54.40
54.09
54.33
54.68
54.14
53.75
54.16
54.68
54.71
55.01
54.23
54.02
53.99
53.73
53.66
53.66
53.90
53.99
53.88
54.06
54.11
54.14
54.07
53.94
54.02
54.14
54.23
54.26
54.23
54.07
54.33
54.23
54.09
54.12
54.44
53.95
54.07
54.31
53.97
54.04
54.25
54.11
53.97
54.33
54.54
53.87
53.83
53.49
53.54
53.52
53.24
53.40
53.07
53.21
53.31
53.59
53.88
53.68
53.81
53.78
54.23
54.23
54.23
54.40
53.95
54.16
53.62
54.59
54.54
54.44
54.69
54.45
54.42
55.13
54.69
54.57
53.97
53.75
53.62
53.38
53.81
53.78
54.00
53.90
54.30
54.50
54.64
54.40
54.37
54.44
54.57
54.64
54.66
54.56
54.71
54.66
53.99
54.31
54.26
54.09
54.06
54.00
54.16
54.56
54.26
54.42
54.45
54.94
54.82
54.47
54.63
54.47
54.28
54.25
54.50
54.23
53.81
53.88
54.23
54.45
54.59
54.23
54.28
54.19
54.04
53.87
54.02
53.85
53.54
53.57
53.87
53.68
53.62
54.16
53.76
54.14
54.14
54.54
54.69
54.30
54.69
54.50
54.50
54.38
54.38
54.37
54.40
54.26
54.33
54.18
54.50
54.33
54.45
54.75
54.28
54.21
54.37
53.99
53.95
54.00
53.54
53.49
53.47
53.38
53.56
53.68
53.81
53.99
53.95
53.92
53.54
53.59
53.31
53.69
53.69
53.61
53.76
53.87
54.04
53.75
53.62
53.61
53.94
54.14
53.87
53.54
52.99
53.28
53.64
53.40
53.52
53.61
53.61
53.81
53.54
53.57
53.95
54.19
54.12
54.04
54.26
54.42
54.25
54.11
54.14
54.23
53.57
53.88
53.83
53.85
53.94
53.66
53.42
53.33
53.56
53.59
53.61
53.78
53.12
53.85
53.87
53.57
53.43
53.19
53.40
53.43
53.57
53.50
53.69
53.78
53.54
53.43
53.35
53.21
53.42
53.47
53.47
53.62
54.21
54.14
53.95
54.14
54.07
54.14
54.09
54.00
54.04
54.26
53.73
53.59
54.25
54.50
54.57
54.68
54.38
54.09
54.18
53.97
54.16
53.76
53.28
53.52
53.47
53.50
53.49
53.73
53.64
53.80
53.80
53.78
54.11
54.57
54.19
54.16
54.07
54.23
54.09
54.16
54.21
54.00
53.73
54.00
54.25
54.00
53.90
53.71
53.52
53.87
53.88
53.97
54.14
53.56
53.83
54.33
54.35
54.18
53.87
54.18
54.00
54.95
54.38
54.47
54.40
54.52
54.68
54.50
54.16
54.30
53.95
53.73
54.06
53.78
53.80
53.94
54.19
53.81
53.57
54.28
54.07
53.95
53.94
54.14
54.18
54.33
54.30
54.23
54.42
54.30
54.56
54.76
54.76
54.78
54.88
54.85
54.61
54.75
54.82
54.64
54.78
54.66
54.83
54.80
54.80
55.02
54.85
54.83
54.97
54.94
54.73
54.38
54.14
54.11
54.31
54.30
54.18
53.75
54.26
54.37
54.00
54.07
54.16
54.78
54.35
53.73
54.23
54.00
53.83
53.97
54.04
54.23
54.07
53.95
54.00
53.87
54.40
54.18
54.14
54.40
54.49
54.44
54.75
54.25
53.54
53.42
53.37
53.52
53.62
53.69
53.69
54.14
54.23
54.00
54.06
54.38
54.19
54.52
54.56
54.68
54.68
54.50
54.45
54.76
55.13
54.92
54.92
55.09
55.06
55.42
55.52
55.75
55.59
55.21
55.20
55.21
55.23
55.47
55.52
55.57
55.51
55.57
55.26
55.21
55.51
55.01
55.23
55.54
55.23
55.32
54.82
54.85
54.23
54.40
54.33
54.54
54.63
54.50
54.26
54.83
54.85
55.18
55.09
55.33
55.09
54.76
54.73
54.63
54.75
54.66
54.63
54.75
54.66
54.76
54.78
54.87
54.82
54.80
54.82
54.83
54.73
54.88
55.04
54.75
54.44
54.50
54.52
54.45
54.85
54.49
54.16
54.11
54.56
54.57
54.90
54.80
55.11
55.38
54.56
54.75
54.88
53.83
54.23
53.99
54.12
54.38
54.69
54.75
55.23
55.35
55.26
55.42
55.40
55.44
55.21
55.26
55.40
55.57
55.18
55.02
54.83
55.13
55.01
54.66
54.57
54.45
54.71
55.13
55.25
55.66
55.54
55.54
55.25
55.09
55.09
54.87
54.47
54.59
55.37
55.35
55.30
55.32
55.28
55.40
55.42
55.20
55.11
54.83
54.73
54.71
54.87
54.83
54.78
55.06
54.97
55.20
55.40
54.99
55.09
55.33
55.51
55.54
55.76
55.59
55.47
55.37
55.52
55.35
55.40
55.38
55.06
55.13
55.30
55.25
55.21
55.14
54.25
54.21
54.26
54.11
54.42
54.21
54.42
54.69
54.95
55.06
55.14
55.01
54.90
54.88
54.92
54.85
54.80
54.75
54.56
54.45
54.83
54.95
55.28
55.23
55.33
55.06
55.38
55.35
55.33
55.44
55.38
55.20
55.13
55.16
55.32
55.56
55.78
55.61
55.51
55.73
55.73
55.57
55.26
55.42
55.30
55.63
55.57
55.40
55.64
55.83
55.87
55.95
55.83
55.66
55.57
55.40
55.30
55.20
55.16
55.18
55.01
55.35
55.40
55.44
55.68
55.92
55.68
55.57
55.78
55.49
55.68
55.37
55.14
55.37
54.99
54.92
55.14
55.11
55.18
55.33
55.02
55.14
55.52
55.16
54.87
54.80
54.95
55.47
55.61
55.45
55.52
55.73
55.23
55.30
55.37
55.45
55.32
55.38
55.02
54.92
55.40
54.94
54.95
54.94
54.83
54.59
54.85
55.06
55.07
54.87
54.99
54.76
55.33
55.01
54.88
55.16
55.33
55.33
54.99
55.14
55.02
55.01
54.82
54.71
54.59
55.01
54.97
54.76
54.83
54.68
54.76
54.52
55.02
54.82
54.76
54.97
54.75
55.02
55.32
55.23
54.83
55.20
55.01
54.49
55.11
55.13
55.26
55.49
55.47
55.49
55.59
55.63
55.66
55.73
55.06
55.14
55.30
55.09
55.09
55.02
55.47
54.88
54.99
54.94
55.02
55.30
55.45
55.26
55.23
55.64
55.11
54.90
54.73
55.02
55.20
55.07
54.90
54.87
55.16
55.40
55.57
55.73
55.35
55.35
55.16
55.01
54.90
55.13
55.35
55.35
54.99
54.99
54.85
54.90
54.94
55.11
55.13
55.26
55.02
55.40
55.64
55.20
55.38
55.25
55.06
55.16
55.45
55.09
55.38
55.44
55.82
55.90
55.99
55.99
54.95
55.06
55.25
55.06
54.90
54.37
54.66
54.76
54.83
54.30
54.54
54.68
54.95
55.09
55.26
55.14
55.59
55.57
55.47
55.75
55.32
55.32
55.16
55.26
55.47
55.40
55.38
55.37
55.18
55.18
54.99
55.02
55.11
54.75
55.01
54.80
54.69
54.87
54.94
54.92
54.90
54.57
54.66
54.94
54.75
54.75
54.80
55.14
55.18
55.16
55.09
55.06
54.99
55.42
55.33
54.92
55.26
55.06
55.28
55.28
55.33
55.20
55.37
55.73
55.68
55.71
55.85
56.08
55.85
55.73
55.85
55.64
55.59
55.68
56.23
55.89
55.75
55.56
55.45
55.49
55.45
55.38
55.57
55.80
56.02
55.76
55.75
55.68
55.61
55.52
55.40
55.70
55.85
55.89
56.11
56.06
55.64
55.37
55.59
55.30
55.38
55.70
55.64
55.92
55.71
55.49
55.78
55.51
55.70
55.71
55.61
55.40
55.37
55.40
55.45
55.45
55.59
55.63
55.87
55.54
55.64
55.89
55.57
55.64
55.59
55.64
55.66
55.99
56.04
55.70
55.87
55.76
55.89
56.20
56.32
56.28
56.42
56.14
55.90
56.08
56.04
56.32
56.02
56.37
56.30
56.14
55.97
55.85
56.04
56.01
55.71
55.94
55.90
55.83
55.80
55.94
56.08
55.89
55.97
55.64
55.61
55.82
55.78
55.54
55.68
55.80
55.61
55.38
55.23
55.33
55.21
55.32
55.44
55.18
55.35
55.33
54.73
55.06
55.04
54.95
55.13
54.94
54.80
54.90
55.30
55.21
55.07
55.02
54.59
54.85
54.75
54.69
54.50
54.37
54.45
54.49
54.80
54.63
54.59
54.73
54.80
55.33
55.14
55.18
55.30
55.07
54.88
54.63
54.52
54.64
54.97
55.13
55.33
55.40
55.38
55.49
55.54
55.57
55.47
55.35
55.54
55.44
55.16
55.37
55.56
55.92
55.92
56.08
55.90
55.83
55.99
56.14
56.09
55.99
55.87
55.89
56.18
56.30
56.28
56.18
56.27
56.37
56.27
56.30
56.20
56.04
55.99
56.11
55.70
55.75
55.75
55.63
56.11
56.16
56.30
56.42
56.49
56.06
56.01
56.35
56.37
56.02
55.95
55.61
55.85
55.76
56.11
56.25
56.32
56.14
55.75
55.83
55.99
56.04
56.30
56.45
56.39
56.09
56.04
56.14
55.97
55.82
55.49
55.40
55.57
55.57
56.06
56.14
55.90
55.97
55.71
55.66
55.70
55.83
55.73
55.94
55.75
55.45
55.16
55.30
55.42
55.49
55.32
55.40
55.44
55.75
56.09
55.68
55.73
55.87
56.21
56.45
56.64
56.51
56.45
56.80
56.77
56.58
56.18
56.06
56.01
56.33
56.44
56.33
56.02
55.97
56.08
56.54
56.61
56.56
56.58
56.40
56.70
56.37
56.30
56.28
55.99
55.95
56.09
56.42
56.56
56.80
56.61
55.73
55.25
55.32
55.59
55.71
55.68
55.97
56.08
56.06
56.54
56.28
56.21
56.11
56.30
56.35
56.52
56.61
56.47
56.18
56.42
56.44
56.77
56.75
56.70
56.71
56.54
56.39
55.90
56.09
56.59
56.68
56.87
56.85
56.56
56.25
56.18
56.58
56.45
56.63
56.63
56.35
56.33
56.11
56.08
56.47
56.49
56.51
56.23
56.27
56.28
56.63
56.58
56.68
56.66
56.58
56.66
56.51
56.82
56.56
56.32
56.25
56.35
56.23
56.25
56.59
56.16
56.58
56.39
56.25
56.14
56.20
56.42
56.37
56.63
56.70
56.56
56.45
56.73
56.70
56.78
56.68
56.51
56.37
56.51
56.87
56.94
56.89
56.58
56.63
56.97
57.08
56.87
56.80
56.59
56.54
56.47
56.92
56.71
56.87
57.02
57.20
57.34
57.09
56.70
56.51
56.33
56.87
56.71
56.66
56.58
56.66
56.80
57.02
57.11
57.08
56.77
56.59
56.85
56.96
56.92
56.94
56.77
56.80
56.71
56.75
56.89
57.15
57.28
57.28
57.42
57.49
57.44
57.35
56.96
57.23
57.20
56.89
56.89
57.01
57.11
57.21
57.23
57.15
56.89
56.64
56.64
56.54
56.66
56.70
56.89
57.49
56.92
56.49
56.35
56.01
56.25
56.30
56.33
56.25
56.47
56.44
56.64
56.96
56.77
56.87
56.78
56.63
56.35
56.61
56.49
56.40
56.52
56.68
56.96
56.96
57.11
56.82
56.85
56.75
56.42
56.64
56.30
56.35
56.21
56.25
56.02
56.14
55.73
55.78
56.25
56.94
56.80
56.80
56.73
56.64
56.68
56.54
56.37
56.30
56.30
56.40
56.61
56.47
56.13
56.30
56.27
56.59
56.61
56.54
56.70
56.56
56.75
56.85
56.61
56.59
56.78
56.83
56.80
56.75
56.96
57.30
56.97
57.01
56.64
56.21
56.33
56.68
56.83
56.78
56.78
56.94
57.23
57.42
57.09
57.35
57.23
57.08
57.01
57.01
56.89
57.15
56.87
57.08
56.64
56.89
56.85
56.68
56.73
57.06
56.87
56.82
56.54
56.64
56.80
56.70
56.59
56.64
56.80
56.63
56.33
56.54
56.75
56.61
56.56
56.58
56.75
56.92
56.92
57.02
57.02
56.71
56.92
56.94
57.34
57.20
57.37
57.37
57.42
57.58
57.47
57.46
57.18
57.42
57.08
56.92
56.96
56.68
56.87
56.75
56.63
56.71
56.89
56.61
56.70
56.92
56.80
56.89
56.82
57.16
57.04
56.94
57.11
56.89
56.92
57.02
56.64
56.54
56.87
56.87
56.85
56.73
56.77
56.94
56.92
57.04
57.11
57.27
57.44
57.08
57.08
56.97
56.90
57.02
56.83
56.77
56.44
56.33
56.42
56.54
56.49
56.97
56.44
56.42
56.25
56.23
56.42
57.01
56.94
56.89
56.58
56.61
56.94
56.77
56.47
56.49
56.52
56.52
56.08
55.89
55.89
55.87
55.92
56.16
55.92
56.25
56.02
56.01
56.25
56.30
55.99
55.92
56.04
56.28
56.16
56.18
56.54
56.66
56.58
56.58
56.64
56.85
56.89
56.99
57.28
57.32
57.44
57.35
57.54
57.30
56.90
56.94
57.02
57.02
57.04
57.21
57.13
57.15
57.47
57.58
57.63
57.47
57.42
57.90
57.75
57.61
57.66
57.70
57.68
57.63
57.73
57.68
57.90
57.80
57.71
57.56
57.20
57.15
56.87
57.25
57.01
57.08
57.35
57.13
57.32
57.11
57.15
57.39
57.40
57.28
57.42
57.21
57.21
57.32
57.46
57.30
57.73
57.70
57.56
57.63
57.71
57.87
57.37
57.90
57.37
57.40
57.68
57.71
57.49
57.63
57.28
57.18
57.63
57.77
57.85
57.59
57.54
57.97
57.84
57.40
57.58
57.58
57.51
57.40
57.49
57.40
57.70
57.58
57.53
57.46
57.58
57.37
57.82
57.51
57.63
57.54
57.13
57.15
57.39
57.34
57.39
57.87
57.78
57.51
57.53
57.58
57.51
57.49
57.40
57.23
56.99
57.30
57.28
57.23
57.32
57.35
57.32
57.04
57.15
57.30
57.18
57.39
57.44
57.51
57.42
57.47
57.51
57.34
57.66
57.97
57.89
57.85
57.66
57.71
57.70
57.65
57.77
57.78
57.97
57.96
57.73
57.18
57.32
57.34
57.11
56.90
57.51
57.58
57.75
57.85
57.89
57.71
57.75
57.42
57.28
57.54
57.37
57.56
57.39
57.34
57.20
56.96
56.66
56.82
56.97
56.85
57.23
57.27
57.32
57.27
57.42
57.23
57.09
57.28
57.15
57.23
57.40
57.49
56.96
57.15
57.21
57.20
57.18
57.47
57.35
57.44
57.23
57.02
56.92
57.47
57.61
57.28
57.32
57.42
57.01
56.94
57.25
57.23
57.30
57.20
56.97
57.11
57.34
56.96
57.15
57.39
57.27
56.99
57.44
57.37
57.58
57.39
57.63
57.47
57.66
57.68
57.80
58.03
57.90
57.77
58.09
58.01
58.03
57.80
57.84
57.77
57.89
57.68
57.68
57.85
58.01
57.53
57.94
58.04
58.03
58.28
57.49
57.58
57.71
57.51
57.49
58.04
58.25
58.68
58.70
58.77
58.63
58.49
58.54
58.47
58.68
58.68
58.66
58.60
58.47
58.46
58.44
58.35
58.77
58.82
58.66
58.54
58.63
58.63
58.77
58.72
58.66
58.66
58.70
58.68
58.73
58.72
58.66
58.56
58.30
58.16
57.78
57.73
57.71
57.75
57.63
57.68
57.97
58.01
58.01
57.61
57.75
58.08
58.11
58.04
58.08
58.04
58.22
58.04
57.70
58.11
58.42
58.32
58.34
58.30
58.60
58.54
58.47
58.42
58.49
58.44
58.23
58.23
58.27
58.03
58.53
58.61
58.72
58.54
58.30
58.41
58.30
58.09
58.42
58.41
58.58
58.73
58.34
58.30
58.18
57.97
57.73
57.46
57.56
57.51
57.73
57.70
57.58
57.58
57.71
57.80
57.58
57.30
57.15
57.23
57.65
57.58
57.46
57.54
57.49
57.49
57.56
57.61
57.61
57.65
57.54
57.63
57.63
57.56
57.49
57.11
56.54
56.75
56.56
56.85
56.90
57.09
56.83
56.87
56.99
56.96
57.11
57.21
57.53
57.75
57.84
57.59
57.42
57.37
57.51
57.49
57.51
57.65
57.35
57.54
57.44
57.11
56.90
56.99
56.97
56.89
57.34
57.21
57.16
57.32
57.75
57.70
57.73
57.71
57.54
57.56
57.40
57.44
57.56
57.23
57.15
57.20
57.37
57.34
57.06
57.51
57.49
57.70
57.66
57.70
57.63
57.70
57.51
57.59
57.85
57.63
57.84
57.97
57.97
57.75
57.65
57.66
57.90
57.90
57.96
57.84
57.87
57.92
58.13
58.60
58.46
58.66
58.63
58.30
58.47
58.18
58.20
58.34
58.60
58.65
58.58
58.41
58.46
58.46
58.47
58.22
58.25
58.44
58.65
58.34
58.15
58.46
58.78
58.60
58.65
58.91
58.65
58.58
58.78
58.66
58.97
58.37
58.03
58.23
58.27
58.25
58.30
58.15
57.97
58.16
58.16
58.09
58.06
58.06
58.04
58.49
58.63
58.60
58.47
58.35
58.35
58.04
58.27
58.25
58.15
58.06
57.90
58.37
58.28
57.94
58.23
58.35
58.13
58.34
57.94
58.41
58.35
58.56
58.63
58.78
58.92
58.58
58.18
58.15
58.04
57.63
56.97
57.32
57.42
57.61
57.70
57.84
57.89
58.01
58.37
58.35
58.42
58.49
58.84
58.54
58.46
58.18
58.39
58.37
58.78
58.51
58.37
58.27
58.41
58.53
58.30
58.25
58.41
58.44
58.39
58.41
58.44
58.28
58.61
58.54
58.61
58.61
58.56
58.51
58.39
58.34
58.30
58.11
57.73
57.56
57.66
57.78
57.97
58.09
58.08
57.92
57.70
57.99
57.96
58.27
58.16
58.01
57.77
57.39
57.94
58.06
57.90
57.94
58.11
58.22
58.13
57.94
58.04
58.41
58.13
58.13
57.85
57.75
57.71
57.73
57.71
57.35
57.54
57.99
58.04
58.22
58.37
58.23
58.30
58.11
57.85
57.96
58.32
58.27
57.85
58.03
58.23
58.20
58.37
58.42
58.27
58.42
58.32
58.47
58.65
58.42
58.44
58.58
58.08
58.20
57.73
58.20
58.34
58.35
58.72
58.44
58.44
58.73
58.89
58.78
58.61
58.60
58.82
58.68
58.73
58.89
58.92
58.96
58.89
58.89
59.18
59.01
58.97
58.89
58.97
58.92
58.82
58.84
58.78
58.54
58.13
58.30
58.30
58.27
58.66
58.75
58.73
58.78
58.61
58.73
59.10
59.15
59.03
59.03
59.06
58.94
59.25
59.22
59.22
58.92
59.37
59.39
59.44
59.22
59.27
59.13
58.87
59.03
58.89
59.27
59.04
59.22
59.04
59.16
59.08
59.15
59.11
59.23
59.06
58.89
58.82
58.73
58.73
58.85
58.89
58.80
58.77
59.06
58.53
58.51
58.61
58.66
58.53
58.60
58.47
58.34
58.46
58.60
58.42
58.37
58.47
58.44
58.47
58.97
59.03
58.60
58.96
58.35
58.32
58.77
58.89
58.97
58.92
58.75
58.68
58.75
58.91
59.18
58.99
58.97
59.04
58.80
59.03
59.29
59.39
59.48
59.34
59.42
59.35
59.20
59.44
59.53
59.35
59.46
59.22
59.41
59.34
59.30
59.46
59.56
59.67
59.63
59.61
59.41
59.51
59.20
59.01
59.29
59.42
59.32
59.27
59.37
59.53
59.48
59.49
59.48
59.49
59.18
59.48
59.13
59.25
59.30
59.29
59.42
59.46
59.54
59.68
59.68
59.63
59.65
59.87
59.53
59.58
59.54
59.49
59.60
59.65
59.35
59.22
58.91
58.92
58.82
59.08
59.15
59.13
59.20
59.30
59.25
59.23
59.25
59.08
59.01
59.08
59.03
59.29
59.37
59.15
59.32
59.51
59.32
59.37
59.86
59.75
59.48
59.44
59.37
59.35
59.51
59.86
59.77
59.70
59.58
59.63
59.67
59.79
59.84
59.58
59.75
59.80
59.91
59.89
59.92
59.91
60.15
60.13
60.13
60.03
60.08
60.42
60.46
60.32
59.99
59.79
59.18
59.13
59.34
59.54
59.49
59.70
59.56
59.75
59.82
59.58
59.51
59.67
59.65
59.35
59.32
59.41
59.34
59.39
59.35
59.44
59.44
59.49
59.53
59.70
59.92
60.18
60.17
60.23
60.13
60.10
60.22
60.20
59.94
59.91
59.79
60.17
60.10
60.08
59.91
59.99
60.10
59.84
59.96
59.91
60.36
60.30
60.20
60.17
60.10
59.91
59.89
59.80
59.65
60.03
60.10
59.99
59.91
60.10
60.06
59.84
59.77
59.87
59.96
60.13
60.37
59.89
59.51
59.80
59.84
59.98
59.96
59.92
59.75
59.53
59.63
59.54
59.82
59.72
59.98
59.73
59.53
59.56
59.67
59.96
60.17
60.06
60.23
60.08
60.01
60.10
60.48
60.29
60.23
60.01
59.79
59.92
59.73
59.54
59.41
59.51
59.56
59.60
59.79
59.63
59.79
60.20
59.99
60.06
59.98
60.04
60.42
60.41
59.87
59.98
59.87
59.65
59.94
60.10
59.96
60.11
60.15
60.48
60.58
60.56
60.53
60.34
60.18
59.99
59.91
59.91
59.56
59.98
60.03
60.17
60.39
60.34
60.30
60.23
60.49
60.13
59.96
59.98
60.03
60.15
59.94
59.72
59.54
59.18
59.29
59.18
59.34
59.65
59.80
59.72
59.84
59.80
59.72
59.56
59.41
59.51
59.72
59.77
59.79
59.80
59.35
59.48
59.75
59.86
59.60
59.84
60.20
60.08
59.82
59.80
59.44
59.60
59.04
59.67
59.61
59.44
59.84
59.37
59.22
59.54
59.23
59.15
59.27
59.27
59.01
59.10
58.97
58.91
58.73
58.60
58.96
59.29
59.13
59.16
59.25
59.20
59.22
59.10
59.34
59.44
59.29
59.16
59.13
59.23
59.22
59.41
59.68
59.51
59.68
59.77
59.72
59.61
59.54
59.61
59.27
58.99
58.99
59.01
59.18
58.82
58.92
59.16
59.27
59.65
59.44
59.39
58.87
58.51
58.87
59.25
59.32
59.10
59.37
59.18
59.08
58.82
58.75
58.97
58.99
58.97
58.92
58.94
58.91
58.96
58.61
58.85
58.97
58.97
58.85
59.22
59.32
59.15
59.04
59.39
59.27
59.08
59.13
59.27
59.23
59.25
59.01
59.13
59.18
59.27
59.63
59.44
59.16
59.23
59.22
59.23
59.32
59.20
59.34
59.44
59.35
59.37
59.58
59.44
59.44
59.58
59.39
59.58
59.46
59.70
59.49
59.46
59.58
59.49
59.46
59.34
59.34
59.37
59.65
59.79
59.75
59.60
59.56
59.79
59.68
59.67
59.54
59.54
59.72
59.56
59.72
59.72
59.77
59.87
60.08
60.13
60.18
60.08
59.86
59.65
59.79
59.79
60.18
60.01
60.13
59.94
59.61
59.29
59.25
59.42
59.46
59.49
59.79
59.72
59.46
59.51
59.65
59.58
59.58
59.65
59.73
59.73
59.72
59.65
59.53
59.48
59.44
59.61
59.51
59.46
59.23
59.44
59.04
59.22
59.13
59.29
59.08
58.84
58.85
58.96
58.99
59.03
58.97
59.46
59.48
59.63
59.39
59.58
59.72
59.84
59.60
59.77
59.65
59.73
59.73
59.67
59.46
59.32
59.65
59.53
59.53
59.27
59.25
59.75
59.46
59.60
58.99
58.99
59.23
59.35
59.49
59.34
59.06
58.68
58.60
58.66
59.03
59.04
59.48
59.75
59.60
59.92
59.60
59.51
59.82
59.63
59.49
59.48
59.53
59.30
59.25
59.13
58.72
58.77
58.94
58.97
58.97
59.22
58.87
58.82
58.78
58.77
58.44
58.47
58.35
58.18
58.20
58.46
58.61
58.63
58.68
58.77
58.82
58.61
58.85
58.70
59.04
58.94
59.27
59.46
59.37
59.34
59.27
59.06
59.10
59.54
59.65
59.44
59.49
59.63
59.35
59.23
59.10
59.15
59.46
59.49
59.08
59.03
59.39
59.25
59.35
59.20
59.03
59.11
58.87
58.96
58.82
58.89
59.11
58.60
58.99
59.35
59.48
59.41
59.06
58.72
58.77
58.47
58.58
58.66
59.11
59.13
59.27
59.49
59.60
59.15
58.85
59.06
59.01
58.99
59.29
59.34
59.32
59.13
59.18
59.20
59.20
59.04
58.66
58.72
58.58
58.58
58.34
59.04
59.11
58.99
58.99
58.75
58.75
58.87
58.94
59.27
59.32
59.46
59.63
59.60
59.41
59.35
59.58
59.73
59.63
59.72
59.35
59.35
59.63
59.87
59.89
59.79
59.80
59.51
59.35
59.58
59.44
59.01
58.89
59.22
59.42
58.97
59.30
59.27
59.10
59.01
58.94
58.58
59.04
59.01
59.18
59.22
59.48
59.75
59.61
59.48
58.54
58.89
58.65
58.63
59.37
59.30
59.39
59.25
59.01
59.08
59.42
59.42
59.23
59.42
59.51
59.61
59.92
59.48
59.56
59.53
59.22
59.73
59.68
59.41
60.03
60.20
60.03
59.91
59.63
59.60
59.89
60.32
60.53
60.46
60.74
60.68
60.82
60.72
60.91
60.96
61.05
60.56
60.17
60.39
60.36
60.41
60.25
59.94
59.89
60.18
60.20
60.32
60.36
60.41
60.37
60.39
60.46
60.51
60.65
60.41
60.18
60.22
60.39
60.41
60.72
60.58
60.68
60.25
60.29
60.74
60.27
60.36
60.30
60.42
60.49
60.37
60.41
60.91
60.60
60.68
60.60
60.56
60.48
60.46
60.27
60.37
60.37
60.48
60.70
60.49
60.48
60.68
60.79
60.56
60.48
60.70
60.63
60.65
60.58
60.67
60.44
60.68
60.53
60.27
60.34
60.65
60.61
60.63
60.60
60.32
60.27
60.17
60.08
60.20
60.36
60.65
61.05
60.72
60.70
60.63
60.79
60.56
60.49
59.98
60.08
60.11
60.30
60.41
60.48
60.27
60.11
60.29
60.20
60.22
60.72
60.80
60.75
60.82
60.82
60.87
60.86
61.01
60.93
60.99
60.60
60.98
60.87
60.86
60.56
60.82
61.05
61.20
60.87
60.77
60.94
61.03
60.79
60.70
60.86
60.55
60.18
60.41
60.36
60.46
60.79
60.72
61.11
61.25
61.17
61.18
61.32
61.11
61.01
61.27
61.20
61.18
61.06
61.24
61.36
61.25
61.20
61.11
61.55
61.46
61.20
61.05
60.99
61.24
61.08
60.82
61.01
60.91
61.01
60.94
61.17
61.20
61.06
61.29
61.46
61.65
61.72
61.37
61.27
61.22
61.36
61.43
61.24
61.08
61.08
61.08
61.08
61.06
60.61
60.77
60.87
60.89
60.84
61.01
60.72
60.82
60.79
61.05
61.17
61.06
61.18
61.05
61.10
61.24
61.30
61.43
61.48
61.30
61.32
61.41
61.06
61.06
61.17
61.18
61.03
61.05
61.37
61.11
61.17
61.36
60.72
60.53
60.99
61.08
60.96
61.05
60.96
60.61
60.87
60.93
60.93
60.68
60.51
60.55
60.44
60.36
60.72
60.55
60.55
60.41
60.65
60.68
60.67
60.55
60.70
60.51
60.74
60.67
60.44
60.48
60.70
60.79
60.79
60.67
60.79
60.87
60.91
60.27
60.11
60.04
60.29
60.29
60.20
60.22
60.39
60.48
60.56
60.56
60.48
60.68
60.56
60.56
60.41
60.46
60.48
60.44
60.34
60.56
60.42
60.55
60.55
60.80
60.75
60.72
60.75
60.84
60.94
60.72
60.91
61.22
61.20
61.03
61.27
61.15
61.20
61.25
61.18
61.43
61.32
61.25
61.32
61.34
61.24
61.17
61.25
61.29
61.22
61.34
61.39
61.46
61.48
61.34
61.25
61.18
61.34
61.06
61.22
61.49
61.32
61.44
61.49
61.06
61.15
61.51
61.39
61.39
61.11
61.34
61.13
60.86
60.79
60.70
60.65
60.51
60.41
60.36
60.27
59.99
59.94
60.17
60.13
60.36
60.29
60.10
59.91
59.80
60.15
60.15
60.55
60.55
60.22
60.20
60.34
60.42
60.53
60.34
60.48
59.99
60.08
60.01
60.22
60.27
59.96
59.86
59.91
59.87
59.82
59.39
59.60
59.80
60.10
59.87
59.77
59.99
60.11
60.22
59.94
60.01
60.08
59.61
59.98
60.10
60.18
60.15
60.01
60.01
60.13
60.13
59.68
59.60
59.58
59.86
59.73
59.73
59.91
59.89
59.91
60.01
59.92
60.11
60.20
60.32
60.23
60.36
60.23
60.11
60.20
60.20
59.92
60.34
60.44
60.39
60.48
60.41
60.60
60.10
59.86
59.91
59.89
59.94
60.32
60.44
60.37
60.55
61.10
60.91
61.06
60.87
61.03
61.20
61.20
61.24
61.08
61.13
61.10
60.87
60.84
60.77
