0.52
0.52
0.52
0.52
0.52
0.52
0.52
0.52
0.52
0.52
0.52
0.45
0.47
0.52
0.52
0.52
0.52
0.52
0.52
0.52
0.52
0.52
0.52
0.52
0.52
0.52
0.52
0.52
0.52
0.52
0.52
0.52
0.52
0.52
0.52
0.57
0.59
0.62
0.69
0.71
0.76
0.78
0.81
0.83
0.81
0.83
0.85
0.81
0.81
0.83
0.83
0.83
0.83
0.83
0.85
0.83
0.83
0.83
0.85
0.83
0.83
0.83
0.83
0.83
0.81
0.83
0.83
0.83
0.90
0.88
0.88
0.90
0.91
0.91
0.98
1.02
1.05
1.05
1.07
1.09
1.05
1.07
1.07
1.09
1.09
1.09
1.07
1.09
1.09
1.09
1.07
1.07
1.07
1.09
1.12
1.31
1.38
1.36
1.43
1.47
1.45
1.42
1.42
1.42
1.42
1.42
1.45
1.45
1.45
1.43
1.43
1.43
1.43
1.43
1.45
1.45
1.45
1.45
1.45
1.45
1.45
1.45
1.42
1.42
1.45
1.45
1.45
1.50
1.54
1.59
1.62
1.66
1.67
1.74
1.79
1.83
1.83
1.83
1.83
1.83
1.81
1.81
1.81
1.83
1.83
1.83
1.83
1.81
1.81
1.83
1.83
1.83
1.83
1.85
1.86
1.85
1.81
1.85
1.90
1.95
1.95
2.00
1.95
1.85
1.76
1.67
1.64
1.62
1.62
1.62
1.62
1.66
1.71
1.73
1.78
1.78
1.79
1.79
1.83
1.86
1.86
1.86
1.88
1.92
1.95
1.97
1.98
1.98
2.00
2.16
2.28
2.14
2.17
2.09
2.11
2.14
2.14
2.16
2.17
2.24
2.24
2.30
2.31
2.31
2.36
2.33
2.31
2.31
2.31
2.31
2.30
2.30
2.31
2.31
2.31
2.31
2.33
2.31
2.33
2.33
2.35
2.35
2.47
2.50
2.52
2.50
2.45
2.43
2.45
2.49
2.50
2.50
2.54
2.57
2.59
2.59
2.59
2.59
2.61
2.61
2.61
2.62
2.62
2.61
2.62
2.62
2.62
2.62
2.62
2.64
2.66
2.69
2.78
2.81
2.66
2.64
2.66
2.74
2.85
2.93
2.92
2.92
2.99
3.04
3.04
3.05
3.09
3.09
3.09
3.09
3.11
3.09
3.05
3.07
3.07
3.07
3.05
3.04
3.12
3.24
3.31
3.31
3.23
3.16
3.11
3.12
3.12
3.18
3.18
3.24
3.28
3.33
3.37
3.38
3.38
3.38
3.37
3.35
3.33
3.33
3.33
3.31
3.33
3.35
3.35
3.35
3.37
3.38
3.35
3.42
3.52
3.43
3.45
3.45
3.45
3.37
3.37
3.30
3.31
3.38
3.38
3.40
3.43
3.47
3.49
3.54
3.56
3.59
3.61
3.62
3.62
3.64
3.62
3.64
3.66
3.66
3.64
3.64
3.68
3.78
3.88
3.92
3.99
3.92
3.80
3.78
3.76
3.76
3.76
3.78
3.80
3.81
3.83
3.83
3.85
3.87
3.83
3.85
3.85
3.87
3.88
3.88
3.87
3.85
3.87
4.02
4.21
4.07
4.04
4.07
4.16
4.19
4.25
4.21
4.18
4.18
4.19
4.18
4.19
4.19
4.19
4.18
4.16
4.12
4.07
4.06
4.09
4.12
4.12
4.12
4.14
4.16
4.18
4.19
4.21
4.42
4.63
4.69
4.69
4.73
4.76
4.80
4.83
4.85
4.87
4.87
4.88
4.88
4.88
4.87
4.88
4.88
4.88
4.87
4.87
4.88
4.87
4.88
4.92
4.90
4.87
4.87
4.90
4.95
5.09
5.21
4.92
4.83
4.90
5.07
5.20
5.23
5.32
5.35
5.33
5.32
5.26
5.23
5.11
5.02
5.04
5.06
5.20
5.25
5.25
5.25
5.25
5.25
5.26
5.25
5.25
5.30
5.33
5.28
5.47
5.57
5.59
5.47
5.40
5.49
5.52
5.56
5.64
5.66
5.68
5.66
5.57
5.54
5.52
5.57
5.56
5.57
5.57
5.68
5.70
5.68
5.66
5.57
5.59
5.54
5.56
5.61
5.73
5.95
5.87
5.87
5.94
6.01
6.18
6.13
6.11
6.09
6.13
6.04
5.95
5.85
5.83
5.78
5.82
5.83
5.90
5.97
6.01
6.01
6.04
6.04
6.08
6.09
6.11
6.11
6.11
6.14
6.18
6.13
6.14
6.21
6.25
6.16
6.11
6.08
6.14
6.21
6.23
6.23
6.25
6.32
6.30
6.32
6.30
6.30
6.28
6.25
6.25
6.27
6.27
6.27
6.27
6.27
6.27
6.28
6.33
6.35
6.39
6.39
6.51
6.58
6.52
6.47
6.49
6.45
6.56
6.61
6.66
6.78
6.75
6.83
6.89
6.85
6.89
6.87
6.82
6.85
6.85
6.85
6.87
6.87
6.89
6.89
6.87
6.83
6.83
6.78
6.68
6.68
6.83
7.02
7.02
7.08
7.11
7.09
7.01
7.08
7.18
7.20
7.20
7.20
7.23
7.21
7.23
7.21
7.23
7.23
7.23
7.25
7.25
7.27
7.27
7.27
7.27
7.25
7.23
7.21
7.18
7.20
7.20
7.32
7.44
7.44
7.44
7.30
7.23
7.28
7.30
7.30
7.32
7.35
7.35
7.40
7.42
7.42
7.40
7.44
7.49
7.53
7.58
7.53
7.49
7.51
7.54
7.59
7.59
7.58
7.61
7.89
7.99
7.94
7.90
7.90
7.87
7.89
7.89
7.89
7.94
7.96
7.96
7.99
8.04
8.01
7.99
8.01
8.03
8.03
8.03
8.03
8.03
8.06
8.08
8.08
8.08
8.06
8.09
8.08
8.13
8.13
8.15
8.11
7.85
7.80
7.96
8.09
8.22
8.25
8.30
8.35
8.34
8.42
8.42
8.46
8.32
8.32
8.34
8.30
8.27
8.22
8.22
8.20
8.16
8.18
8.18
8.18
8.15
8.23
8.25
8.28
8.37
8.28
8.20
8.08
8.11
8.13
8.23
8.25
8.27
8.27
8.27
8.30
8.30
8.32
8.27
8.28
8.27
8.13
8.15
8.15
8.15
8.11
8.04
8.16
8.18
8.18
8.23
8.32
8.34
8.37
8.44
8.49
8.66
8.66
8.61
8.68
8.70
8.63
8.58
8.54
8.51
8.42
8.46
8.44
8.44
8.51
8.49
8.58
8.61
8.61
8.63
8.61
8.56
8.65
8.60
8.46
8.42
8.39
8.34
8.44
8.47
8.46
8.51
8.61
8.63
8.72
8.80
8.85
8.87
8.85
8.87
9.04
9.03
9.06
9.06
9.06
9.11
9.10
9.08
9.06
9.13
9.10
9.11
9.10
8.96
8.89
8.89
8.96
9.16
9.16
9.13
8.92
8.91
9.01
9.04
9.11
9.10
9.20
9.27
9.29
9.34
9.23
9.03
9.06
9.10
9.16
9.20
9.18
9.20
9.25
9.32
9.37
9.39
9.37
9.29
9.08
9.03
9.08
9.25
9.63
9.77
9.67
9.61
9.75
9.92
9.98
9.98
9.96
9.96
9.92
9.98
9.92
9.94
9.94
9.96
9.92
9.86
9.86
9.80
9.82
9.89
9.84
9.86
9.87
9.87
9.86
9.91
9.94
9.92
10.10
10.20
10.18
10.08
10.18
10.06
9.99
9.89
9.96
9.94
10.03
10.13
10.03
9.94
10.01
10.15
10.29
10.30
10.36
10.36
10.32
10.29
10.27
10.17
10.10
9.92
9.94
10.15
10.20
10.15
9.98
10.01
10.04
9.87
9.72
9.68
9.56
9.67
9.60
9.63
9.75
9.86
9.92
9.91
9.99
10.01
10.03
9.99
9.98
9.98
9.89
9.92
10.03
10.03
9.99
9.89
9.94
10.13
10.13
10.04
10.10
10.20
10.15
10.08
10.11
10.04
10.13
10.17
10.18
10.27
10.25
10.39
10.36
10.39
10.49
10.55
10.60
10.67
10.70
10.65
10.68
10.74
10.75
10.77
10.82
10.79
10.79
10.80
10.80
10.86
10.84
10.86
10.72
10.75
10.60
10.68
10.72
10.72
10.77
10.79
10.86
10.87
10.94
10.77
10.77
10.80
10.80
10.84
10.84
10.80
10.79
10.75
10.77
10.68
10.70
10.68
10.67
10.63
10.77
10.70
10.77
10.80
10.67
10.29
10.32
10.53
10.51
10.49
10.51
10.58
10.82
10.91
10.98
10.96
10.77
10.77
10.84
11.11
11.13
11.03
10.99
10.98
10.89
10.87
10.89
10.79
10.82
10.84
10.93
10.96
11.01
11.20
11.10
11.11
11.18
11.29
11.25
11.37
11.39
11.34
11.30
11.32
11.37
11.37
11.34
11.39
11.37
11.37
11.36
11.46
11.32
11.27
11.22
11.24
11.24
11.24
11.29
11.39
11.46
11.49
11.84
11.55
11.36
11.51
11.58
11.70
11.74
11.72
11.84
11.91
11.91
11.84
11.84
11.77
11.87
11.84
11.91
11.94
11.96
11.98
12.05
12.06
12.03
12.00
12.05
12.00
12.01
12.06
12.05
12.08
12.13
12.31
12.43
12.43
12.43
12.55
12.55
12.62
12.56
12.53
12.53
12.55
12.53
12.55
12.58
12.56
12.56
12.55
12.55
12.58
12.58
12.58
12.58
12.60
12.60
12.65
12.65
12.72
12.69
12.58
12.63
12.74
12.39
12.29
12.37
12.44
12.24
12.25
12.29
12.37
12.32
12.29
12.32
12.32
12.37
12.37
12.41
12.46
12.53
12.55
12.51
12.39
12.31
12.22
12.22
12.17
12.17
12.19
12.27
12.32
12.43
12.29
12.44
12.58
12.55
12.48
12.53
12.44
12.51
12.69
12.75
12.81
12.67
12.67
12.65
12.60
12.75
12.84
12.81
12.88
12.94
12.88
12.81
12.84
12.81
12.84
12.84
12.94
12.74
12.82
12.81
12.82
12.96
13.08
13.10
13.05
12.60
12.93
13.00
13.05
12.84
12.69
12.75
12.77
12.96
12.96
12.65
12.77
12.79
12.62
12.79
13.05
13.10
13.00
12.94
13.00
12.89
12.84
12.74
12.81
12.91
12.93
12.94
12.88
12.93
12.89
12.75
12.50
12.51
12.67
12.72
12.88
13.10
13.12
13.03
13.17
13.08
13.03
13.12
13.22
13.20
13.26
13.22
13.19
13.10
13.00
12.86
12.89
12.94
12.93
12.82
12.86
12.81
12.86
12.93
13.08
13.17
13.29
13.32
13.38
13.32
13.36
13.41
13.48
13.46
13.53
13.50
13.58
13.58
13.62
13.62
13.55
13.53
13.58
13.60
13.62
13.57
13.53
13.44
13.48
13.65
13.60
13.43
13.46
13.53
13.38
13.38
13.34
13.27
13.36
13.39
13.41
13.50
13.51
13.53
13.57
13.57
13.62
13.62
13.65
13.67
13.77
13.76
13.74
13.70
13.79
13.79
13.69
13.69
13.48
13.36
13.36
13.29
13.34
13.46
13.27
13.36
13.29
13.24
13.32
13.26
13.29
13.26
13.17
13.15
13.12
13.15
13.13
13.19
13.19
13.12
13.12
13.17
13.03
13.13
13.10
13.22
13.22
13.13
13.38
13.29
13.22
13.29
13.38
13.38
13.46
13.46
13.43
13.43
13.43
13.62
13.57
13.63
13.62
13.62
13.77
13.74
13.82
13.81
13.84
13.77
13.82
13.86
13.89
13.93
13.93
13.84
13.76
13.72
13.69
13.76
13.74
13.91
13.86
13.77
13.86
13.86
13.95
13.98
13.98
13.93
14.08
14.12
14.14
14.08
14.12
14.19
14.24
14.26
14.27
14.12
14.24
14.26
14.31
14.36
14.38
14.39
14.39
14.27
14.45
14.64
14.43
14.26
14.43
14.52
14.72
14.70
14.77
14.72
14.84
14.84
14.91
14.84
14.81
14.84
14.83
14.81
14.84
14.86
14.84
14.89
14.86
14.86
14.88
14.89
14.83
14.89
14.95
14.96
15.07
15.22
15.12
15.03
15.03
15.22
15.17
15.17
15.19
15.26
15.27
15.26
15.22
15.26
15.29
15.38
15.27
15.31
15.36
15.36
15.34
15.36
15.40
15.43
15.46
15.48
15.52
15.48
15.55
15.60
15.59
15.81
15.69
15.55
15.48
15.62
15.67
15.76
15.83
15.79
15.84
15.91
15.93
15.90
15.93
15.90
16.00
15.96
15.91
15.95
15.95
16.02
16.05
16.03
16.07
16.03
16.07
16.14
16.14
16.17
16.05
15.71
15.59
15.50
15.60
15.55
15.52
15.55
15.67
15.46
15.26
15.50
15.72
15.77
15.84
15.74
15.72
15.72
15.74
15.72
15.59
15.57
15.55
15.72
15.77
15.81
15.90
15.90
15.93
15.95
15.91
16.15
16.69
16.64
16.66
16.55
16.43
16.31
16.22
16.22
16.17
16.36
16.40
16.36
16.34
16.29
16.33
16.36
16.38
16.47
16.47
16.53
16.52
16.53
16.52
16.53
16.55
16.53
16.60
16.36
16.38
16.33
16.43
16.34
16.33
16.31
16.47
16.48
16.55
16.47
16.36
16.57
16.48
16.43
16.53
16.59
16.67
16.72
16.57
16.86
16.93
16.88
16.86
16.72
16.62
16.85
16.76
16.74
16.72
16.69
16.81
16.86
16.79
16.76
16.83
16.79
16.79
16.85
16.79
16.95
16.86
17.09
16.85
16.74
16.91
16.98
16.98
16.97
16.97
17.03
17.09
17.09
16.98
17.03
16.97
16.98
16.90
16.95
17.00
16.91
16.69
16.64
16.91
16.93
16.83
16.86
16.97
16.93
17.03
17.07
17.05
17.07
17.16
17.16
17.17
17.16
17.09
17.12
17.12
17.02
17.05
17.07
17.22
17.29
17.31
17.31
17.38
17.33
17.16
16.83
16.67
16.97
16.98
17.05
17.09
16.88
16.97
16.95
17.35
17.19
17.03
16.95
16.97
16.98
17.00
16.95
17.14
17.05
17.02
16.86
16.98
16.90
16.83
16.86
17.02
17.05
17.10
16.97
17.03
16.85
17.00
16.93
16.72
17.14
17.31
17.31
17.36
17.19
17.10
17.22
17.31
17.33
17.38
17.33
17.57
17.69
17.66
17.62
17.64
17.69
17.69
17.69
17.67
17.66
17.73
17.73
17.71
17.76
17.71
17.76
17.67
17.54
18.02
17.86
17.81
17.83
17.78
17.98
18.09
18.04
17.85
18.10
18.00
18.02
18.00
18.21
18.21
18.16
18.07
18.17
18.21
18.19
18.23
18.21
18.24
18.29
18.38
18.31
18.31
18.26
18.36
18.24
17.93
18.04
18.17
18.31
18.47
18.47
18.54
18.62
18.69
18.64
18.48
18.45
18.45
18.40
18.43
18.47
18.43
18.29
18.10
18.35
18.50
18.50
18.38
18.45
18.66
18.35
18.00
17.97
18.12
18.31
17.62
18.14
18.16
18.42
18.57
18.57
18.74
18.57
18.92
18.80
18.78
18.62
18.47
18.21
18.17
18.26
18.29
18.24
18.33
18.50
18.64
18.66
18.88
18.90
18.99
19.04
19.04
18.93
18.74
19.05
18.95
18.54
18.66
18.92
18.95
18.83
18.81
18.86
18.90
18.85
19.04
19.00
19.04
19.07
19.07
19.12
19.23
19.26
19.23
19.21
19.23
19.18
19.21
19.16
18.92
18.95
19.11
18.93
18.73
18.97
18.78
18.90
18.78
18.61
18.62
18.67
18.85
18.71
18.86
19.21
19.18
18.99
19.02
19.14
19.30
19.21
19.36
19.26
19.26
19.19
19.31
19.36
19.30
19.38
19.35
19.24
19.14
19.04
19.18
19.23
19.33
19.38
19.35
19.24
19.18
19.19
19.04
19.16
19.33
19.31
19.28
19.43
19.66
19.76
19.81
19.69
19.83
19.92
19.68
19.55
19.49
19.57
19.54
19.19
19.16
19.28
19.26
19.42
19.47
19.68
19.93
19.68
19.73
19.68
19.68
19.49
19.50
19.55
19.55
19.78
19.78
19.87
19.61
19.38
19.61
19.59
19.73
19.76
19.66
19.71
19.74
19.66
19.68
19.74
19.73
19.76
19.78
19.80
19.73
20.06
20.11
20.09
19.97
19.62
19.24
19.54
19.71
19.97
20.06
20.07
20.02
19.85
20.00
20.16
20.19
20.12
20.07
20.02
20.02
20.04
20.11
20.14
20.11
20.14
20.06
20.18
20.26
20.30
19.95
19.74
19.87
19.83
19.83
19.76
19.76
19.62
19.76
19.90
19.92
19.92
19.78
19.78
19.73
19.85
19.83
19.81
19.69
19.87
19.93
19.90
19.92
20.00
19.92
19.95
20.04
20.19
20.19
20.28
20.18
20.25
20.12
19.99
19.99
20.16
19.90
19.71
20.02
20.00
19.66
19.81
20.07
20.18
19.99
20.07
20.04
20.16
20.31
20.30
20.33
20.43
20.18
20.07
20.06
20.06
20.18
20.30
20.45
20.38
20.61
20.87
20.68
20.76
20.52
20.56
20.76
20.87
20.57
20.52
20.88
20.88
20.69
20.54
20.56
20.57
20.73
20.71
20.43
20.43
20.64
20.78
20.76
20.78
20.61
20.68
20.57
20.42
20.80
20.56
20.87
20.80
20.83
20.69
20.83
21.02
21.11
21.09
21.02
20.99
20.97
20.97
20.99
20.90
20.95
20.97
21.14
21.06
21.13
20.92
20.97
20.94
20.99
21.04
21.06
21.00
21.13
21.16
21.21
21.09
20.99
20.97
20.83
20.92
21.40
21.28
21.26
21.28
21.47
21.23
21.30
21.42
21.38
21.42
21.37
21.40
21.33
21.42
21.52
21.28
21.23
21.21
21.19
21.26
21.07
20.97
21.14
21.21
21.19
21.32
21.42
21.37
21.11
21.00
21.32
21.37
21.59
21.33
21.07
21.07
21.21
21.26
21.19
21.14
21.07
21.30
21.35
21.23
21.38
21.33
21.28
21.18
21.16
21.28
21.49
21.54
21.52
21.33
21.49
21.38
21.51
21.45
21.63
21.59
21.57
21.42
21.64
21.73
21.83
21.92
21.92
21.75
21.85
21.83
21.80
21.76
21.73
21.69
21.69
21.59
21.57
21.71
21.75
21.83
21.80
21.76
21.71
21.82
21.90
22.07
21.95
21.75
21.51
21.30
21.71
21.66
21.45
21.19
21.44
21.63
21.61
21.44
21.56
21.78
21.90
21.82
21.94
21.85
21.85
21.82
21.97
21.90
21.80
21.83
21.76
21.75
21.94
21.99
21.88
21.73
21.44
21.51
21.80
21.87
21.76
21.42
21.59
21.76
21.68
21.73
21.78
22.09
22.18
21.97
21.90
21.90
21.92
21.75
21.92
21.85
21.88
21.87
21.94
22.11
22.07
22.09
22.07
22.07
22.04
22.09
21.97
22.07
21.97
21.78
22.02
22.44
22.54
22.56
22.61
22.37
22.33
22.45
22.54
22.58
22.39
22.52
22.58
22.80
22.76
22.68
22.68
22.75
22.83
22.92
22.92
22.94
22.92
22.83
22.90
22.70
22.61
23.02
23.06
23.04
22.76
22.82
22.85
22.73
22.90
22.80
22.63
22.54
22.59
22.68
22.76
22.94
22.94
22.94
22.82
22.80
22.80
22.95
23.11
23.20
23.23
23.39
23.42
23.40
23.44
23.46
23.46
23.32
23.37
23.39
23.42
23.39
23.02
23.35
23.30
23.28
23.37
23.25
23.39
23.40
23.54
23.56
23.46
23.16
22.94
23.02
22.89
23.16
23.32
23.02
23.23
23.39
23.40
23.46
23.49
23.23
23.18
23.09
23.39
23.14
23.44
23.73
23.49
23.47
23.47
23.49
22.95
23.14
23.44
23.82
23.56
23.54
23.44
23.33
23.28
23.42
23.65
23.47
23.27
23.23
23.30
23.18
23.47
23.23
23.08
22.99
22.89
23.11
23.08
23.23
23.44
23.44
23.46
23.30
23.20
23.14
23.23
23.20
23.06
23.39
23.47
23.49
23.52
23.82
23.66
23.75
23.78
23.65
23.14
23.09
23.37
23.30
23.37
23.40
23.42
23.49
23.47
23.59
23.44
23.46
23.58
23.42
23.52
23.87
23.71
23.49
23.58
23.78
23.89
23.87
23.89
23.84
24.06
24.06
23.96
24.02
24.08
23.92
23.90
23.75
24.01
24.01
23.96
23.90
24.11
24.34
24.63
24.46
24.13
24.23
24.30
24.39
24.32
24.42
24.44
24.49
24.46
24.70
24.87
24.91
24.75
24.40
24.30
24.44
24.53
24.75
24.54
24.72
24.85
24.78
24.58
24.68
24.39
24.35
24.78
24.30
24.27
24.28
24.40
24.06
24.21
24.08
24.27
24.34
24.37
24.56
24.61
24.56
24.65
24.63
24.73
24.58
24.56
24.70
24.47
24.49
24.82
24.82
24.65
24.37
24.40
24.35
24.59
24.70
24.91
25.08
25.01
25.03
25.30
25.20
25.27
25.37
25.42
25.44
25.41
25.46
25.44
25.53
25.66
25.56
25.56
25.61
25.60
25.61
25.65
25.66
25.73
25.63
25.68
25.72
25.73
25.72
25.61
25.53
25.72
25.80
25.94
25.80
25.65
25.72
25.75
25.75
25.58
25.58
25.65
25.77
25.72
25.68
25.63
25.63
25.72
25.54
25.34
25.65
25.56
25.47
25.30
25.37
25.35
25.37
25.41
25.42
25.46
25.34
25.46
25.53
25.53
25.54
25.32
25.32
25.41
25.42
25.39
25.30
25.53
25.66
25.61
25.84
25.72
25.89
25.79
25.94
26.15
26.10
25.94
25.99
25.98
25.87
25.91
26.06
26.06
26.15
26.06
26.08
26.10
25.98
25.66
25.70
25.84
25.51
25.41
25.16
25.09
25.42
25.11
25.27
25.22
25.16
25.39
25.34
25.22
25.39
25.37
25.54
25.65
25.72
25.91
25.89
25.82
25.20
25.37
25.53
25.56
25.68
25.96
26.08
26.11
26.27
26.39
26.68
26.79
26.51
26.37
26.18
26.39
26.48
26.46
26.54
26.46
26.56
26.49
26.54
26.49
26.56
26.67
26.39
26.37
26.25
26.42
26.60
26.68
26.67
26.56
26.61
26.37
26.01
26.34
26.48
26.35
26.01
26.49
26.63
25.96
26.06
26.27
26.63
26.56
26.91
27.08
26.82
26.92
26.67
26.29
26.70
26.73
26.44
26.32
26.23
26.35
26.53
26.37
26.48
26.48
26.44
26.56
26.72
26.65
26.65
26.44
26.56
26.58
26.54
26.16
26.35
26.37
26.27
26.53
26.49
26.84
26.80
26.75
26.79
27.17
26.99
26.92
26.99
27.10
27.15
27.29
27.37
27.48
27.48
27.42
27.42
27.39
27.42
27.41
27.36
27.75
27.11
26.82
26.72
26.89
27.01
27.39
27.46
27.63
27.75
27.84
27.93
28.03
27.87
27.82
27.82
27.79
27.77
27.61
27.55
27.75
27.79
27.84
27.94
27.96
27.98
27.93
27.56
27.84
28.15
28.44
28.29
28.18
28.37
28.36
28.17
28.20
28.29
28.34
28.29
28.08
28.08
28.15
28.48
28.48
28.62
28.49
28.48
28.32
28.43
28.12
27.49
27.41
27.30
27.82
27.48
27.46
27.99
27.93
28.15
28.08
28.06
27.87
27.80
28.32
28.31
28.22
28.13
28.13
28.22
28.27
28.44
28.56
28.68
28.62
28.82
28.75
28.74
28.68
28.67
28.58
28.70
28.68
28.72
28.72
28.84
28.89
28.79
28.41
28.31
28.12
28.24
28.03
27.89
28.01
28.36
28.37
28.24
28.12
28.15
28.18
28.29
28.22
28.20
28.37
28.22
28.41
28.65
28.53
28.58
28.48
28.46
28.49
28.68
28.74
28.81
28.65
28.55
28.39
28.51
28.39
28.70
28.87
29.01
29.00
29.03
29.15
28.98
28.91
28.98
29.08
29.05
28.91
28.89
29.03
29.17
28.91
29.01
29.17
29.25
28.94
29.05
29.08
29.03
29.00
29.32
29.48
29.13
29.24
28.74
28.58
27.91
28.62
29.10
29.19
29.15
29.22
29.10
29.00
28.81
29.01
29.08
29.36
29.34
29.38
29.39
29.36
29.36
29.36
29.44
29.50
29.44
29.41
29.41
29.58
29.53
29.41
29.43
29.55
29.58
29.65
29.44
29.43
29.27
29.22
29.12
29.24
29.32
29.41
29.31
29.24
29.29
29.53
29.41
29.25
29.06
29.15
29.31
29.36
29.38
29.39
29.34
29.44
29.43
29.41
29.43
29.55
29.65
29.39
29.50
29.55
29.17
29.06
29.20
29.46
29.46
29.53
29.53
29.27
29.19
29.12
29.44
29.63
29.67
29.69
29.82
29.98
30.07
29.98
30.05
30.08
30.00
30.13
29.72
29.58
29.75
29.70
29.53
29.60
29.27
29.38
29.31
29.39
29.55
29.55
29.55
29.62
29.51
30.00
29.82
30.10
30.19
30.13
29.93
30.24
30.05
30.05
30.13
30.10
30.15
30.19
29.72
29.88
29.81
29.88
29.75
29.89
30.01
29.81
29.88
29.55
29.34
29.60
29.38
29.86
29.89
29.91
29.84
29.81
29.70
29.34
29.36
29.74
29.60
29.22
29.03
29.01
29.46
29.44
29.57
29.67
30.19
30.31
30.32
30.20
30.31
30.45
30.45
30.13
30.15
30.20
30.17
30.10
30.20
30.31
30.31
30.43
30.03
30.20
30.27
30.36
30.29
30.31
30.32
30.50
30.60
30.50
30.45
30.41
30.74
30.72
30.51
30.45
30.19
29.84
29.91
30.12
29.94
30.03
30.27
30.38
30.29
30.41
30.27
30.70
30.91
30.70
30.55
30.62
30.72
30.76
30.76
30.72
30.65
30.91
30.76
30.91
31.05
30.81
30.81
30.98
31.15
31.12
31.39
31.39
31.29
31.19
31.12
31.15
31.60
31.52
31.41
31.62
31.48
31.20
31.17
31.29
31.50
31.72
31.60
31.57
31.60
31.60
31.76
31.79
31.64
31.60
31.62
31.69
31.72
31.67
31.62
31.79
31.71
32.02
31.95
31.95
31.91
32.38
32.14
31.95
31.64
31.83
31.83
31.77
31.65
31.90
31.86
31.48
31.45
31.53
31.58
32.02
31.77
31.76
31.83
31.86
31.95
31.96
31.91
31.98
32.03
31.88
32.14
31.77
31.96
31.88
31.27
31.31
31.27
31.45
31.43
31.46
31.65
31.48
31.62
31.31
31.55
31.74
32.02
31.76
31.52
31.53
31.60
31.36
31.34
31.17
31.39
31.77
31.71
31.65
31.76
31.72
31.64
31.67
31.36
31.43
31.72
31.69
32.00
31.72
31.08
31.76
31.64
31.71
32.12
31.81
31.43
31.50
31.83
31.84
31.46
31.53
31.39
31.34
31.57
31.84
31.74
31.36
31.64
31.19
31.62
31.76
31.74
31.71
31.45
31.95
32.21
32.36
32.08
31.84
31.83
31.79
31.62
31.55
31.65
31.64
31.77
31.93
32.03
32.14
32.10
32.26
32.55
32.52
32.52
32.52
32.65
32.46
32.46
32.45
32.59
32.14
32.29
32.38
32.60
32.33
32.22
32.40
32.19
32.46
32.15
32.45
32.33
32.43
32.29
32.48
32.40
32.24
32.29
32.41
32.22
32.22
32.40
32.43
32.48
32.53
32.43
32.38
32.15
31.98
31.90
32.22
32.05
31.98
32.19
32.46
32.33
31.88
31.24
31.53
31.76
31.72
31.81
32.27
32.03
31.77
31.76
31.50
31.53
31.74
31.76
32.00
32.29
32.36
32.29
32.52
32.40
32.45
32.69
32.86
32.97
32.98
33.02
33.10
33.05
32.93
32.24
32.21
32.45
32.26
32.14
32.53
32.57
32.40
32.50
32.45
32.36
32.43
32.33
32.34
32.12
32.15
32.08
32.14
32.29
32.07
32.29
32.26
32.41
32.52
32.52
32.50
32.52
32.57
31.96
31.96
32.31
32.24
32.38
32.52
32.48
32.45
32.71
32.43
32.10
32.00
31.98
32.21
32.34
32.50
32.84
32.59
32.22
32.22
32.31
32.50
32.69
32.62
32.64
32.55
32.55
32.60
32.79
32.46
32.43
32.38
32.08
32.43
32.43
32.36
32.45
32.71
32.81
32.46
32.22
32.76
32.83
32.62
32.65
32.81
32.81
32.67
32.81
32.97
33.02
32.93
32.97
33.12
33.21
33.12
33.12
32.69
33.09
33.00
33.00
32.67
32.48
32.95
32.98
32.83
33.02
33.09
33.22
33.40
33.38
33.24
33.36
33.41
33.47
33.45
33.31
33.41
33.45
33.43
33.67
33.57
33.55
33.55
33.78
33.95
33.86
33.90
33.79
33.78
33.93
33.91
33.86
33.88
33.78
33.57
33.79
33.57
33.45
33.97
33.95
34.05
33.90
33.79
33.74
33.55
33.72
33.78
33.79
34.04
33.86
33.97
33.85
33.76
33.60
33.69
33.72
33.85
33.93
33.95
34.07
34.16
34.29
34.17
34.17
34.21
34.16
34.10
34.47
34.47
34.43
34.57
34.71
34.55
34.40
34.29
33.85
33.79
33.85
33.90
33.97
34.05
34.09
34.09
33.86
33.36
33.60
33.79
33.71
33.88
34.00
33.78
33.45
33.45
33.64
33.79
33.97
33.95
33.91
34.05
34.10
34.40
34.45
34.64
34.09
34.14
34.31
34.33
34.21
34.24
34.41
33.98
34.16
34.17
34.05
33.98
34.05
34.00
34.26
34.17
34.33
34.31
34.07
33.60
33.38
33.40
32.95
33.05
33.53
33.66
33.64
33.78
33.78
34.05
34.12
34.41
33.00
34.16
34.10
34.04
33.91
34.02
34.16
34.21
34.38
34.45
34.47
34.47
34.41
34.17
34.33
34.36
34.33
34.41
34.31
34.62
34.50
34.40
34.36
34.36
34.31
34.92
35.09
34.66
34.97
35.04
35.17
34.98
35.19
35.36
35.47
35.50
35.17
35.07
35.05
35.23
35.42
35.47
35.71
35.33
35.42
35.09
35.11
34.67
34.66
34.78
34.95
35.16
35.26
34.98
34.90
35.28
35.35
35.33
35.36
34.74
35.24
35.30
35.31
35.31
35.33
35.19
34.93
34.85
35.02
34.90
34.90
34.98
35.04
34.97
34.69
34.85
34.95
34.71
34.71
34.55
34.81
35.00
35.05
35.16
35.19
34.79
35.02
35.16
34.98
34.97
34.98
35.38
35.14
35.14
35.30
35.12
35.47
35.35
35.24
35.26
35.21
35.48
35.40
35.30
35.21
35.12
35.16
35.02
35.07
34.98
35.02
35.09
35.21
35.05
35.14
35.11
35.12
35.16
34.47
34.45
34.66
34.78
35.04
35.05
34.74
34.43
34.69
35.26
35.30
35.38
35.38
35.31
35.12
35.09
35.54
35.50
35.19
35.17
34.85
35.07
35.11
34.74
35.36
35.26
35.33
35.24
34.88
34.59
34.90
34.83
35.02
35.31
35.52
34.90
35.21
35.33
35.19
35.48
35.50
35.43
35.48
35.30
35.05
35.07
35.24
35.26
35.19
35.17
35.28
35.04
35.09
35.40
35.50
35.47
35.57
35.50
35.45
35.54
35.64
35.81
35.90
35.90
36.05
35.88
35.95
36.02
36.02
35.93
35.86
35.57
35.36
35.36
35.54
35.57
35.69
35.61
35.62
36.04
35.99
36.02
35.85
35.97
35.97
35.97
35.86
35.50
35.73
35.64
35.76
35.62
35.47
35.47
35.66
35.64
35.64
35.80
35.67
35.76
36.21
36.19
36.24
36.09
36.00
36.12
36.14
35.95
35.99
36.00
35.85
36.24
36.05
35.92
36.07
35.97
35.99
36.18
36.40
36.33
36.38
36.21
36.12
35.64
34.97
35.30
35.69
35.38
35.40
35.50
35.55
35.54
35.86
35.71
35.50
35.71
36.16
36.05
36.02
36.11
36.12
36.04
36.04
35.92
35.90
35.97
36.16
36.18
36.21
36.37
36.40
36.49
36.43
36.35
36.59
36.59
36.69
36.62
36.62
36.76
36.59
36.37
36.30
36.64
36.50
36.54
36.49
36.40
36.12
36.30
36.38
36.31
36.31
36.40
36.24
36.38
36.40
36.04
36.37
36.24
36.52
36.57
36.69
36.42
36.56
36.62
36.49
36.59
36.87
36.83
36.95
36.74
36.66
36.93
37.09
36.74
36.97
36.99
36.85
36.69
36.38
36.69
36.69
36.62
36.50
36.52
36.45
36.62
36.64
36.42
36.52
36.69
36.64
36.76
36.73
37.06
36.62
36.68
36.81
36.93
37.02
37.25
37.18
37.28
36.99
37.09
36.83
36.99
36.69
36.47
36.38
36.81
36.69
36.76
36.69
36.92
37.37
37.57
37.30
37.09
37.30
37.30
37.31
37.38
37.31
37.35
37.37
37.56
37.64
37.52
37.52
37.57
37.47
37.50
37.66
37.52
37.37
37.49
37.09
37.31
37.52
37.61
37.61
37.31
37.18
37.52
37.47
37.57
37.59
37.54
37.21
37.47
37.66
37.80
38.07
37.92
37.78
37.52
37.40
37.26
36.78
36.92
37.19
37.21
37.19
37.47
37.49
37.14
36.90
36.71
36.33
36.83
36.80
37.04
36.97
36.88
36.81
37.16
36.90
36.61
36.31
36.57
36.81
36.83
37.02
36.40
36.33
36.40
36.19
35.85
35.92
36.24
36.23
36.26
35.76
35.55
35.99
36.09
35.90
35.47
35.81
36.11
35.86
36.11
36.43
36.16
36.81
36.28
36.31
36.04
36.16
35.92
35.74
35.83
36.02
35.97
36.23
36.38
36.30
36.24
36.47
36.52
36.66
36.78
36.80
37.09
37.14
36.66
36.56
36.62
36.43
36.30
36.47
36.23
35.99
35.90
35.92
36.26
36.05
35.92
36.07
35.80
36.18
36.45
36.50
36.21
36.11
35.93
35.88
35.86
36.26
36.33
35.73
35.28
35.76
36.00
35.71
36.11
35.45
35.43
35.55
35.52
35.24
35.61
34.81
35.05
35.64
35.19
35.17
35.28
35.45
35.35
35.78
35.85
35.92
36.35
36.19
36.38
36.37
36.49
36.59
36.45
36.16
36.52
36.81
36.87
36.92
36.73
36.52
36.57
36.57
36.62
36.38
36.09
35.97
36.28
36.21
36.18
36.07
36.56
36.59
36.81
37.04
36.90
37.02
36.78
37.07
37.35
37.35
36.93
37.12
37.31
37.06
37.21
37.14
37.14
37.00
36.93
37.02
36.93
36.95
37.14
36.87
36.35
37.02
37.18
37.30
36.99
37.00
37.04
37.14
37.63
37.78
37.42
37.21
37.19
37.11
36.92
37.12
37.31
37.16
36.88
36.83
36.47
36.59
36.74
36.85
36.43
36.66
37.06
36.88
36.61
37.14
37.12
37.31
37.30
37.35
37.42
37.50
37.26
37.35
37.45
37.81
37.54
37.56
37.76
38.02
37.87
37.75
37.71
37.83
37.88
38.07
37.76
37.99
37.99
38.02
37.90
37.68
37.69
37.63
37.49
37.54
37.83
38.16
37.81
37.83
37.87
37.73
37.90
38.19
38.21
38.35
38.35
38.11
38.28
38.30
38.44
38.44
38.44
38.28
38.16
38.04
37.81
37.97
38.23
38.04
37.87
37.92
38.00
38.04
38.38
38.26
38.18
38.32
38.37
38.26
38.14
38.56
38.11
38.07
38.33
38.40
38.13
38.19
38.35
37.87
37.66
37.49
37.66
37.52
37.66
37.73
37.87
37.87
38.02
38.07
37.92
37.81
37.52
37.80
37.83
37.88
37.90
37.88
37.19
37.50
37.61
37.87
38.21
38.02
38.35
38.30
38.13
38.23
38.33
38.45
38.16
38.11
38.11
38.00
37.54
37.61
37.68
37.78
37.87
37.78
38.07
37.52
37.61
37.81
37.31
37.76
37.92
37.94
37.97
38.18
38.16
38.09
37.78
38.13
38.30
38.19
38.06
38.19
38.23
38.13
38.42
38.57
38.37
38.21
38.21
38.09
38.07
38.09
38.04
37.76
37.81
37.92
38.14
38.25
37.90
38.33
38.45
38.73
38.63
38.59
38.61
38.52
38.61
38.47
38.37
38.28
38.52
38.59
38.51
38.33
38.61
38.73
38.59
38.63
38.70
38.61
38.68
38.97
38.42
38.21
38.75
38.68
38.64
38.75
38.80
38.78
38.78
38.87
38.82
38.87
38.78
38.68
38.83
39.06
39.07
39.06
38.71
39.01
39.09
39.01
39.14
39.07
39.13
39.45
39.02
38.47
38.45
38.66
38.57
38.78
38.63
38.64
38.66
38.68
38.78
39.01
39.04
38.99
39.02
39.37
39.25
39.13
39.14
39.40
39.51
39.71
39.90
39.90
39.73
39.82
39.80
39.90
39.13
39.28
39.09
39.44
39.42
39.45
39.18
39.25
39.18
39.20
38.71
37.92
38.19
38.70
39.04
39.20
38.92
39.02
39.25
39.32
39.49
39.87
40.23
39.75
39.75
39.66
39.59
39.59
39.77
39.89
39.90
39.89
40.09
40.09
40.18
40.30
40.32
40.28
40.13
40.25
40.46
40.33
40.42
40.28
40.33
40.14
40.28
40.39
40.52
40.23
40.18
40.14
40.44
40.28
39.68
39.59
39.80
39.85
40.11
40.21
40.23
40.23
40.30
40.42
40.32
40.35
40.13
40.40
40.32
39.97
40.33
40.30
40.06
40.09
40.18
40.18
40.47
40.33
40.42
40.32
40.30
40.18
40.44
40.42
40.42
40.33
40.27
40.21
40.11
39.90
40.25
40.30
40.44
40.39
40.52
40.32
40.65
40.46
40.32
39.94
39.87
39.77
40.23
40.09
39.99
40.09
40.27
40.13
40.04
40.39
40.39
39.99
40.23
40.25
40.59
40.75
40.77
40.71
40.77
40.78
40.63
40.75
40.75
40.61
40.54
40.52
40.52
40.63
40.65
40.44
40.52
40.32
40.52
40.51
40.70
40.49
40.66
40.33
40.32
40.20
40.25
40.04
40.09
40.32
40.44
40.47
40.27
40.51
40.46
40.27
40.35
40.32
40.54
40.35
40.13
40.20
39.94
39.90
40.11
40.02
40.27
40.39
40.85
40.73
40.77
40.71
40.61
40.77
40.78
40.94
40.73
40.63
40.59
40.78
40.89
40.94
41.15
41.13
40.66
40.47
40.70
40.73
40.49
40.49
40.59
40.25
40.37
40.42
40.66
40.59
40.42
40.01
40.51
40.40
40.21
40.56
41.08
41.09
41.08
40.90
40.63
40.68
40.58
40.75
40.84
41.03
40.96
41.03
41.15
40.99
40.97
40.97
41.01
40.92
40.77
40.89
40.40
40.20
40.56
40.78
40.90
41.01
41.04
41.11
41.27
41.22
41.25
41.08
41.08
41.49
41.68
41.25
41.35
41.58
41.47
41.25
41.22
41.46
41.61
41.87
41.75
41.59
41.59
41.54
41.73
41.47
41.70
41.72
41.78
41.56
41.28
41.40
41.59
41.44
41.53
41.46
41.39
41.61
41.80
41.89
41.97
41.97
42.15
42.34
42.23
42.34
42.30
42.22
41.85
41.99
42.41
42.13
41.82
41.96
41.96
41.97
41.89
41.82
41.65
41.94
42.01
41.49
41.75
41.92
41.89
41.73
42.23
42.20
42.04
41.97
42.42
42.41
42.25
42.18
42.27
42.30
42.29
42.23
42.03
41.94
42.08
42.06
42.34
42.34
42.34
42.56
42.34
41.72
41.78
41.59
41.77
42.20
42.41
42.20
42.53
42.99
42.99
42.91
42.32
42.15
42.10
42.22
42.35
42.61
42.56
42.89
42.82
42.68
42.68
42.53
42.56
42.41
42.20
42.29
42.65
42.58
42.44
42.58
42.34
42.37
42.04
42.32
42.44
42.23
42.01
42.16
42.18
41.94
42.11
42.15
42.35
42.47
42.18
42.16
42.22
42.27
42.42
42.49
42.73
42.89
42.91
42.32
42.39
42.41
42.08
42.13
42.27
42.51
42.53
42.39
42.35
42.49
42.68
42.46
42.72
42.34
42.61
42.65
42.72
43.03
43.17
43.29
43.04
42.82
42.75
42.79
42.94
42.79
43.01
43.10
42.85
42.72
42.77
42.72
43.25
43.27
42.85
42.91
42.47
42.65
42.73
43.15
43.29
43.44
42.80
42.80
43.01
42.96
43.06
42.79
42.85
42.91
42.91
43.25
43.25
43.01
42.25
42.58
42.60
42.44
42.30
42.01
42.60
42.34
42.29
42.06
41.96
41.99
41.85
41.89
42.22
42.56
42.56
42.49
42.56
42.29
42.03
42.20
42.49
42.68
42.82
42.77
42.85
43.11
42.96
43.03
42.94
42.87
42.70
42.44
42.68
42.53
42.79
42.82
42.61
43.20
43.11
42.99
43.20
43.30
42.79
42.80
42.85
42.80
42.68
43.11
42.89
43.08
43.34
43.48
43.41
43.60
43.63
43.86
43.51
43.49
43.49
43.39
43.32
43.17
43.53
43.22
42.98
43.20
43.22
43.10
43.15
43.18
42.98
42.92
42.37
42.96
43.11
42.75
42.98
43.23
43.29
43.22
42.82
42.82
43.29
43.27
43.22
43.03
42.92
42.89
43.20
43.20
43.03
43.17
43.13
43.22
43.41
43.32
43.30
43.25
42.79
42.99
43.13
43.41
42.80
42.94
43.18
42.68
42.99
43.46
43.55
43.58
43.63
43.41
43.48
43.60
43.86
43.61
43.58
44.15
44.13
44.10
44.15
44.13
44.18
44.18
44.18
44.18
44.29
44.18
44.25
43.87
43.91
43.30
43.60
43.63
43.55
43.73
43.73
43.60
44.25
43.87
43.89
43.20
44.43
44.11
43.72
43.91
43.77
43.91
44.06
44.48
44.36
44.49
44.55
44.65
44.08
44.03
43.87
43.68
43.63
43.80
44.15
44.24
44.15
43.92
44.20
44.30
44.37
44.46
44.60
44.75
44.36
44.46
44.24
44.70
44.55
44.46
44.60
44.49
44.58
44.58
44.79
44.51
44.75
44.48
44.34
44.41
44.27
44.05
44.08
44.27
44.15
44.36
44.13
44.11
44.11
44.01
44.22
44.44
44.56
44.41
44.37
44.22
44.22
44.30
44.60
44.34
44.25
44.34
43.87
43.82
43.75
43.94
43.92
44.32
44.67
44.63
44.65
44.62
44.44
44.49
44.30
44.67
44.74
44.63
44.87
45.10
45.01
45.29
44.51
44.79
44.99
45.03
44.91
44.98
45.08
45.22
45.15
44.84
44.82
44.82
44.84
45.12
44.80
44.77
43.96
44.27
44.56
44.37
44.22
43.99
44.15
43.91
44.13
44.27
44.32
44.37
44.49
44.22
44.41
44.34
44.51
44.24
44.20
43.92
44.30
44.49
44.51
44.44
44.49
44.70
44.44
44.65
44.43
44.46
44.67
44.75
44.86
44.91
45.15
44.75
44.27
44.43
44.22
43.82
43.98
44.55
44.34
44.37
44.93
45.17
45.08
45.18
45.22
45.18
44.96
44.89
44.72
44.82
44.68
44.84
45.08
44.91
45.01
45.01
45.10
45.34
45.34
45.41
45.53
45.27
45.03
45.69
45.86
45.29
45.36
45.51
45.55
45.58
45.29
45.60
45.77
45.82
45.70
45.62
45.91
45.48
45.39
45.81
45.91
45.41
45.81
45.63
45.84
45.79
45.93
45.98
46.05
46.13
45.91
45.82
45.79
45.93
45.70
45.58
46.01
46.15
45.60
45.89
45.75
45.93
46.19
46.20
46.22
46.17
45.67
45.77
45.82
45.82
45.91
45.37
45.84
45.91
46.06
45.98
46.25
46.25
46.70
46.44
46.05
45.88
45.91
45.94
46.27
45.82
45.39
45.55
46.31
45.86
45.10
45.17
45.08
45.29
44.75
44.37
44.67
45.34
45.39
45.39
45.10
45.37
45.79
45.60
45.96
45.82
45.62
45.62
45.94
46.31
46.10
46.20
45.56
46.12
46.27
46.06
46.32
46.53
46.34
46.55
46.72
46.57
46.70
46.22
46.50
46.79
46.81
46.79
46.62
46.50
46.19
46.41
46.43
46.60
46.22
46.10
45.75
45.77
46.39
46.50
46.06
46.01
45.72
46.12
46.51
46.10
46.29
46.43
46.51
46.48
46.34
46.51
46.58
46.39
46.43
46.58
46.84
47.20
47.03
46.79
46.79
46.70
46.93
46.77
46.70
46.76
46.76
46.79
47.00
47.34
47.05
46.70
46.19
45.31
45.37
46.20
46.05
46.24
45.88
45.81
46.41
46.44
46.25
45.72
45.82
45.69
45.81
45.82
45.84
45.53
45.55
45.51
45.75
45.84
45.62
46.00
45.82
45.67
46.12
46.55
46.60
45.62
46.00
46.25
46.01
45.93
46.69
46.58
46.65
46.05
45.75
45.77
45.91
46.25
46.53
46.46
46.36
46.53
46.62
47.01
46.88
47.13
47.03
47.05
47.07
47.20
46.77
46.86
47.07
46.91
46.77
46.43
46.31
46.57
46.63
47.53
47.15
46.96
47.10
47.39
47.34
47.57
47.38
47.26
47.29
47.26
46.96
46.41
46.32
46.05
46.46
46.63
46.43
46.62
46.46
46.63
46.27
46.36
46.88
46.81
46.36
45.96
45.93
46.41
46.31
46.77
46.34
45.79
45.77
46.25
46.15
46.62
46.74
46.88
47.12
47.19
46.98
47.01
47.45
47.29
47.43
47.34
47.55
47.41
47.41
47.43
47.43
47.45
47.89
47.84
47.98
48.08
47.60
47.70
47.62
47.79
47.95
47.62
48.02
47.95
47.76
48.05
48.02
47.96
47.95
48.12
47.46
47.79
47.65
47.46
47.76
47.96
47.77
47.43
47.32
47.60
47.69
47.69
47.50
47.39
47.15
47.48
47.81
47.55
48.07
47.57
47.74
48.00
48.02
48.26
48.27
48.17
48.45
48.29
48.24
48.33
47.96
47.86
47.81
47.51
47.91
48.05
47.74
48.02
47.60
48.03
48.24
48.03
47.93
48.19
48.05
48.10
48.14
48.34
48.33
48.41
48.34
47.58
48.45
48.46
48.31
48.48
48.76
48.55
48.19
48.26
48.34
48.45
48.33
48.43
48.27
48.14
48.22
48.34
48.48
48.52
48.53
48.57
48.62
48.69
48.45
48.12
47.98
48.08
48.15
48.07
48.17
48.55
48.19
47.86
48.12
48.27
48.57
48.15
48.26
47.93
47.89
48.03
47.74
47.86
48.12
48.12
47.96
48.10
48.22
48.07
48.48
48.67
48.69
48.62
48.50
48.26
48.38
47.70
47.62
47.26
47.64
47.38
47.55
47.34
47.67
47.57
47.43
47.67
47.53
47.46
47.22
47.13
48.14
48.31
48.14
47.83
47.79
48.27
48.08
48.21
48.19
48.15
48.17
48.10
48.10
47.77
48.08
48.46
48.36
48.45
48.67
48.83
48.90
48.98
49.00
48.74
49.02
49.00
49.03
48.96
48.67
49.05
48.88
48.95
48.91
48.72
48.72
48.72
48.79
48.88
49.02
48.91
48.93
48.91
48.77
48.57
48.36
48.50
48.26
48.55
48.67
48.79
48.22
48.00
47.57
47.48
47.72
47.69
48.07
48.34
48.12
48.14
48.34
48.41
48.15
48.39
48.50
48.39
48.17
48.15
48.43
48.50
48.48
48.43
47.96
47.69
47.84
48.05
48.08
48.24
48.07
48.15
48.07
48.38
48.29
48.36
48.07
48.10
48.02
47.77
48.03
47.95
48.02
47.79
47.76
47.93
47.84
48.03
47.58
48.12
48.26
48.39
48.14
48.00
48.17
47.31
48.29
47.79
48.03
47.77
48.27
48.46
48.60
48.46
48.60
48.71
48.58
48.72
48.83
48.81
48.39
48.53
48.38
48.93
48.95
49.31
49.21
49.14
49.28
49.00
49.15
49.19
49.33
49.24
49.28
49.59
49.38
48.93
48.88
49.03
49.10
48.95
48.71
48.98
49.10
49.45
49.31
49.21
48.93
48.60
48.67
48.79
48.84
48.53
49.00
49.28
49.17
49.46
49.36
49.17
48.90
48.95
48.95
48.77
48.72
48.46
48.81
48.84
49.28
49.17
49.24
49.31
49.15
49.17
49.28
49.45
49.46
49.10
49.14
49.07
48.91
48.98
49.07
49.26
49.12
49.10
49.09
49.15
49.14
49.31
49.29
49.24
49.34
49.43
48.98
49.22
49.19
48.95
49.14
49.03
48.83
48.83
48.67
48.90
49.07
48.72
48.74
48.90
49.19
49.41
49.57
49.41
49.38
49.21
49.57
49.91
49.88
50.10
49.74
49.74
50.02
50.17
49.93
49.98
49.41
49.59
49.55
49.43
49.24
49.28
49.12
49.33
49.60
49.46
49.57
49.71
49.64
49.95
49.64
49.98
49.98
50.26
50.05
50.07
49.81
49.59
49.52
49.64
49.72
49.98
49.98
49.78
49.91
50.05
49.72
49.64
49.62
49.55
49.88
49.76
49.84
49.90
49.84
50.02
50.00
50.14
50.10
50.09
50.38
50.09
49.86
49.31
49.33
49.48
49.59
49.67
49.95
50.14
50.19
50.21
50.17
50.24
50.10
50.05
49.62
49.55
49.41
49.48
49.65
50.43
50.22
50.24
49.72
49.62
49.28
49.14
49.43
50.03
49.81
50.21
50.12
50.67
50.71
50.88
50.60
50.38
50.52
50.55
50.59
50.72
50.67
50.72
50.72
51.10
51.14
51.33
51.02
51.05
50.76
50.95
50.72
50.88
50.69
50.54
50.55
50.57
50.83
50.86
50.83
50.83
50.85
50.29
50.48
50.85
51.00
51.12
51.28
51.10
51.10
51.28
51.33
51.26
51.19
50.95
51.42
51.59
51.81
51.98
51.92
51.93
51.85
52.07
51.64
51.36
51.59
51.74
51.66
51.69
51.79
52.02
51.88
51.83
52.04
52.09
52.02
51.78
51.90
51.79
51.85
51.81
52.00
51.78
51.67
51.17
51.24
51.57
51.24
51.12
50.74
51.35
51.42
51.45
51.50
51.54
51.59
51.36
51.54
51.67
51.64
51.61
51.74
51.93
51.95
52.09
51.95
51.85
52.04
51.69
51.66
51.90
52.14
52.14
51.78
51.71
51.21
51.66
51.16
50.71
51.00
50.93
50.95
51.19
51.36
51.45
51.55
51.35
51.64
51.47
51.17
51.50
51.42
51.50
51.71
51.43
51.14
51.21
51.17
51.42
51.29
51.52
51.16
51.69
51.69
51.40
51.21
51.52
51.83
52.07
51.93
51.95
51.85
51.42
51.50
51.31
51.33
51.40
51.29
51.48
50.98
50.41
50.40
50.97
50.97
51.05
51.17
51.83
51.79
52.17
52.17
52.23
52.50
52.69
51.97
51.93
51.78
51.52
51.76
52.21
52.43
52.26
52.40
52.28
51.98
52.14
51.97
51.52
51.90
51.95
52.04
52.09
51.97
52.07
52.30
52.00
52.11
52.16
52.35
52.92
53.14
52.88
52.73
52.78
52.90
52.64
52.74
52.74
52.62
52.43
52.54
52.45
52.43
52.43
51.76
52.57
52.83
52.68
52.55
52.09
52.14
52.31
52.42
52.57
52.66
52.33
52.12
52.47
52.52
52.35
52.61
52.45
52.17
52.21
52.11
52.12
51.73
51.92
51.88
51.90
52.21
52.26
52.24
52.26
52.23
52.36
52.47
52.33
52.45
52.55
52.68
52.54
52.54
52.49
52.61
52.85
52.81
52.73
52.55
52.57
52.33
52.30
52.62
52.69
52.90
52.92
53.09
52.92
52.99
52.93
52.66
53.31
53.50
53.61
53.38
53.26
53.12
52.69
52.92
52.50
52.40
52.55
52.47
52.40
52.55
52.42
52.33
52.95
52.95
52.85
52.28
52.21
52.17
52.38
52.42
52.50
52.76
52.97
52.81
53.00
53.00
53.18
52.99
53.14
53.19
53.40
53.23
53.11
53.21
53.04
53.00
52.74
53.18
52.93
53.47
53.28
53.37
53.12
52.81
52.54
52.87
52.93
52.88
53.33
52.76
52.99
52.90
53.18
53.21
53.05
52.90
52.90
52.45
53.00
52.97
53.11
53.00
53.09
53.07
52.97
53.38
53.52
53.50
53.31
52.66
53.19
53.40
53.50
53.50
53.35
52.83
53.40
