0.52
0.52
0.52
0.52
0.52
0.52
0.52
0.52
0.52
0.52
0.52
0.48
0.40
0.50
0.52
0.52
0.52
0.52
0.52
0.52
0.52
0.52
0.52
0.52
0.52
0.52
0.52
0.52
0.52
0.52
0.52
0.52
0.52
0.52
0.52
0.55
0.62
0.67
0.78
0.79
0.76
0.72
0.79
0.79
0.78
0.78
0.78
0.78
0.76
0.76
0.76
0.76
0.76
0.76
0.76
0.74
0.74
0.74
0.72
0.71
0.71
0.71
0.71
0.72
0.72
0.71
0.72
0.74
0.76
0.85
0.90
0.93
0.97
1.00
1.02
1.07
1.10
1.14
1.12
1.12
1.10
1.09
1.07
1.07
1.07
1.09
1.12
1.14
1.14
1.14
1.14
1.12
1.12
1.16
1.24
1.35
1.43
1.55
1.57
1.64
1.62
1.62
1.61
1.61
1.61
1.61
1.61
1.61
1.61
1.61
1.61
1.61
1.61
1.61
1.61
1.61
1.61
1.61
1.61
1.61
1.61
1.62
1.62
1.62
1.64
1.64
1.69
1.73
1.78
1.83
1.85
1.85
1.85
1.88
1.88
1.90
1.92
1.92
1.92
1.92
1.93
1.93
1.93
1.92
1.92
1.92
1.90
1.92
1.92
1.93
1.93
1.93
1.95
1.95
1.95
1.93
1.93
2.00
2.04
2.04
2.02
1.98
1.92
1.74
1.67
1.66
1.61
1.59
1.55
1.57
1.59
1.66
1.69
1.69
1.74
1.78
1.78
1.81
1.85
1.90
1.90
2.00
2.05
2.04
2.09
2.09
2.09
2.11
2.19
2.35
2.40
2.26
2.23
2.21
2.21
2.21
2.19
2.17
2.19
2.21
2.21
2.26
2.26
2.28
2.30
2.35
2.36
2.35
2.33
2.35
2.36
2.38
2.40
2.42
2.42
2.42
2.43
2.43
2.45
2.50
2.52
2.57
2.62
2.64
2.66
2.68
2.66
2.62
2.59
2.55
2.55
2.55
2.55
2.55
2.55
2.55
2.55
2.59
2.59
2.59
2.61
2.59
2.59
2.61
2.59
2.59
2.62
2.62
2.64
2.69
2.74
2.87
2.92
2.64
2.59
2.62
2.68
2.71
2.88
2.97
2.97
2.95
2.93
2.93
2.93
3.00
2.99
2.99
2.99
2.99
3.00
3.02
3.00
3.00
3.00
3.00
3.04
3.05
3.11
3.24
3.31
3.30
3.23
3.18
3.05
3.05
3.02
3.02
3.04
3.04
3.07
3.19
3.24
3.28
3.28
3.31
3.31
3.33
3.31
3.33
3.35
3.38
3.40
3.40
3.47
3.47
3.43
3.37
3.33
3.35
3.31
3.35
3.35
3.33
3.33
3.26
3.28
3.21
3.14
3.12
3.18
3.23
3.28
3.33
3.42
3.45
3.50
3.50
3.50
3.56
3.56
3.56
3.59
3.61
3.59
3.61
3.59
3.64
3.75
3.80
3.90
3.85
3.83
3.81
3.81
3.88
3.90
3.92
3.94
3.94
3.92
3.90
3.94
3.88
3.90
3.90
3.90
3.92
3.92
3.95
3.97
4.00
4.00
3.99
4.02
4.02
4.09
4.23
4.30
4.26
4.14
4.09
3.94
3.85
3.83
3.78
3.76
3.71
3.75
3.83
3.83
3.87
3.90
3.99
4.00
4.04
4.06
4.09
4.07
4.07
4.11
4.11
4.12
4.09
4.07
4.09
4.09
4.06
4.09
4.25
4.42
4.54
4.63
4.68
4.57
4.56
4.57
4.57
4.56
4.57
4.64
4.64
4.68
4.68
4.69
4.71
4.71
4.75
4.73
4.73
4.71
4.71
4.68
4.71
4.68
4.71
4.78
4.87
4.97
4.85
4.83
4.68
4.57
4.59
4.54
4.63
4.68
4.75
4.78
4.88
4.88
4.90
4.90
4.92
4.92
4.92
4.92
4.97
5.01
5.01
5.04
5.09
5.09
5.13
5.16
5.18
5.20
5.30
5.42
5.44
5.56
5.56
5.45
5.30
5.18
5.04
4.94
4.95
4.95
4.97
4.99
5.07
5.18
5.23
5.30
5.38
5.45
5.42
5.45
5.47
5.45
5.47
5.51
5.61
5.64
5.68
5.70
5.73
5.78
5.78
5.83
5.80
5.80
5.83
5.85
5.85
5.85
5.80
5.83
5.87
5.90
5.94
5.94
5.97
5.99
6.01
6.02
6.01
5.99
6.01
6.01
6.04
6.04
6.04
6.02
6.04
6.06
6.09
6.18
6.21
6.21
6.20
6.23
6.23
6.21
6.23
6.23
6.28
6.27
6.27
6.21
6.20
6.20
6.09
6.04
6.06
6.04
6.04
6.06
6.04
6.04
6.06
6.09
6.08
6.09
6.09
6.09
6.08
6.09
6.14
6.21
6.33
6.37
6.44
6.40
6.40
6.40
6.44
6.49
6.47
6.51
6.52
6.54
6.52
6.52
6.58
6.59
6.61
6.66
6.68
6.68
6.70
6.71
6.73
6.73
6.64
6.58
6.66
6.83
6.85
6.90
6.96
6.94
6.94
6.90
6.87
6.82
6.75
6.75
6.75
6.78
6.87
6.90
6.92
6.96
6.97
6.97
6.96
7.01
7.04
7.06
7.06
7.08
7.06
7.06
7.06
7.08
7.11
7.15
7.25
7.37
7.44
7.51
7.51
7.51
7.42
7.35
7.30
7.27
7.23
7.16
7.18
7.20
7.21
7.18
7.18
7.16
7.21
7.27
7.30
7.30
7.32
7.37
7.37
7.42
7.46
7.63
7.66
7.77
7.80
7.82
7.73
7.65
7.66
7.68
7.73
7.78
7.85
7.84
7.85
7.85
7.85
7.87
7.85
7.89
7.89
7.89
7.89
7.87
7.87
7.89
7.92
7.94
7.94
7.94
7.92
7.89
7.96
7.92
7.92
7.92
7.73
7.63
7.53
7.56
7.59
7.68
7.82
7.92
8.04
8.13
8.16
8.13
8.16
8.18
8.20
8.20
8.20
8.20
8.20
8.22
8.22
8.27
8.27
8.23
8.27
8.25
8.27
8.30
8.30
8.34
8.25
8.16
8.16
8.09
8.06
8.04
8.08
8.11
8.16
8.13
8.13
8.09
8.15
8.15
8.15
8.09
8.09
8.11
8.15
8.18
8.20
8.22
8.23
8.23
8.22
8.22
8.23
8.28
8.22
8.23
8.22
8.25
8.25
8.34
8.39
8.37
8.39
8.39
8.37
8.34
8.34
8.35
8.27
8.30
8.23
8.22
8.20
8.27
8.25
8.35
8.32
8.37
8.27
8.23
8.35
8.11
8.01
7.96
7.97
8.16
8.32
8.39
8.46
8.47
8.49
8.58
8.68
8.72
8.72
8.68
8.72
8.73
8.75
8.77
8.73
8.70
8.70
8.66
8.61
8.58
8.54
8.65
8.65
8.66
8.63
8.72
8.68
8.65
8.56
8.54
8.51
8.53
8.60
8.56
8.65
8.68
8.66
8.73
8.72
8.73
8.75
8.75
8.73
8.80
8.77
8.82
8.80
8.75
8.75
8.68
8.70
8.68
8.72
8.80
8.96
8.94
8.82
8.77
8.91
8.89
9.01
8.99
9.10
9.06
9.10
9.06
9.10
9.08
9.13
9.16
9.11
9.06
9.03
8.99
8.94
8.97
9.01
9.03
9.01
9.03
9.03
9.08
9.10
9.16
9.48
9.49
9.29
9.27
9.27
9.25
9.30
9.22
9.16
9.22
9.29
9.32
9.32
9.29
9.23
9.32
9.39
9.42
9.44
9.41
9.46
9.44
9.53
9.58
9.56
9.56
9.67
9.73
9.58
9.39
9.32
9.25
9.25
9.32
9.44
9.56
9.60
9.51
9.48
9.48
9.54
9.65
9.68
9.67
9.70
9.68
9.70
9.73
9.77
9.70
9.70
9.72
9.75
9.79
9.82
9.75
9.70
9.70
9.65
9.61
9.79
9.86
9.92
9.73
9.63
9.61
9.60
9.63
9.77
9.79
9.92
9.98
9.98
9.99
9.98
9.99
9.98
9.94
9.98
9.92
9.86
9.89
9.92
9.96
9.94
9.99
10.03
9.99
10.04
9.94
9.84
9.79
9.67
9.70
9.80
9.89
9.96
10.06
10.08
10.08
10.04
10.04
10.03
10.10
10.10
10.06
10.06
10.03
9.99
9.98
9.96
9.92
9.92
9.92
9.84
9.92
9.98
10.18
10.17
10.13
10.08
10.10
9.98
9.80
9.79
9.92
9.98
10.04
10.17
10.20
10.18
10.18
10.03
9.99
9.92
9.87
9.91
10.03
10.03
10.13
10.11
10.15
10.15
10.15
10.18
10.17
10.15
10.20
10.29
10.37
10.56
10.60
10.46
10.34
10.25
10.18
10.27
10.36
10.46
10.51
10.53
10.58
10.61
10.60
10.63
10.70
10.75
10.77
10.80
10.79
10.86
10.82
10.79
10.84
10.82
10.79
10.84
10.75
10.75
10.93
10.98
10.96
10.91
10.93
10.93
10.91
10.93
10.93
11.01
11.05
11.08
11.13
11.11
11.13
11.18
11.13
11.11
11.06
11.08
11.10
11.05
11.11
11.06
11.08
11.08
11.17
11.22
11.25
11.24
11.24
11.29
11.43
11.51
11.49
11.53
11.55
11.49
11.48
11.53
11.53
11.56
11.63
11.65
11.67
11.65
11.68
11.67
11.68
11.72
11.74
11.77
11.79
11.74
11.75
11.72
11.77
11.77
11.75
11.68
11.68
11.72
11.86
11.82
11.74
11.65
11.74
11.89
11.94
11.94
11.94
11.91
11.91
11.98
11.96
11.98
11.96
12.00
12.00
11.96
11.91
11.94
11.94
11.93
12.00
11.98
11.96
12.00
12.01
11.96
11.86
11.96
11.89
11.79
11.56
11.63
11.62
11.49
11.43
11.44
11.41
11.49
11.56
11.63
11.82
11.89
11.94
11.96
11.98
11.94
11.87
11.77
11.74
11.79
11.68
11.79
11.84
11.91
11.89
11.98
12.01
12.03
12.06
12.00
12.05
12.06
11.98
12.13
12.24
12.20
12.06
12.03
12.01
12.08
12.15
12.06
12.12
12.06
12.03
12.00
11.87
11.94
11.94
12.08
12.10
12.08
12.08
12.03
12.03
12.22
12.20
12.34
12.36
12.13
11.94
12.00
11.93
11.84
11.84
11.94
11.96
11.93
11.94
11.91
12.00
12.12
12.15
12.15
12.29
12.32
12.32
12.34
12.37
12.37
12.43
12.44
12.46
12.44
12.50
12.50
12.48
12.51
12.58
12.37
12.31
12.31
12.32
12.39
12.41
12.55
12.70
12.79
12.79
12.82
12.81
12.81
12.82
12.93
12.93
12.93
12.93
12.94
12.93
12.96
12.86
12.86
12.82
12.77
12.75
12.74
13.01
12.88
12.70
12.81
12.79
12.88
12.98
13.08
13.13
13.19
13.27
13.26
13.27
13.31
13.27
13.22
13.20
13.10
13.01
13.10
13.05
13.03
12.98
13.03
13.03
13.03
13.26
13.17
13.20
13.10
13.01
12.88
12.84
12.81
12.72
12.77
12.72
12.88
13.00
13.08
13.15
13.10
13.07
13.01
12.98
12.94
12.91
12.93
12.89
13.00
12.91
13.00
12.81
12.94
12.94
12.91
12.89
12.96
13.05
13.17
13.07
12.96
12.91
12.51
12.29
12.41
12.77
12.93
12.82
12.88
12.86
12.82
12.75
12.65
12.58
12.60
12.72
12.81
12.93
12.88
12.98
13.03
13.05
13.01
13.07
13.08
13.24
13.29
13.27
13.08
13.05
13.07
13.26
13.31
13.34
13.43
13.41
13.39
13.39
13.46
13.62
13.65
13.60
13.62
13.70
13.69
13.76
13.82
13.84
13.82
13.84
13.76
13.81
13.81
13.82
13.81
13.82
13.81
13.93
13.96
14.19
14.27
14.00
13.81
13.65
13.74
13.95
14.29
14.34
14.31
14.33
14.27
14.29
14.24
14.24
14.20
14.24
14.22
14.17
14.14
14.12
14.10
14.12
14.22
14.24
14.24
14.26
14.20
14.17
14.00
14.19
14.00
13.88
13.98
14.15
14.36
14.33
14.27
14.29
14.31
14.39
14.43
14.39
14.29
14.36
14.33
14.43
14.43
14.41
14.39
14.36
14.36
14.33
14.39
14.36
14.39
14.48
14.60
14.65
14.65
14.84
14.95
15.03
15.00
14.95
14.91
14.88
14.84
14.86
14.76
14.62
14.64
14.57
14.58
14.64
14.72
14.69
14.67
14.74
14.76
14.83
14.88
14.98
14.96
14.98
14.96
14.98
14.95
14.96
14.91
14.89
15.02
15.07
14.70
14.48
14.36
14.48
14.84
15.03
15.10
15.08
15.05
14.96
14.88
14.70
14.50
14.45
14.34
14.31
14.38
14.39
14.45
14.50
14.48
14.67
14.74
14.70
14.77
14.91
15.00
14.86
15.31
15.15
15.17
15.15
15.22
15.34
15.52
15.53
15.57
15.62
15.65
15.65
15.72
15.76
15.77
15.76
15.74
15.71
15.69
15.71
15.71
15.76
15.72
15.77
15.76
15.77
15.64
15.59
15.71
15.86
15.67
15.65
15.71
15.72
15.67
15.62
15.71
15.60
15.65
15.65
15.69
15.74
15.76
15.79
15.81
15.74
15.57
15.65
15.72
15.65
15.60
15.67
15.90
15.53
15.48
15.55
15.65
15.83
16.10
15.93
15.98
16.22
16.40
16.38
16.43
16.38
16.34
16.29
16.22
16.24
16.26
16.34
16.34
16.33
16.36
16.34
16.31
16.19
16.28
16.31
16.40
16.43
16.48
16.45
16.48
16.38
16.36
16.26
16.47
16.48
16.53
16.50
16.55
16.69
16.72
16.79
16.78
16.74
16.72
16.66
16.67
16.67
16.72
16.81
16.71
16.62
16.53
16.48
16.48
16.45
16.47
16.52
16.55
16.71
16.86
16.76
16.62
16.38
16.19
16.10
16.19
16.45
16.33
16.43
16.50
16.29
16.33
16.62
16.74
16.79
16.86
16.85
16.86
16.91
16.98
16.93
16.88
16.72
16.62
16.57
16.53
16.69
16.79
16.90
16.79
16.53
16.52
16.47
16.31
16.10
16.57
16.67
16.66
16.64
16.71
16.79
16.95
16.95
16.98
16.98
16.98
17.07
17.02
17.07
17.14
17.17
17.17
17.21
17.16
17.10
17.05
17.07
17.05
17.09
17.14
16.97
16.91
16.83
16.79
16.45
16.76
16.74
16.93
17.05
17.03
17.02
17.21
17.09
16.98
17.02
17.05
17.21
17.31
17.33
17.26
17.28
17.31
17.26
17.17
17.22
17.16
17.02
17.00
17.00
17.12
17.19
17.35
17.35
17.35
16.98
17.00
17.17
17.24
17.38
17.29
17.28
17.38
17.60
17.43
17.43
17.35
17.19
17.12
17.22
17.17
17.21
17.21
17.17
16.83
16.93
17.00
17.16
17.22
17.14
17.24
17.35
17.43
17.45
17.55
17.73
17.52
17.40
17.55
17.64
17.81
17.81
17.81
17.85
17.97
18.02
18.04
18.04
17.98
17.85
17.79
17.74
17.79
17.88
18.02
18.07
18.10
18.17
18.17
18.17
18.14
18.21
18.02
18.09
18.04
17.85
17.95
18.12
18.16
18.16
18.35
18.26
18.00
18.07
18.16
18.19
18.19
18.21
18.29
18.28
18.24
18.28
18.35
18.28
18.31
18.31
18.35
18.26
18.33
18.17
18.21
18.17
18.24
18.40
18.36
18.57
18.71
18.61
18.64
18.45
18.28
18.24
18.21
18.38
18.28
17.97
17.67
17.98
17.88
18.00
18.02
18.14
18.10
18.29
18.28
18.21
18.24
18.35
18.23
18.17
18.26
18.17
18.28
18.28
18.28
18.17
18.35
18.48
18.50
18.47
18.35
18.55
18.55
18.54
18.54
18.62
18.59
18.55
18.59
18.66
18.69
18.67
18.59
18.57
18.59
18.57
18.59
18.61
18.59
18.71
18.80
18.86
19.00
19.00
18.86
18.71
18.74
18.71
18.69
18.47
18.42
18.29
18.16
18.21
18.48
18.59
18.69
18.61
18.54
18.57
18.67
18.64
18.64
18.71
18.74
18.88
18.90
18.97
19.09
19.09
18.99
18.93
18.95
18.93
18.92
18.93
18.76
18.80
18.95
18.99
18.86
18.62
18.69
18.61
18.66
18.64
18.66
18.76
18.76
18.81
18.85
18.99
18.88
18.83
18.88
18.99
19.04
19.16
19.18
19.14
19.21
19.23
19.47
19.38
19.02
18.73
18.48
18.69
19.07
19.02
19.04
18.83
18.88
19.07
19.02
19.00
19.00
19.09
19.12
19.21
19.16
19.00
18.86
18.81
18.97
19.05
18.99
18.86
18.97
19.04
19.04
19.05
19.24
19.14
19.02
19.04
18.95
19.24
19.07
18.93
18.88
18.99
19.09
19.07
18.97
19.04
18.92
18.93
18.92
18.99
18.99
19.02
19.11
19.16
19.09
19.09
19.21
19.09
19.09
19.07
19.11
19.16
19.23
19.45
19.61
19.45
19.33
19.38
19.43
19.40
19.55
19.50
19.42
19.42
19.50
19.57
19.64
19.62
19.57
19.59
19.61
19.52
19.42
19.42
19.43
19.59
19.49
19.49
19.43
19.57
19.57
19.80
19.80
19.68
19.54
19.42
19.54
19.31
19.38
19.40
19.52
19.62
19.68
19.66
19.71
19.76
19.78
19.78
19.73
19.81
19.87
19.99
19.97
19.99
20.04
20.07
20.02
20.09
20.11
20.09
20.07
20.12
20.09
20.28
20.30
20.18
20.11
20.09
20.09
20.06
19.97
19.90
19.87
20.00
19.83
19.78
19.83
19.74
19.83
19.78
19.83
19.87
19.85
19.93
19.97
20.00
19.99
19.99
20.02
20.04
20.11
20.06
20.04
20.09
19.97
20.11
20.06
20.00
20.02
19.93
19.99
20.04
20.07
20.16
20.11
20.21
20.25
20.11
20.16
20.07
20.07
20.18
20.26
20.23
20.26
20.31
20.47
20.56
20.56
20.57
20.56
20.52
20.52
20.45
20.76
20.73
20.83
20.87
20.87
20.97
21.02
21.02
21.07
21.23
21.28
21.30
21.23
21.30
21.44
21.38
21.38
21.42
21.37
21.47
21.37
21.40
21.47
21.47
21.47
21.44
21.47
21.33
21.28
21.21
21.13
21.25
20.78
20.73
20.83
21.02
20.87
20.75
20.88
21.00
20.94
20.66
20.50
20.57
20.50
20.28
20.06
20.02
20.11
20.16
20.40
20.47
20.68
20.75
20.78
20.76
20.71
20.69
20.83
20.90
20.81
20.73
20.47
20.47
20.12
20.25
20.47
20.23
20.30
20.45
20.54
20.52
20.57
20.56
20.52
20.50
20.57
20.47
20.47
20.28
20.40
20.50
20.56
20.64
20.69
20.75
20.83
20.80
20.87
20.75
20.97
21.07
21.06
21.02
20.90
20.92
20.95
20.87
20.90
20.97
20.97
21.02
21.04
21.00
21.06
21.14
21.21
21.19
21.19
21.21
21.25
21.30
21.26
21.32
21.33
21.35
21.38
21.47
21.68
21.57
21.51
21.42
21.49
21.47
21.23
21.40
21.54
21.54
21.59
21.59
21.64
21.63
21.56
21.37
21.40
21.42
21.56
21.64
21.71
21.66
21.71
21.73
21.90
22.01
21.97
22.13
22.07
22.04
22.09
22.09
22.16
22.14
21.90
21.68
21.68
21.83
21.92
21.82
21.80
22.07
22.21
22.30
22.11
22.01
21.73
21.80
21.80
21.95
22.21
22.37
22.44
22.59
22.64
22.63
22.64
22.68
22.63
22.56
22.26
22.26
22.51
22.23
22.33
22.28
22.35
22.30
22.35
22.37
22.35
22.37
22.39
22.33
22.47
22.59
22.54
22.61
22.56
22.39
22.35
22.42
22.42
22.51
22.52
22.54
22.63
22.64
22.68
22.71
22.59
22.56
22.47
22.14
22.37
22.25
22.13
22.18
22.14
22.11
22.06
22.23
22.09
22.25
22.66
22.61
22.66
22.66
22.56
22.40
22.37
22.40
22.33
22.26
22.07
22.20
22.28
22.45
22.52
22.49
22.52
22.47
22.92
22.42
22.44
22.51
22.66
22.58
22.45
22.39
22.32
21.94
21.87
21.76
22.16
22.45
22.21
22.18
21.90
21.73
21.80
22.07
22.37
22.61
22.64
22.61
22.73
22.70
22.68
22.87
23.25
23.28
23.44
23.18
23.16
23.23
23.30
23.20
23.20
23.23
23.20
22.90
22.89
23.13
23.27
23.30
23.33
23.35
23.39
23.46
23.49
23.49
23.61
23.66
23.84
23.85
23.85
23.84
23.87
23.87
23.87
23.54
23.61
23.59
22.70
23.14
23.56
23.65
23.37
23.59
23.52
23.56
23.56
23.47
23.47
23.56
23.49
23.61
23.46
23.56
23.58
23.56
23.39
23.27
23.18
23.61
23.59
23.66
23.61
23.59
23.73
23.73
23.71
23.52
23.56
23.65
23.73
23.82
23.82
23.89
23.97
23.92
23.97
24.01
24.04
24.08
24.08
24.11
24.11
23.97
24.08
24.16
24.23
24.18
24.16
24.25
24.27
24.30
24.20
24.32
24.21
24.28
24.28
24.15
23.99
24.06
23.99
23.90
23.61
23.59
23.66
23.89
23.97
24.06
23.92
24.02
24.13
23.82
23.94
23.84
23.97
23.96
23.94
24.01
24.08
24.08
24.01
23.92
23.94
24.09
23.97
24.25
24.35
24.23
24.02
24.09
24.16
24.42
24.47
24.46
24.44
24.40
24.51
24.68
24.73
24.84
24.78
24.80
24.75
24.80
24.78
24.85
24.94
24.97
25.04
25.06
25.04
24.99
25.06
24.78
24.59
24.49
24.44
23.96
24.30
24.37
24.49
24.32
24.44
24.53
24.58
24.56
24.46
24.46
24.34
24.73
24.92
24.99
24.92
24.92
24.87
24.44
24.23
24.25
24.39
24.49
24.51
24.66
24.84
24.91
24.89
25.08
25.01
24.78
24.68
24.73
24.78
24.82
24.99
24.97
25.11
25.22
25.30
25.32
25.41
25.37
25.44
25.44
25.51
25.51
25.56
25.53
25.51
25.53
25.47
25.49
25.25
25.42
25.44
25.37
25.35
25.25
25.03
24.99
24.61
24.96
25.04
25.01
25.35
25.44
25.23
25.04
25.54
25.42
25.13
25.25
25.11
25.28
25.32
25.63
25.44
25.04
25.08
25.47
25.46
25.56
25.53
25.03
24.87
24.73
25.04
25.72
25.44
25.30
24.89
25.06
24.91
24.72
24.53
24.68
24.70
24.99
24.75
24.40
24.28
24.46
24.63
24.77
24.87
24.82
25.06
25.18
25.25
25.42
25.47
25.41
25.28
25.28
25.25
25.35
25.42
25.51
25.41
25.46
24.96
24.82
25.32
25.46
25.63
25.70
25.87
26.03
26.06
26.03
26.11
26.15
25.98
26.08
26.10
26.13
26.39
26.46
26.51
26.65
26.61
26.58
26.48
26.65
26.60
26.54
26.61
26.60
26.68
26.63
27.05
26.87
26.89
26.89
26.86
26.94
26.99
27.13
27.24
27.27
27.25
27.36
27.32
27.44
27.42
27.49
27.51
27.53
27.58
27.58
27.65
27.65
27.56
27.63
27.80
27.56
27.44
27.32
27.20
26.80
26.86
27.05
27.10
27.05
27.05
27.06
27.11
27.13
27.18
27.32
27.27
27.37
27.32
27.34
27.44
27.41
27.53
27.32
27.36
27.36
27.37
27.49
27.49
27.55
27.55
27.65
27.65
27.67
27.60
27.27
26.61
26.61
26.56
26.80
26.65
26.53
26.60
26.72
26.94
26.92
26.75
26.89
26.96
26.89
26.80
26.65
26.63
26.63
26.10
25.82
26.01
26.22
26.41
26.20
26.49
26.87
26.51
26.60
26.82
26.92
27.11
27.25
27.37
27.37
27.42
27.30
27.46
27.70
27.65
27.72
27.61
27.49
27.53
27.49
27.65
27.32
27.36
27.61
27.30
27.25
27.42
27.46
27.53
27.55
27.51
27.70
27.56
27.77
27.79
27.68
27.36
27.67
27.79
27.91
27.94
27.89
27.99
27.94
27.98
28.17
28.43
28.20
28.22
28.20
28.34
28.39
27.87
27.41
27.46
27.22
27.22
27.37
27.86
28.36
28.22
27.99
28.01
28.03
28.39
27.75
27.68
27.75
27.89
27.67
27.72
27.75
27.84
27.82
27.98
28.05
28.12
28.13
28.13
28.01
27.89
27.87
27.89
27.98
27.94
28.03
28.08
28.08
28.20
28.18
28.31
28.29
28.27
28.06
28.20
28.06
27.67
27.53
27.60
28.05
28.10
28.36
28.43
28.36
28.31
28.15
28.15
28.22
28.24
28.31
28.53
28.55
28.51
28.55
28.63
28.70
28.67
28.68
28.70
28.70
28.74
28.84
29.06
28.60
28.37
28.17
28.03
27.96
28.08
27.93
28.10
28.32
28.41
28.51
28.58
28.58
28.63
28.68
28.70
28.34
28.74
28.89
28.82
28.84
28.87
28.94
28.96
29.03
28.98
28.89
28.51
28.29
28.46
28.60
28.27
28.43
28.60
28.81
28.63
28.68
28.72
28.65
28.58
28.48
28.86
29.15
29.00
29.06
29.13
27.98
28.03
28.46
28.65
28.62
28.60
28.51
28.15
28.32
28.24
27.84
27.94
28.43
29.01
29.20
28.84
28.48
28.18
28.43
28.74
28.79
28.89
29.10
28.77
28.89
29.08
29.36
29.36
29.41
29.44
29.60
29.88
29.93
29.79
29.86
29.86
29.81
29.84
29.55
29.38
29.58
29.69
29.82
29.88
29.50
29.72
29.39
28.93
28.91
29.55
29.70
29.67
29.65
29.69
29.43
29.00
29.01
28.82
28.86
29.03
29.25
29.46
29.48
29.51
29.58
29.50
29.46
29.50
29.53
29.58
29.62
29.57
29.62
29.86
29.89
30.12
30.03
29.88
29.75
29.75
29.84
29.77
29.69
29.65
29.67
29.86
29.89
30.01
30.22
30.38
30.41
30.38
30.32
30.34
30.29
30.34
30.34
30.38
30.45
30.36
30.39
30.45
30.53
30.46
30.36
30.12
29.75
29.86
29.96
30.03
30.00
29.93
29.63
29.67
29.94
29.82
29.57
29.60
29.91
30.07
30.15
30.13
30.00
30.20
30.34
30.48
30.46
30.62
30.31
30.43
30.51
30.57
30.48
30.43
30.17
29.89
29.86
30.13
30.31
30.22
30.19
30.13
30.32
30.12
30.03
30.45
30.34
30.20
30.36
30.36
30.36
29.82
29.72
29.46
30.07
30.32
30.15
29.89
29.58
29.41
29.86
29.62
29.19
29.81
29.82
29.48
28.63
28.77
28.86
28.86
28.67
28.20
28.22
28.62
28.56
28.41
27.77
28.15
28.49
28.46
28.44
28.56
28.65
28.41
28.24
28.44
28.70
28.63
28.25
28.15
28.39
28.74
29.06
29.00
29.03
29.32
29.51
29.50
29.67
29.29
29.27
29.36
29.01
28.96
29.27
29.41
29.43
29.41
29.27
29.22
29.03
29.10
29.17
29.36
29.44
29.48
29.34
29.32
29.44
29.69
29.55
29.55
29.41
29.46
29.34
29.57
29.39
29.46
29.32
29.55
29.72
29.46
29.62
29.51
29.46
29.50
29.31
29.46
29.32
29.46
29.46
29.39
29.43
29.55
29.67
29.53
29.29
29.36
29.43
29.62
29.81
29.69
29.58
29.50
29.34
29.29
29.13
29.10
29.06
29.31
29.38
29.53
29.69
29.75
30.07
30.15
30.08
29.94
29.86
29.75
29.53
29.36
29.27
29.27
29.36
29.57
29.74
29.89
29.86
29.82
29.86
30.07
30.05
29.93
29.48
29.44
29.55
29.74
29.81
29.69
29.75
29.82
29.91
29.82
29.86
29.89
29.63
29.84
29.74
29.69
29.86
29.88
30.10
30.05
30.10
30.01
30.07
29.96
30.03
30.01
29.98
30.08
29.72
29.75
29.55
29.70
29.48
29.50
29.69
29.72
29.55
29.63
29.53
29.62
29.60
29.70
29.84
29.89
29.79
29.69
29.98
30.10
29.91
30.00
30.13
30.20
30.32
30.07
30.24
30.36
30.20
30.24
30.05
29.75
29.57
29.69
29.75
30.01
29.67
29.86
30.01
30.15
30.39
30.57
30.74
30.84
30.57
30.26
29.46
29.77
30.27
30.29
30.48
30.51
30.64
30.50
30.24
30.22
30.24
30.46
30.64
30.89
30.69
30.60
30.43
30.39
30.48
30.74
30.70
30.70
30.79
30.77
30.88
31.14
31.17
31.27
31.29
31.19
31.12
31.15
31.20
31.45
31.34
31.33
31.26
31.45
31.45
31.52
31.69
31.64
31.74
31.77
31.62
31.76
31.57
31.55
31.26
31.39
31.45
31.57
31.39
31.45
31.55
31.60
31.52
31.65
31.64
31.65
31.69
31.65
31.81
31.86
31.88
31.76
31.79
31.90
31.81
31.55
31.67
31.71
31.60
31.74
31.69
31.55
31.10
30.62
30.48
31.31
31.24
31.22
31.45
31.38
31.36
31.52
31.53
31.65
31.72
31.88
31.76
31.60
31.57
31.34
31.26
31.50
31.72
32.00
32.00
31.96
32.10
32.03
31.79
31.67
31.53
31.48
31.34
31.01
30.91
30.89
30.86
31.00
31.52
31.41
31.46
31.69
31.69
31.64
31.69
31.71
31.67
31.69
31.67
31.65
31.65
31.79
31.67
31.69
31.69
31.86
32.00
32.02
31.98
31.95
32.12
32.03
31.86
31.72
31.55
31.50
31.45
31.84
32.07
32.19
32.38
32.40
32.22
31.91
31.71
31.24
31.46
31.39
31.58
31.77
31.74
32.05
32.15
32.22
32.26
32.31
32.40
32.27
32.21
32.26
32.33
32.46
32.22
32.34
31.96
32.17
32.21
32.33
32.15
31.95
32.21
32.07
32.27
32.27
31.86
31.72
31.76
31.76
31.88
31.88
32.19
32.33
32.52
32.65
32.62
32.65
32.74
32.76
32.81
32.91
32.93
33.19
32.60
32.27
32.27
32.53
32.19
32.31
32.86
32.97
33.10
33.26
33.19
33.02
32.78
32.84
33.07
33.05
33.02
32.88
32.93
32.98
32.90
33.24
33.34
33.33
33.19
32.78
32.52
32.67
32.76
32.69
32.62
32.52
32.27
32.64
32.59
32.40
32.43
32.41
32.55
32.71
32.78
32.65
32.59
32.62
32.71
32.71
32.71
33.19
33.19
33.33
33.22
33.17
32.91
32.88
32.69
32.90
32.90
33.00
32.91
32.90
32.88
32.72
32.93
32.91
32.81
33.15
33.12
33.10
33.00
32.98
32.74
32.60
32.38
32.86
33.05
32.97
33.00
33.00
32.91
32.78
32.60
32.50
32.64
32.81
33.02
33.31
33.53
33.76
33.78
33.78
33.72
33.50
33.33
33.50
33.38
33.41
33.57
33.71
33.79
33.26
33.14
33.14
32.97
33.09
33.09
33.09
33.05
32.79
32.83
33.03
33.05
33.14
33.12
33.19
32.98
33.05
32.90
33.10
33.34
33.53
33.28
32.81
32.57
32.59
32.69
32.98
32.88
33.10
32.95
33.05
33.29
33.38
33.52
33.48
33.47
33.66
33.48
33.43
33.43
33.40
33.45
33.64
33.66
33.67
33.74
33.67
33.71
33.67
33.67
33.62
33.48
33.36
33.67
33.69
33.48
33.66
33.59
33.64
33.38
33.07
32.81
33.17
32.74
32.59
32.65
32.71
32.72
32.91
33.02
32.93
33.05
33.45
33.45
33.66
33.48
33.21
33.21
33.03
33.15
33.38
33.69
33.34
33.38
33.45
33.91
33.95
33.88
33.93
34.02
33.91
33.59
33.60
33.53
33.55
33.67
33.93
34.12
34.16
34.04
33.76
33.48
33.09
33.17
33.15
33.24
33.29
33.45
33.55
33.48
33.40
33.64
33.29
33.24
33.26
33.34
33.64
33.62
33.78
33.79
33.78
33.97
33.86
34.04
33.98
33.95
33.97
34.04
34.12
34.05
34.09
34.12
34.14
34.24
33.91
33.98
34.00
34.16
34.02
34.12
34.10
33.91
33.85
33.90
33.81
33.88
33.97
34.19
33.91
33.88
33.79
34.00
33.95
34.16
34.24
34.16
34.14
34.28
34.16
34.12
34.21
34.21
34.17
34.31
34.31
34.43
34.50
34.48
34.54
34.29
34.45
34.76
35.09
35.19
35.36
35.23
35.30
35.02
35.00
35.21
35.21
34.97
34.95
34.90
34.93
35.12
35.14
35.00
34.97
34.85
34.66
34.81
34.97
34.93
34.85
35.05
34.90
34.85
34.78
34.81
35.04
34.93
34.97
35.05
35.28
35.40
35.45
35.54
35.55
35.11
35.07
35.31
35.48
35.48
35.50
35.59
35.47
35.42
35.02
35.43
35.50
35.42
35.30
35.12
34.78
34.78
34.86
35.05
35.21
35.11
35.00
34.90
34.62
34.78
35.04
34.86
34.85
34.88
34.93
35.12
35.24
35.28
35.45
35.35
35.35
35.12
35.21
35.11
35.17
35.16
35.28
35.16
34.81
35.17
35.30
35.62
35.57
35.67
35.73
35.76
35.74
35.86
35.09
35.00
34.97
35.04
35.04
34.81
35.17
35.19
35.33
34.97
35.07
34.60
34.50
34.62
34.73
34.85
34.90
35.02
35.07
35.33
35.43
35.28
35.36
35.30
35.48
35.14
34.71
34.85
34.79
34.66
34.64
34.93
34.90
34.95
35.17
35.30
35.21
35.05
34.85
35.04
35.14
35.23
34.98
34.93
34.85
34.98
34.98
35.07
34.76
34.88
35.38
35.66
35.40
35.23
35.17
35.17
35.24
35.11
34.79
34.62
34.76
34.47
34.23
34.43
34.41
34.29
34.12
34.17
34.04
34.10
34.24
34.04
34.35
34.36
34.73
34.83
34.62
34.40
34.64
34.62
34.90
34.98
35.11
35.14
35.26
35.23
35.21
35.14
35.07
34.86
34.93
35.17
35.02
34.85
34.59
34.81
34.95
34.74
34.62
35.23
35.43
35.59
35.48
35.55
35.54
35.57
35.40
35.69
35.83
35.83
35.81
35.73
35.76
35.81
35.64
35.47
35.54
35.69
35.45
35.66
35.52
35.55
35.61
35.57
35.43
35.59
35.71
35.47
35.17
35.28
35.71
35.81
35.76
35.69
35.64
35.31
35.16
34.88
34.79
34.83
35.16
35.23
35.11
35.09
35.48
35.02
34.95
34.67
34.93
35.48
35.66
35.83
35.76
35.74
35.90
36.12
36.14
35.97
36.12
36.26
36.49
36.30
36.30
36.30
36.54
36.49
36.49
36.43
36.52
36.42
36.38
36.54
36.73
36.35
36.12
35.95
35.86
35.67
35.76
35.57
35.76
35.66
36.00
35.66
36.21
36.42
36.42
36.54
36.64
36.35
36.12
35.99
35.90
35.95
36.07
36.14
36.18
36.21
36.26
36.35
36.50
36.52
36.38
36.71
36.61
36.64
36.78
36.74
36.40
36.05
35.90
35.92
35.99
36.02
35.93
36.11
35.99
36.04
35.78
35.88
35.71
35.88
35.76
35.83
35.80
35.76
35.85
35.69
35.69
35.85
35.45
35.31
35.50
35.45
34.85
34.95
35.71
35.92
35.66
35.40
35.23
35.14
35.19
35.31
35.23
35.42
35.05
35.09
35.30
35.36
35.45
35.81
35.88
36.21
36.24
36.28
36.40
36.24
35.47
35.81
36.16
36.26
36.24
36.40
36.33
36.52
36.57
36.83
37.06
37.00
36.87
36.80
36.40
36.42
36.19
35.93
36.00
35.73
35.69
35.69
35.31
35.35
35.45
35.36
35.95
36.07
35.59
35.55
35.36
35.48
35.45
35.52
36.04
36.23
36.16
36.07
35.92
35.64
35.59
35.71
35.74
35.55
35.61
35.35
35.30
35.80
36.37
36.68
36.78
36.74
36.14
36.33
36.12
35.99
35.99
36.38
36.57
36.57
36.19
36.45
36.71
36.80
36.93
36.69
36.64
36.30
36.12
36.31
36.23
35.99
35.19
35.00
35.04
35.57
35.99
36.14
36.21
36.28
36.35
36.66
36.38
36.45
36.61
36.71
36.66
36.57
36.50
36.56
36.66
36.83
36.78
36.85
36.85
36.90
37.18
37.09
37.09
37.35
37.50
37.57
37.37
37.26
37.35
36.93
36.99
37.07
37.19
37.23
37.49
37.63
37.85
37.83
37.90
37.80
37.88
37.83
37.68
37.59
37.75
37.73
37.54
37.26
37.25
37.40
37.25
37.52
37.28
37.38
37.21
37.06
37.04
37.56
37.99
37.94
38.02
37.97
38.18
38.19
38.14
37.95
37.97
38.13
37.99
38.09
38.00
38.07
38.04
37.95
37.78
37.80
37.73
37.76
37.68
37.80
37.75
37.71
38.06
38.16
37.80
37.68
37.14
36.99
37.02
37.21
37.23
37.54
37.45
37.50
37.42
37.49
37.45
37.63
37.54
37.49
37.59
37.80
37.81
37.85
38.02
38.13
38.21
38.40
38.18
38.26
38.11
37.90
37.97
38.02
37.85
37.90
38.02
37.81
37.63
37.37
37.52
37.49
37.71
37.88
37.85
37.68
37.80
37.80
37.90
37.81
37.21
37.14
37.00
37.28
37.59
37.61
37.76
37.69
37.54
37.68
37.61
37.66
37.40
37.09
37.25
37.37
37.21
36.78
36.93
37.31
37.61
37.31
37.45
37.50
37.47
37.63
37.76
37.95
38.11
37.64
37.75
37.59
37.66
37.71
37.66
37.71
37.73
37.80
37.73
38.02
38.11
38.16
38.07
37.75
37.68
37.37
37.16
37.21
37.23
37.42
37.38
37.61
37.61
37.75
38.04
37.87
37.95
38.00
38.06
38.00
38.02
38.07
38.11
38.33
38.40
38.44
38.44
38.49
38.54
38.28
38.25
38.35
38.16
38.28
38.38
38.47
38.45
38.30
38.26
38.44
38.38
38.45
38.35
38.14
38.25
38.21
38.44
38.28
38.35
38.28
38.26
38.37
38.23
38.21
38.44
38.38
38.28
38.14
37.88
37.88
37.80
38.14
38.07
37.88
37.92
37.76
37.80
37.40
37.76
37.87
37.78
37.95
38.04
38.30
38.33
38.45
38.26
38.26
38.26
38.35
38.19
38.25
37.78
38.06
37.81
37.95
38.07
38.07
38.23
38.28
38.32
38.16
38.14
37.97
37.54
37.38
38.13
38.26
37.76
37.69
37.69
37.78
37.94
37.99
38.35
38.75
38.64
38.57
38.49
38.66
38.61
38.71
38.90
38.89
38.83
38.85
38.99
38.97
38.94
38.76
38.61
38.64
38.45
38.21
37.90
37.56
37.80
38.38
38.57
38.73
38.83
38.45
38.68
38.52
38.26
38.18
38.06
38.04
38.14
38.47
38.56
38.28
38.23
38.56
38.75
38.83
39.16
38.99
39.01
39.07
39.32
39.18
38.89
39.07
39.49
39.35
39.52
39.52
39.40
39.28
39.49
39.51
39.51
39.66
39.82
39.85
39.51
39.01
39.25
39.35
39.51
39.47
39.52
39.26
39.16
39.42
39.49
39.64
39.66
39.73
39.75
39.68
38.99
38.68
39.16
38.82
38.80
38.63
38.71
38.94
39.02
39.26
39.39
39.09
38.87
38.92
39.20
39.37
39.23
39.37
39.42
39.64
39.66
39.47
39.47
39.64
39.26
39.25
39.33
39.02
39.25
39.42
39.63
39.09
39.06
39.04
39.06
39.16
39.21
39.09
39.01
39.13
39.30
39.47
39.39
39.42
39.89
39.87
39.77
39.68
39.59
39.64
39.58
39.56
39.77
39.78
39.42
39.42
39.40
39.39
39.58
39.20
39.42
38.97
38.90
38.63
38.94
38.97
39.02
39.20
38.85
38.26
38.59
38.92
39.33
39.21
39.30
39.23
38.94
38.85
39.09
39.30
39.61
39.61
39.51
39.45
39.44
39.66
39.51
39.56
39.49
39.59
39.23
39.44
39.21
38.90
39.39
39.25
39.14
38.83
38.97
39.13
39.28
39.47
39.18
39.45
39.49
39.47
39.52
39.51
39.32
39.35
39.40
39.77
39.75
39.73
39.63
39.82
39.96
40.14
40.06
39.85
40.01
40.04
39.96
39.71
39.70
39.85
39.73
39.68
39.80
39.89
39.97
39.90
39.80
39.78
39.89
39.99
40.06
40.01
40.06
40.20
40.30
40.46
40.30
40.28
40.11
39.83
39.75
39.66
39.63
39.73
39.09
38.99
39.20
39.40
39.52
39.54
39.52
39.56
39.58
39.87
39.92
40.18
40.21
40.42
40.54
40.68
40.66
40.65
40.49
40.59
40.75
40.90
40.96
41.16
41.18
40.78
40.82
40.89
40.99
41.09
40.51
40.59
40.28
40.42
40.70
40.66
40.71
40.58
40.61
40.58
40.33
40.37
40.65
41.20
41.03
40.87
40.68
40.61
40.66
40.37
40.32
40.28
40.71
40.89
40.92
40.73
40.58
41.04
40.84
40.51
39.94
39.06
39.51
40.32
40.18
39.99
40.04
40.18
40.54
41.01
40.96
40.99
41.04
41.09
41.25
41.23
41.46
41.68
41.75
41.61
41.70
41.68
41.72
41.65
41.72
41.70
41.65
41.70
41.34
41.16
40.99
40.82
41.08
40.97
40.39
40.18
40.78
40.89
41.01
41.04
41.08
41.25
41.25
41.28
41.08
40.94
41.03
41.23
41.20
41.18
41.34
41.40
41.23
41.37
41.39
41.49
41.47
41.56
41.59
41.56
41.34
40.66
40.85
41.22
41.65
41.66
41.72
41.73
41.58
41.65
41.89
42.03
41.47
41.37
41.63
41.75
41.66
41.84
41.85
42.03
41.97
42.13
42.18
42.37
42.41
42.30
42.15
42.20
42.15
41.58
41.53
41.46
41.39
41.16
40.94
40.99
41.03
41.22
41.23
41.27
41.25
41.20
41.53
41.34
41.30
41.61
41.22
41.44
41.46
41.16
41.06
41.28
41.32
41.20
41.39
41.73
41.85
41.70
41.77
41.61
41.63
41.32
41.13
41.63
41.51
41.72
41.34
41.13
41.23
41.49
41.37
41.01
41.09
41.39
41.28
41.40
41.15
41.15
40.82
40.99
41.40
41.42
41.53
41.51
41.70
41.56
41.42
41.65
41.53
41.51
41.27
41.32
41.13
41.61
41.34
41.68
41.42
41.85
41.73
41.51
41.46
41.34
41.46
41.70
41.73
41.72
42.13
42.13
42.18
42.35
42.53
42.61
42.72
42.91
42.87
42.92
42.80
42.42
42.41
42.20
42.53
42.53
42.96
43.08
43.23
42.96
42.68
42.79
42.96
42.99
42.87
42.49
42.61
43.10
43.25
43.08
43.03
43.20
43.22
43.20
43.17
43.18
43.25
43.20
43.10
42.99
42.96
43.36
43.67
43.67
43.41
42.68
42.39
42.87
43.30
42.73
43.01
43.32
43.46
43.68
43.75
43.56
43.68
43.70
43.86
43.91
43.82
43.75
43.25
43.13
43.37
43.63
43.68
43.60
43.70
42.98
42.73
43.06
43.56
43.98
44.15
44.01
43.72
43.63
43.82
43.51
43.30
43.39
43.42
43.23
43.23
43.53
43.68
44.22
44.44
44.41
43.98
43.68
43.75
43.53
43.30
43.48
44.17
44.18
44.37
44.15
43.84
44.05
43.82
43.44
43.27
42.82
42.58
42.91
42.66
43.22
43.49
43.80
43.55
43.44
43.30
43.68
43.51
43.56
43.30
43.77
43.72
43.87
43.79
44.01
44.25
44.13
44.15
44.24
44.62
44.37
44.36
44.55
44.34
44.37
43.82
43.68
43.42
43.48
43.70
43.51
43.89
44.08
44.08
43.84
43.94
43.79
43.72
43.67
43.91
44.10
44.18
44.32
44.39
44.27
44.03
44.05
43.87
43.87
43.96
44.27
44.39
44.22
44.24
44.13
44.01
43.91
44.01
44.18
44.03
44.13
44.36
44.60
44.49
44.68
44.51
44.53
44.65
44.77
44.68
44.44
44.11
44.10
44.34
44.39
44.44
44.67
44.62
44.80
44.58
44.22
44.62
44.84
44.80
44.41
44.37
44.34
44.20
44.20
44.34
44.74
44.87
44.60
44.46
44.01
44.41
44.70
44.89
44.86
45.03
45.03
44.60
44.32
44.48
44.44
44.89
44.75
44.75
44.84
45.13
45.18
45.48
45.31
45.31
45.18
44.75
44.17
43.89
43.96
44.29
44.48
44.51
44.08
44.29
44.43
44.36
44.22
44.37
44.70
44.77
44.63
44.60
44.79
44.75
44.62
44.51
44.53
44.53
44.63
44.43
44.37
44.55
44.96
44.77
44.51
44.39
44.72
44.65
44.56
44.60
44.62
44.41
44.56
44.75
44.63
44.63
44.70
44.79
45.15
45.17
45.03
45.20
45.18
45.27
45.24
45.15
45.24
45.36
45.34
45.36
45.39
45.58
45.67
45.69
45.75
45.62
45.27
45.08
44.84
44.77
44.89
45.15
45.20
45.13
44.72
44.84
44.93
44.84
44.96
45.03
44.74
44.25
44.30
44.11
44.30
44.68
44.89
44.89
44.84
44.70
44.72
44.75
45.22
45.25
45.05
44.79
44.87
44.51
44.41
44.17
44.87
44.82
44.72
44.82
44.58
44.44
44.67
44.56
44.93
44.93
45.06
45.44
45.34
45.20
45.22
45.13
44.80
44.84
45.25
45.31
44.86
44.27
44.43
45.17
45.20
45.08
44.55
44.75
44.55
44.48
44.44
44.20
44.39
44.30
44.44
44.48
44.80
44.77
45.06
45.06
45.01
44.89
45.06
45.25
45.41
45.17
44.96
44.44
44.46
44.27
44.37
44.56
44.63
44.49
44.39
44.37
44.99
45.13
44.91
45.06
45.10
45.31
45.12
44.68
44.43
45.37
45.39
45.06
44.94
44.86
44.68
45.08
44.94
44.93
44.51
44.93
44.58
44.20
44.25
44.70
44.53
45.06
45.17
44.98
44.77
44.87
44.80
45.44
45.25
45.12
45.17
45.39
45.31
45.27
45.13
44.96
44.87
45.37
45.41
45.39
45.46
45.36
45.51
45.46
44.96
45.18
45.03
44.94
45.15
45.06
45.46
45.41
45.43
45.41
45.43
44.89
44.39
44.39
44.20
43.98
43.99
44.22
44.27
44.20
44.25
44.25
44.29
44.56
44.43
44.53
44.63
45.08
44.93
45.03
45.20
45.46
45.25
45.15
45.41
45.74
45.62
45.53
45.34
45.10
45.36
45.27
43.92
44.37
44.93
44.75
44.86
44.70
45.15
45.24
44.98
44.74
44.86
45.10
45.56
45.24
45.25
45.15
45.43
45.50
45.43
45.74
45.65
45.86
45.96
45.96
45.84
45.82
45.69
46.03
46.06
45.96
45.44
45.86
45.60
45.62
45.56
45.69
46.12
46.06
45.93
45.58
45.58
45.69
45.48
45.63
45.55
45.32
45.50
45.31
45.27
45.37
45.44
45.25
45.24
45.44
45.60
45.37
45.46
45.91
46.03
46.24
46.08
45.89
45.77
46.03
45.72
45.82
46.24
46.19
46.24
46.31
46.20
46.17
45.79
45.72
46.19
46.41
46.27
46.39
46.29
46.44
46.60
46.48
46.67
46.74
46.91
47.00
47.15
47.07
46.67
46.58
46.46
46.77
46.51
46.65
47.22
47.38
47.72
47.27
47.36
47.39
47.38
46.81
46.72
47.08
47.29
47.26
47.34
47.34
47.27
47.13
47.29
47.72
47.88
47.76
47.46
47.43
47.51
47.34
47.07
46.91
46.84
46.91
46.84
46.50
46.79
46.74
46.84
46.84
47.01
46.91
47.10
47.17
47.15
46.81
47.01
47.65
47.53
47.50
47.29
46.82
47.01
47.32
47.27
47.41
47.26
47.36
47.93
47.98
47.88
47.95
47.83
47.81
47.74
47.36
46.98
47.20
47.22
47.36
47.22
47.79
47.77
47.32
46.67
46.25
46.19
45.81
45.72
45.84
46.22
46.15
46.08
46.15
46.03
46.25
46.36
46.24
45.93
46.29
46.32
46.15
45.82
46.32
46.17
46.48
46.63
46.72
46.82
46.86
47.12
47.12
47.29
47.20
46.96
47.13
47.01
47.01
47.03
46.89
47.00
46.96
47.05
47.20
47.34
47.24
47.32
47.45
47.50
47.50
47.60
47.86
48.38
48.26
48.07
47.88
47.93
47.84
47.98
47.96
48.34
48.36
48.21
48.10
48.19
48.24
48.43
48.38
48.45
48.48
48.46
48.62
48.58
48.64
48.72
48.77
48.83
48.58
48.52
48.38
48.05
48.19
47.91
47.86
47.43
47.45
47.64
47.57
47.57
47.51
47.36
47.51
47.57
47.60
47.72
47.72
47.89
47.89
47.95
47.83
48.03
47.98
48.08
48.22
48.22
48.31
48.29
48.24
48.27
48.43
48.58
48.58
48.17
47.65
47.86
47.43
47.64
47.88
48.00
48.15
48.39
48.46
48.64
48.77
48.55
48.31
48.62
48.67
48.72
48.86
48.12
48.03
48.08
48.19
48.10
48.83
48.72
49.03
48.90
48.71
48.52
48.43
48.14
48.15
48.33
48.17
48.24
48.17
48.26
48.50
48.77
48.90
48.88
48.84
48.93
49.28
49.03
49.07
49.33
49.40
49.17
48.95
48.86
49.10
48.95
49.07
49.03
49.05
48.95
48.98
49.00
49.59
49.59
49.52
49.46
49.02
49.07
49.38
49.40
49.50
49.67
49.71
49.72
49.79
50.00
49.88
50.00
49.83
49.62
49.53
49.69
49.79
49.46
49.46
49.31
49.52
49.46
49.40
49.45
49.29
49.05
49.12
49.07
49.03
49.09
48.90
49.00
49.19
49.29
49.31
49.71
49.60
49.62
49.98
50.02
50.16
50.17
50.12
50.10
50.36
50.24
50.24
50.29
50.28
50.21
50.45
50.47
50.31
50.35
50.41
49.91
49.97
50.10
50.09
50.28
50.41
50.64
50.78
50.36
50.29
50.50
50.60
50.71
50.76
50.97
50.97
50.90
50.90
50.79
51.02
50.95
50.88
51.05
51.00
51.05
50.88
50.83
50.86
50.90
50.52
50.62
50.57
50.41
49.95
50.31
50.64
49.97
49.91
50.05
49.97
49.81
49.93
49.97
50.19
50.10
50.10
50.22
50.16
50.21
50.36
50.21
50.21
50.35
50.45
50.41
50.62
50.66
50.81
50.81
50.74
50.45
50.19
50.54
50.57
50.28
50.12
50.26
50.03
49.95
50.33
50.22
50.02
50.14
50.31
50.26
50.36
50.10
49.93
49.98
49.95
50.09
49.90
50.14
50.24
50.48
50.45
50.62
50.24
50.05
50.21
50.81
50.98
50.83
50.97
50.95
50.93
51.04
51.12
51.36
51.76
51.43
51.35
51.14
51.42
51.50
51.40
51.16
51.09
51.02
51.12
51.04
51.07
50.95
51.02
51.21
51.31
51.29
51.28
51.05
50.78
50.74
50.47
50.66
50.74
50.43
50.40
50.66
50.81
50.91
50.54
50.19
50.40
50.41
50.74
50.69
50.76
50.78
51.45
51.14
51.17
51.26
51.29
51.16
51.38
51.43
51.59
51.52
51.50
51.35
51.07
50.83
50.81
50.81
50.98
51.21
50.98
51.09
50.71
50.85
51.05
50.78
50.98
51.07
51.10
51.38
51.24
51.35
51.47
51.54
51.64
51.57
51.57
51.52
51.52
51.67
51.78
51.97
51.78
51.88
51.88
51.95
51.38
51.43
51.48
51.42
51.52
51.26
51.48
51.38
51.50
51.73
51.88
52.04
51.73
51.43
51.35
51.55
51.67
51.81
52.07
52.12
52.24
52.19
52.42
52.17
52.02
52.09
52.04
52.05
51.93
51.95
51.85
51.90
51.79
51.64
51.81
51.93
51.79
51.98
51.62
51.69
51.83
51.83
51.92
51.67
51.64
51.28
51.73
52.14
51.90
51.83
51.83
51.97
51.85
51.95
51.78
51.62
51.79
51.93
51.81
51.59
50.79
50.69
51.24
51.55
51.71
51.66
51.73
51.73
51.81
51.76
51.98
51.55
51.10
50.91
50.93
51.45
51.12
51.47
51.81
51.95
52.26
52.12
51.86
51.45
51.64
