0.52
0.52
0.52
0.52
0.52
0.52
0.52
0.52
0.54
0.54
0.62
0.52
0.52
0.52
0.52
0.52
0.52
0.52
0.52
0.52
0.52
0.52
0.52
0.52
0.52
0.52
0.52
0.52
0.52
0.52
0.52
0.54
0.74
0.79
0.74
0.74
0.74
0.76
0.74
0.74
0.74
0.74
0.72
0.72
0.72
0.72
0.72
0.72
0.72
0.74
0.71
0.71
0.71
0.72
0.72
0.72
0.72
0.72
0.74
0.72
0.72
0.71
0.69
0.67
0.71
0.71
0.71
0.78
0.83
0.86
0.93
0.93
0.95
0.95
0.95
0.98
0.97
0.98
1.02
1.05
1.04
1.05
1.07
1.05
1.05
1.04
1.05
1.05
1.04
1.07
1.02
1.02
1.02
1.02
1.05
1.12
1.21
1.31
1.42
1.45
1.47
1.47
1.43
1.47
1.45
1.47
1.47
1.47
1.45
1.45
1.45
1.45
1.45
1.45
1.45
1.45
1.45
1.45
1.47
1.48
1.48
1.48
1.48
1.52
1.50
1.50
1.50
1.54
1.54
1.54
1.59
1.59
1.55
1.52
1.54
1.55
1.54
1.54
1.52
1.52
1.52
1.52
1.52
1.50
1.48
1.47
1.47
1.47
1.47
1.47
1.47
1.47
1.48
1.52
1.50
1.52
1.52
1.57
1.62
1.64
1.62
1.66
1.64
1.62
1.61
1.61
1.59
1.61
1.61
1.59
1.59
1.59
1.57
1.57
1.57
1.57
1.57
1.57
1.57
1.57
1.59
1.62
1.64
1.66
1.69
1.73
1.74
1.76
1.83
1.97
2.04
2.05
2.11
2.07
2.04
1.92
1.92
1.86
1.86
1.88
1.88
1.88
1.98
2.02
2.02
2.02
2.02
2.04
2.04
2.05
2.07
2.05
2.07
2.05
2.05
2.07
2.07
2.09
2.12
2.16
2.21
2.21
2.26
2.28
2.28
2.30
2.21
2.23
2.21
2.23
2.23
2.21
2.21
2.23
2.21
2.16
2.14
2.14
2.14
2.12
2.12
2.14
2.09
2.09
2.09
2.09
2.11
2.14
2.17
2.21
2.30
2.33
2.40
2.43
2.42
2.45
2.54
2.52
2.52
2.54
2.59
2.59
2.57
2.57
2.57
2.55
2.54
2.55
2.55
2.59
2.59
2.62
2.62
2.62
2.61
2.62
2.64
2.64
2.69
2.74
2.90
2.97
2.95
2.90
2.88
2.80
2.81
2.78
2.76
2.76
2.76
2.76
2.76
2.80
2.85
2.85
2.90
2.93
2.93
2.95
2.99
3.02
3.02
3.00
3.02
3.00
3.02
2.99
2.97
2.87
2.85
2.87
2.85
2.93
2.95
3.00
3.02
3.00
3.04
3.05
3.04
3.07
3.02
3.04
3.00
3.02
3.02
3.02
2.97
3.02
3.00
2.99
2.97
3.00
3.04
3.05
3.09
3.12
3.14
3.24
3.33
3.30
3.23
3.23
3.23
3.18
3.18
3.18
3.18
3.19
3.19
3.19
3.21
3.21
3.19
3.23
3.24
3.21
3.28
3.31
3.31
3.33
3.40
3.42
3.45
3.45
3.45
3.47
3.54
3.62
3.68
3.71
3.78
3.73
3.66
3.61
3.56
3.56
3.56
3.57
3.59
3.56
3.59
3.59
3.59
3.59
3.61
3.62
3.66
3.64
3.69
3.73
3.68
3.64
3.62
3.66
3.68
3.76
3.92
4.04
4.14
4.21
4.23
4.23
4.23
4.19
4.19
4.18
4.18
4.19
4.19
4.19
4.18
4.16
4.14
4.19
4.14
4.18
4.19
4.21
4.19
4.23
4.23
4.25
4.26
4.30
4.31
4.42
4.44
4.31
4.31
4.28
4.30
4.33
4.30
4.33
4.35
4.37
4.42
4.47
4.47
4.44
4.47
4.49
4.49
4.49
4.47
4.47
4.45
4.45
4.47
4.50
4.49
4.52
4.56
4.57
4.56
4.59
4.75
4.87
4.94
5.01
5.02
4.90
4.82
4.68
4.50
4.47
4.45
4.45
4.50
4.64
4.75
4.82
4.85
4.92
4.99
5.02
5.02
5.02
5.06
5.07
5.11
5.16
5.16
5.16
5.18
5.18
5.21
5.28
5.37
5.42
5.47
5.44
5.40
5.40
5.38
5.47
5.51
5.52
5.56
5.54
5.54
5.54
5.56
5.56
5.54
5.54
5.52
5.52
5.54
5.56
5.56
5.56
5.56
5.57
5.61
5.66
5.70
5.75
5.78
5.80
5.80
5.78
5.80
5.78
5.76
5.75
5.73
5.73
5.75
5.73
5.73
5.71
5.68
5.66
5.68
5.70
5.68
5.68
5.66
5.64
5.66
5.66
5.68
5.68
5.61
5.59
5.71
5.83
5.89
5.90
5.89
5.85
5.87
5.89
5.87
5.89
5.87
5.89
5.89
5.89
5.89
5.92
5.95
5.99
6.01
6.01
6.02
6.04
5.99
5.99
5.99
5.99
6.02
6.04
6.08
6.18
6.27
6.40
6.45
6.33
6.25
6.23
6.18
6.09
6.14
6.14
6.11
6.11
6.16
6.16
6.20
6.25
6.28
6.30
6.32
6.35
6.39
6.39
6.40
6.39
6.40
6.40
6.42
6.47
6.47
6.44
6.47
6.51
6.56
6.71
6.82
6.85
6.85
6.85
6.89
6.87
6.80
6.77
6.70
6.63
6.63
6.63
6.59
6.61
6.61
6.61
6.63
6.61
6.64
6.68
6.71
6.73
6.75
6.77
6.90
7.13
7.18
7.18
7.11
7.04
7.04
7.02
7.04
7.02
7.06
7.04
7.08
7.11
7.16
7.13
7.13
7.16
7.21
7.20
7.23
7.23
7.27
7.30
7.30
7.30
7.30
7.30
7.32
7.28
7.27
7.30
7.35
7.40
7.30
7.20
7.21
7.15
7.16
7.20
7.21
7.27
7.23
7.28
7.32
7.32
7.37
7.44
7.49
7.49
7.54
7.56
7.66
7.66
7.66
7.73
7.73
7.71
7.71
7.66
7.66
7.65
7.68
7.75
7.77
7.63
7.56
7.58
7.66
7.73
7.71
7.70
7.70
7.68
7.66
7.68
7.66
7.59
7.63
7.61
7.58
7.61
7.59
7.63
7.65
7.65
7.63
7.65
7.66
7.66
7.66
7.70
7.82
7.85
7.92
7.90
7.89
7.89
7.90
7.90
7.87
7.84
7.85
7.80
7.77
7.84
7.82
7.82
7.78
7.80
7.77
7.78
7.78
7.75
7.77
7.71
7.73
7.71
7.66
7.63
7.68
7.68
7.68
7.78
7.87
7.90
7.94
7.92
7.94
7.85
7.89
7.84
7.82
7.85
7.87
7.92
7.94
7.96
8.03
8.06
8.06
8.15
8.15
8.20
8.18
8.18
8.18
8.23
8.27
8.27
8.25
8.25
8.30
8.32
8.32
8.35
8.39
8.44
8.51
8.47
8.41
8.34
8.30
8.25
8.23
8.25
8.25
8.22
8.22
8.22
8.25
8.30
8.32
8.34
8.32
8.32
8.27
8.34
8.34
8.35
8.58
8.72
8.65
8.68
8.58
8.56
8.53
8.54
8.65
8.63
8.68
8.72
8.77
8.85
8.87
8.89
8.89
8.85
8.87
8.84
8.85
8.87
8.85
8.84
8.85
8.87
8.87
8.80
8.78
8.73
8.72
8.73
8.84
8.82
8.84
8.94
8.97
9.01
8.99
8.91
8.87
8.87
8.92
8.92
8.94
8.97
8.96
8.97
8.99
8.97
8.99
8.97
8.97
8.96
9.03
9.04
9.04
9.01
9.10
9.10
9.08
9.15
9.15
9.20
9.22
9.37
9.41
9.32
9.39
9.35
9.37
9.35
9.35
9.32
9.32
9.35
9.44
9.46
9.53
9.58
9.61
9.60
9.68
9.70
9.70
9.72
9.67
9.67
9.67
9.68
9.61
9.60
9.61
9.63
9.80
9.87
9.86
9.87
9.89
9.86
9.89
9.84
9.86
9.77
9.82
9.86
9.84
9.80
9.84
9.86
9.82
9.80
9.77
9.80
9.82
9.89
9.89
9.89
9.80
9.75
9.73
9.79
9.80
9.84
9.82
9.82
9.73
9.63
9.54
9.53
9.51
9.48
9.48
9.44
9.41
9.44
9.51
9.51
9.53
9.58
9.60
9.56
9.61
9.60
9.56
9.58
9.58
9.65
9.70
9.70
9.70
9.75
9.77
9.79
9.82
9.91
9.84
9.86
9.84
9.77
9.73
9.72
9.72
9.75
9.82
9.82
9.84
9.80
9.84
9.89
9.91
9.91
9.89
9.92
9.89
9.91
9.92
9.99
10.04
10.06
10.10
10.18
10.18
10.27
10.15
10.15
10.18
10.13
10.11
10.04
10.04
10.03
9.99
10.01
9.99
9.98
9.98
9.99
9.98
9.98
9.98
9.98
9.98
9.98
9.96
9.98
9.99
9.98
9.96
10.03
10.08
10.18
10.34
10.39
10.36
10.29
10.34
10.44
10.36
10.36
10.37
10.37
10.37
10.44
10.37
10.44
10.46
10.44
10.48
10.53
10.61
10.61
10.58
10.67
10.67
10.67
10.65
10.65
10.68
10.68
10.70
10.65
10.65
10.74
10.79
10.80
10.89
10.99
11.01
10.93
10.86
10.93
10.93
10.96
10.96
11.01
10.99
10.99
11.01
11.01
11.03
11.03
11.03
10.99
11.05
11.05
11.10
11.10
11.10
11.10
11.11
11.06
11.08
11.15
11.13
11.13
11.11
11.17
11.15
11.01
10.96
10.98
10.98
10.94
10.87
10.80
10.77
10.82
10.84
10.94
10.98
10.99
11.01
11.03
11.01
11.06
11.11
11.18
11.24
11.32
11.37
11.36
11.36
11.30
11.37
11.36
11.34
11.36
11.27
11.24
11.18
11.20
11.22
11.18
11.24
11.22
11.30
11.34
11.41
11.44
11.55
11.56
11.60
11.60
11.62
11.56
11.58
11.60
11.58
11.58
11.56
11.53
11.58
11.55
11.56
11.53
11.55
11.53
11.49
11.41
11.37
11.37
11.36
11.39
11.37
11.39
11.51
11.62
11.63
11.63
11.56
11.49
11.51
11.46
11.49
11.62
11.62
11.68
11.63
11.58
11.63
11.67
11.70
11.74
11.79
11.93
11.93
11.93
11.89
11.87
11.74
11.58
11.55
11.51
11.46
11.55
11.60
11.67
11.74
11.82
11.72
11.74
11.74
11.77
11.77
11.75
11.72
11.74
11.82
11.86
11.89
12.00
12.03
12.10
12.15
12.27
12.20
12.17
12.12
12.05
12.00
11.96
11.87
11.84
11.77
11.65
11.60
11.56
11.56
11.58
11.56
11.60
11.65
11.65
11.65
11.74
11.70
11.72
11.75
11.70
11.72
11.87
12.05
12.12
12.05
12.06
12.05
12.01
12.01
12.00
12.01
12.06
12.10
12.13
12.13
12.22
12.22
12.24
12.19
12.20
12.22
12.22
12.24
12.22
12.24
12.25
12.22
12.17
12.19
12.13
12.17
12.13
12.08
12.03
12.00
11.96
11.87
11.82
11.86
11.87
11.91
11.91
11.84
11.87
11.94
11.96
12.05
12.08
12.10
12.19
12.25
12.29
12.34
12.34
12.29
12.31
12.32
12.31
12.34
12.39
12.41
12.50
12.51
12.53
12.51
12.51
12.55
12.67
12.65
12.51
12.43
12.41
12.32
12.24
12.24
12.13
12.06
12.05
12.00
11.98
11.94
11.96
12.01
12.00
11.94
11.93
11.84
11.82
11.91
11.89
11.94
11.74
11.75
11.68
11.70
11.65
11.72
11.68
11.72
11.89
12.00
12.00
12.05
12.12
12.17
12.17
12.24
12.22
12.25
12.29
12.34
12.37
12.41
12.46
12.51
12.50
12.43
12.37
12.27
12.34
12.60
12.67
12.65
12.63
12.53
12.32
12.20
12.13
12.12
12.13
12.20
12.13
12.17
12.24
12.24
12.36
12.48
12.53
12.53
12.50
12.53
12.60
12.63
12.63
12.67
12.79
12.81
12.77
12.74
12.67
12.65
12.79
12.79
12.91
12.82
12.75
12.70
12.81
12.89
12.96
12.91
13.00
13.03
13.12
13.24
13.27
13.34
13.43
13.39
13.41
13.43
13.39
13.38
13.38
13.36
13.36
13.36
13.36
13.34
13.36
13.43
13.43
13.46
13.53
13.53
13.50
13.55
13.57
13.57
13.65
13.70
13.88
13.91
13.98
14.05
14.05
14.01
14.00
14.00
14.00
14.01
14.00
13.98
13.95
13.93
13.91
13.86
13.88
13.88
13.89
13.91
13.86
13.89
13.82
13.89
13.95
13.98
13.98
14.00
13.93
13.89
13.82
13.70
13.70
13.69
13.70
13.74
13.74
13.76
13.79
13.81
13.86
13.93
13.84
13.81
13.76
13.76
13.63
13.58
13.55
13.55
13.63
13.84
13.81
13.82
13.91
13.89
13.84
13.82
13.82
13.81
13.82
13.79
13.79
13.81
13.86
13.84
13.88
13.89
13.88
13.95
13.95
13.98
14.03
14.08
14.15
14.10
14.14
14.12
14.29
14.34
14.48
14.46
14.52
14.60
14.58
14.65
14.65
14.58
14.58
14.70
14.74
14.69
14.76
14.74
14.62
14.58
14.55
14.57
14.72
14.93
14.91
14.98
14.95
14.96
14.93
14.91
14.91
14.84
14.93
14.98
14.86
14.70
14.88
15.02
15.12
15.14
15.12
15.05
15.03
15.00
15.03
15.10
15.08
15.08
15.14
15.08
14.96
14.93
14.95
14.93
14.89
15.03
15.03
15.21
15.14
15.05
15.08
15.17
15.29
15.12
15.17
15.38
15.64
15.81
15.84
15.76
15.79
15.86
15.77
15.86
15.90
15.83
15.76
15.71
15.62
15.65
15.55
15.48
15.46
15.38
15.43
15.45
15.38
15.48
15.64
15.65
15.57
15.59
15.40
15.52
15.50
15.64
15.71
15.76
15.79
15.90
16.02
15.93
15.91
15.88
15.64
15.60
15.55
15.69
15.71
15.72
15.72
15.65
15.55
15.36
15.34
15.31
15.34
15.38
15.41
15.45
15.53
15.69
15.74
15.84
15.93
16.14
16.22
16.36
16.38
16.43
16.45
16.41
16.41
16.43
16.45
16.45
16.47
16.50
16.50
16.50
16.57
16.57
16.57
16.52
16.48
16.41
16.40
16.43
16.36
16.41
16.40
16.40
16.28
16.26
16.31
16.38
16.62
16.79
16.81
16.98
16.83
16.72
16.74
16.81
16.91
17.02
17.10
17.03
17.00
17.05
17.03
17.03
16.98
16.93
17.00
17.02
17.00
16.93
17.09
17.21
17.19
17.31
17.24
17.26
17.17
16.95
16.95
16.95
17.07
17.21
17.22
17.26
17.31
17.35
17.24
17.22
17.12
17.05
16.97
16.90
16.66
16.71
16.79
16.85
16.91
16.95
16.97
16.95
16.95
16.83
16.91
17.00
16.98
17.14
16.91
16.79
16.76
16.86
17.12
17.38
17.45
17.36
17.43
17.47
17.57
17.57
17.41
17.28
17.31
17.47
17.62
17.76
17.76
17.76
17.73
17.73
17.73
17.81
17.90
17.83
17.66
17.54
17.67
17.78
17.86
17.85
17.85
17.93
17.88
17.79
17.81
17.83
17.79
17.83
17.90
17.88
17.90
17.86
17.86
17.86
17.97
17.98
17.97
17.92
17.92
17.85
17.92
17.88
18.02
17.81
17.62
17.88
17.88
17.98
18.09
17.93
17.90
17.88
17.90
17.83
17.76
17.69
17.55
17.55
17.74
17.78
17.71
17.73
17.71
17.73
17.76
17.83
17.85
17.88
17.86
17.86
17.93
17.86
17.88
17.71
17.79
17.98
17.90
17.86
17.79
17.85
17.81
17.85
17.81
17.76
17.74
17.64
17.76
17.85
17.85
17.79
17.79
17.76
17.83
17.76
17.78
17.78
17.86
17.86
17.85
17.81
17.83
17.90
17.95
18.00
18.00
18.14
18.19
18.23
18.17
18.19
18.28
18.43
18.48
18.48
18.48
18.40
18.43
18.17
18.21
18.21
18.00
18.17
18.17
18.21
18.36
18.38
18.55
18.52
18.52
18.55
18.48
18.48
18.48
18.36
18.48
18.57
18.69
18.62
18.50
18.57
18.62
18.71
18.78
18.83
18.76
18.80
18.81
18.74
18.73
18.76
18.78
18.81
18.85
18.85
18.80
18.83
18.83
18.81
18.92
18.93
18.93
18.97
19.02
19.07
19.07
19.02
19.07
18.88
18.93
19.09
19.12
19.16
19.28
19.30
19.19
19.07
19.09
19.12
19.18
19.21
19.12
19.07
19.09
19.18
19.05
19.07
19.18
19.16
19.18
19.16
19.00
18.81
18.80
18.57
18.69
18.74
18.67
18.54
18.23
18.04
18.17
18.29
18.29
18.48
18.57
18.61
18.64
18.69
18.83
19.09
19.14
19.12
19.12
19.04
19.12
19.07
19.11
18.90
18.83
18.80
18.85
18.71
18.67
18.59
18.73
18.69
18.55
18.59
18.59
18.57
18.59
18.61
18.59
18.66
18.71
18.74
18.73
18.86
18.95
18.99
18.95
18.90
18.93
18.92
18.92
18.88
18.85
18.83
18.99
18.95
18.83
18.78
18.62
18.66
18.74
18.95
19.07
19.28
19.28
19.33
19.31
19.36
19.26
19.28
19.33
19.33
19.31
19.35
19.42
19.43
19.43
19.45
19.49
19.47
19.43
19.42
19.31
19.35
19.35
19.40
19.33
19.45
19.43
19.64
19.68
19.78
19.71
19.71
19.83
19.78
19.64
19.69
19.71
19.73
19.74
19.68
19.68
19.66
19.66
19.64
19.49
19.55
19.57
19.54
19.47
19.38
19.42
19.54
19.55
19.57
19.50
19.52
19.66
19.71
19.76
19.95
19.93
20.07
20.02
20.00
19.97
20.04
20.04
20.04
19.97
20.16
20.26
20.16
20.25
20.16
20.26
20.33
20.54
20.71
20.57
20.54
20.59
20.64
20.62
20.61
20.49
20.47
20.56
20.50
20.66
20.88
20.80
20.64
20.57
20.56
20.50
20.57
20.43
20.47
20.33
20.37
20.26
20.33
20.40
20.38
20.42
20.37
20.50
20.45
20.50
20.56
20.62
20.61
20.75
20.66
20.66
20.69
20.66
20.64
20.56
20.40
20.23
20.23
20.14
20.18
20.30
20.23
20.37
20.37
20.43
20.42
20.54
20.62
20.61
20.76
20.76
20.61
20.57
20.52
20.50
20.52
20.61
20.62
20.64
20.76
20.83
20.88
20.88
20.68
20.57
20.52
20.61
20.61
20.78
20.78
20.73
20.73
20.76
20.76
20.76
20.99
20.95
20.90
20.94
20.88
21.04
21.04
21.11
21.04
21.06
21.00
21.09
21.11
21.02
20.97
21.04
21.02
20.95
20.90
21.13
21.13
21.14
21.06
20.97
21.07
20.95
21.07
20.97
20.85
20.97
21.02
21.07
21.09
21.06
21.07
21.04
21.13
21.18
21.19
21.19
21.26
21.25
21.28
21.32
21.33
21.32
21.38
21.49
21.49
21.49
21.32
21.61
21.66
21.57
21.59
21.45
21.40
21.33
21.28
21.25
21.28
21.11
20.95
20.92
20.99
20.99
20.97
20.94
20.83
20.76
20.78
20.81
20.99
20.92
20.97
20.94
21.14
21.26
21.35
21.49
21.63
21.54
21.45
21.26
20.75
20.43
20.56
20.85
20.99
21.21
21.23
21.32
21.25
21.06
21.07
21.09
21.09
21.13
21.26
21.28
21.35
21.33
21.40
21.47
21.51
21.52
21.56
21.44
21.23
21.14
21.35
21.18
21.06
20.97
21.06
21.19
21.16
21.19
21.16
21.14
21.28
21.30
21.35
21.40
21.38
21.37
21.47
21.56
21.64
21.73
21.76
21.80
21.85
21.87
21.82
21.85
21.97
21.99
21.99
21.80
21.73
21.90
21.69
21.45
21.37
21.63
21.88
22.04
22.01
21.99
21.92
21.92
21.99
22.09
22.07
22.09
22.09
22.02
21.95
21.85
21.97
22.04
22.09
22.07
22.01
22.13
22.06
22.13
22.18
22.21
22.16
22.40
22.35
22.21
21.99
21.97
22.04
22.02
22.01
21.90
21.88
21.75
21.73
21.73
21.75
21.63
21.64
21.63
21.59
21.54
21.52
21.49
21.57
21.63
21.59
21.59
21.66
21.92
22.01
22.30
22.32
22.42
22.40
22.30
22.09
21.61
21.37
21.23
21.26
21.33
21.35
21.47
21.56
21.59
21.40
21.37
21.26
20.97
21.40
21.68
21.92
22.02
22.23
22.40
22.52
22.56
22.61
22.87
22.82
22.85
22.85
22.78
22.66
22.66
22.37
22.20
22.33
22.20
22.13
22.07
22.14
22.21
22.23
22.42
22.37
22.39
22.49
22.61
22.64
22.56
22.51
22.44
22.32
22.21
22.16
22.09
22.32
22.52
22.63
22.73
23.04
23.28
23.40
23.32
23.21
23.11
23.09
23.08
23.01
23.06
23.18
23.23
23.20
23.16
23.21
23.23
23.25
23.23
23.25
23.13
23.14
23.20
23.21
23.20
23.20
23.32
23.25
23.32
23.40
23.61
23.54
23.70
23.51
23.52
23.70
23.75
23.75
23.75
23.71
23.71
23.61
23.59
23.66
23.58
23.54
23.63
23.61
23.59
23.61
23.68
23.54
23.52
23.44
23.47
23.42
23.39
23.32
23.49
23.58
23.73
23.92
23.97
24.02
23.90
23.94
23.80
23.77
23.65
23.59
23.59
23.47
23.52
23.59
23.61
23.70
23.75
23.70
23.51
23.59
23.63
23.61
23.59
23.58
23.68
23.68
23.70
23.59
23.70
23.78
23.89
23.89
23.99
23.87
23.73
23.63
23.61
23.42
23.49
23.46
23.35
23.42
23.44
23.51
23.51
23.49
23.66
23.68
23.71
23.59
23.63
23.56
23.59
23.59
23.66
23.65
23.71
23.73
23.92
23.92
23.90
23.89
24.11
24.16
24.16
24.15
24.13
24.15
24.11
24.15
24.30
24.28
24.25
24.27
24.28
24.20
24.21
24.28
24.20
24.23
24.20
24.23
24.20
24.23
24.30
24.34
24.32
24.32
24.25
24.21
24.30
24.30
24.32
24.40
24.30
24.16
24.09
24.20
24.37
24.61
24.59
24.66
24.70
24.61
24.66
24.59
24.68
24.65
24.72
24.66
24.56
24.59
24.59
24.66
24.73
24.77
24.80
24.78
24.77
24.84
24.89
24.99
25.20
25.44
25.28
25.22
25.13
25.06
24.92
24.92
24.99
25.08
25.08
25.11
25.04
25.04
25.13
25.16
25.18
25.23
25.27
25.15
25.20
25.04
25.06
25.06
24.97
24.85
24.89
24.87
24.80
24.87
24.94
24.97
24.99
24.92
24.85
24.84
24.89
24.82
24.77
24.73
24.61
24.61
24.72
24.63
24.72
24.80
24.91
24.91
24.97
24.99
24.99
24.97
25.15
25.15
25.18
25.20
25.27
25.41
25.41
25.72
25.70
25.66
25.37
25.16
25.22
25.44
25.53
25.58
25.49
25.34
25.42
25.46
25.44
25.54
25.65
25.77
25.89
25.98
25.91
25.82
25.82
25.77
25.66
25.68
25.66
25.61
25.66
25.68
25.77
25.58
25.42
25.47
25.82
25.85
25.82
25.87
25.80
25.92
25.98
26.01
26.11
26.25
26.29
26.30
26.34
26.35
26.44
26.42
26.39
26.29
26.30
26.32
26.25
26.22
26.34
26.39
26.46
26.44
26.41
26.42
26.30
26.13
26.06
26.15
26.04
26.08
25.94
25.61
25.44
25.41
25.47
25.60
25.98
26.23
26.22
26.30
26.39
26.35
26.27
26.41
26.35
26.29
26.22
26.32
26.16
26.08
25.91
25.79
25.65
25.82
25.77
25.79
25.63
25.66
25.66
25.79
25.89
25.91
25.98
26.04
26.16
26.13
26.04
25.96
25.94
25.94
26.06
26.13
26.13
26.20
26.25
26.22
26.30
26.30
26.29
26.30
26.34
26.22
26.04
26.01
26.16
26.32
26.37
26.25
26.04
25.84
25.72
25.75
25.85
25.91
26.03
26.15
26.32
26.42
26.60
26.67
26.68
26.49
26.48
26.35
26.44
26.56
26.77
26.84
26.84
26.96
26.91
27.10
27.11
27.20
27.20
27.51
27.49
27.32
27.08
26.77
26.54
26.58
26.67
26.79
26.91
26.84
26.94
26.98
26.87
26.96
27.11
27.24
27.20
27.29
27.27
27.27
27.32
27.36
27.41
27.37
27.22
27.11
27.01
26.86
26.82
26.65
26.44
26.37
26.34
26.63
26.75
26.82
27.06
27.13
27.15
27.25
27.39
27.46
27.55
27.51
27.56
27.55
27.56
27.61
27.58
27.67
27.72
27.75
27.82
27.89
28.01
27.89
27.96
27.75
27.87
27.61
27.60
27.49
27.44
27.36
27.58
27.79
27.91
27.99
28.06
28.06
28.10
28.01
27.91
28.03
28.18
28.12
28.18
28.10
28.15
28.06
28.06
28.06
28.18
28.15
28.18
28.13
28.13
27.84
27.86
27.74
27.89
27.91
28.13
28.17
28.18
28.25
28.22
28.20
28.24
28.20
28.32
27.99
27.91
27.56
26.92
26.68
26.68
26.84
27.11
27.60
27.77
27.86
27.89
27.84
27.80
27.79
27.67
27.82
27.70
27.63
27.53
27.55
27.74
27.75
27.87
27.82
27.82
28.06
28.20
28.31
28.36
28.32
28.36
28.36
28.32
28.34
28.31
28.20
27.98
27.67
27.60
27.72
27.75
27.87
27.94
27.89
27.84
27.93
28.17
28.34
28.55
28.56
28.53
28.55
28.44
28.46
28.49
28.55
28.60
28.63
28.74
28.67
28.51
28.48
28.49
28.51
28.51
28.53
28.55
28.48
28.46
28.49
28.55
28.56
28.65
28.63
28.58
28.77
29.00
29.00
29.05
29.00
29.03
29.00
28.96
28.93
29.01
28.93
29.05
29.12
29.22
29.20
29.22
29.29
29.32
29.31
29.39
29.43
29.39
29.34
29.38
29.39
29.51
29.55
29.55
29.53
29.81
29.79
29.79
29.89
29.77
29.74
29.53
29.55
29.48
29.44
29.65
29.57
29.38
29.08
29.36
29.57
29.69
29.53
29.58
29.57
29.74
29.79
29.67
29.79
29.74
29.79
29.81
29.72
29.63
29.34
29.25
29.17
29.34
29.34
29.43
29.38
29.43
29.29
29.36
29.34
29.27
29.29
29.08
28.84
28.53
28.63
28.44
28.20
28.06
28.68
29.31
29.44
29.60
29.53
29.32
29.01
28.44
29.25
29.69
29.69
29.50
29.81
29.50
29.34
29.01
28.94
29.15
29.00
28.67
28.51
28.06
27.74
28.13
28.51
28.67
28.70
28.56
28.58
28.98
29.31
29.50
29.50
29.44
29.39
28.84
28.74
28.77
28.68
28.79
28.75
28.93
29.10
29.06
29.03
29.22
29.13
29.27
29.32
29.27
29.36
29.27
29.27
29.31
29.15
29.22
29.29
29.43
29.46
29.41
29.44
29.53
29.55
29.60
29.70
29.62
29.60
29.69
29.89
30.19
29.86
29.79
29.79
29.96
29.96
29.70
29.77
30.24
29.88
29.79
29.98
30.00
29.96
29.94
29.88
29.96
30.03
30.07
30.03
29.98
30.08
30.17
30.13
29.98
30.03
30.10
30.08
30.12
30.34
30.17
30.15
29.96
29.84
29.96
30.08
30.24
30.26
30.20
30.24
30.12
30.19
30.20
30.17
30.08
30.00
30.00
30.00
30.10
30.17
30.24
30.32
30.41
30.51
30.38
30.38
30.48
30.50
30.46
30.58
30.48
30.46
30.46
30.39
30.17
30.15
30.03
30.07
30.22
30.20
30.17
30.01
30.03
30.00
29.72
29.86
29.98
29.96
30.01
30.13
30.17
30.13
30.07
30.15
30.19
30.07
30.15
30.05
30.00
29.72
29.50
29.50
29.58
29.53
29.60
29.25
29.27
29.19
29.20
29.31
29.48
29.48
29.41
29.62
29.72
29.72
29.84
29.91
29.75
29.82
29.89
30.05
30.15
30.17
30.17
30.05
29.89
29.84
29.60
29.38
29.00
29.15
29.03
28.89
28.98
28.94
29.15
29.31
29.48
29.58
29.63
29.67
29.29
28.65
28.06
27.94
28.31
28.81
29.13
29.03
29.13
29.22
29.34
29.43
29.57
29.57
29.55
29.53
29.51
29.41
29.46
29.58
29.79
29.81
29.79
29.88
29.89
30.03
30.08
30.22
30.27
30.32
30.39
30.48
30.48
30.48
30.58
30.64
30.62
30.72
30.74
30.70
30.89
30.91
30.93
30.98
31.00
31.07
31.01
31.00
31.01
30.95
30.96
30.89
30.62
30.51
30.64
30.81
31.01
31.05
31.05
31.10
31.08
30.98
30.89
30.84
31.01
31.00
31.10
31.27
31.38
31.41
31.45
31.36
31.27
31.08
31.08
31.08
31.20
31.31
31.39
31.48
31.17
30.98
31.05
31.15
31.20
31.05
30.95
30.72
30.70
30.93
31.00
31.05
31.10
31.00
31.00
30.89
30.93
31.05
31.03
31.01
30.93
30.81
30.74
30.86
30.60
30.55
30.51
30.45
30.79
31.00
30.76
30.55
30.58
30.81
31.05
31.45
31.46
31.36
31.00
30.88
30.82
30.93
31.08
31.17
31.15
31.27
31.14
30.98
30.89
30.91
31.07
31.24
31.24
31.41
31.53
31.53
31.60
31.72
31.69
31.67
31.72
31.45
31.17
31.00
31.05
31.07
31.12
31.15
31.17
31.19
31.46
31.55
31.55
31.58
31.58
31.62
31.81
31.14
30.76
30.98
31.34
31.46
31.90
32.19
32.29
32.40
32.36
32.27
32.26
32.27
32.34
32.03
31.72
31.79
32.08
32.26
32.12
32.17
32.07
31.50
31.33
32.00
32.07
32.02
32.22
32.07
31.98
32.02
31.81
31.58
31.53
31.60
31.64
31.71
31.77
31.95
32.55
32.84
32.93
32.62
31.90
31.72
31.41
31.14
31.14
31.29
31.43
31.46
31.36
31.41
31.48
31.43
31.34
31.29
31.34
31.10
30.95
31.14
31.29
31.48
31.72
31.98
32.05
32.17
32.08
31.91
31.95
32.07
32.00
32.19
32.38
32.24
32.05
31.93
32.02
32.05
31.95
31.93
31.86
31.71
31.74
31.74
31.86
31.90
31.76
31.84
32.27
31.91
31.86
31.81
31.83
32.02
31.86
31.95
31.93
31.98
32.10
32.34
32.38
32.41
32.50
32.40
32.34
32.27
32.31
31.79
31.15
31.00
31.57
31.77
31.55
31.31
31.01
31.07
31.05
31.03
30.91
30.91
30.79
31.10
31.86
32.07
32.02
31.88
31.83
31.90
31.90
32.03
32.19
32.40
32.22
32.10
32.10
32.07
31.95
31.95
31.81
31.77
31.46
31.36
31.39
31.55
31.60
31.65
31.55
31.57
31.52
31.45
31.53
31.91
31.90
32.15
32.14
32.14
31.58
31.41
31.79
32.19
32.38
32.40
32.27
31.81
32.00
32.26
32.19
32.26
32.40
32.19
32.33
32.43
32.46
32.50
32.46
32.38
32.33
32.38
32.41
32.36
32.34
32.17
32.19
32.12
32.05
32.08
32.15
32.10
32.27
32.36
32.52
32.69
32.67
32.69
32.72
32.72
32.64
32.45
32.57
32.41
32.24
32.10
32.19
32.41
32.57
32.76
32.78
32.91
32.88
32.72
32.26
32.02
32.05
32.29
32.38
32.40
32.46
32.48
32.43
32.69
32.57
32.62
32.57
32.57
32.43
32.69
32.64
32.36
32.22
32.10
32.07
31.84
31.67
31.48
31.57
31.76
31.95
32.10
32.29
32.24
32.03
31.57
31.38
31.52
31.62
31.83
31.91
32.03
31.45
30.82
31.52
32.17
32.43
32.14
32.41
32.33
32.26
31.86
31.74
31.84
31.79
31.90
32.24
32.36
32.64
32.72
32.74
32.97
33.05
33.07
33.03
32.98
33.09
32.95
33.05
32.98
32.84
32.90
32.93
32.91
33.09
33.19
33.14
33.15
33.34
33.36
33.28
33.24
33.05
32.83
32.79
32.84
32.67
32.78
33.22
33.41
33.48
33.43
33.47
33.36
33.47
33.45
33.43
33.38
33.41
33.48
33.50
33.28
33.28
33.47
33.79
33.85
33.95
34.00
33.97
33.85
33.98
33.74
33.50
33.40
33.47
33.66
33.67
33.81
33.91
33.93
33.88
33.95
34.14
34.14
34.02
34.05
34.21
33.98
34.10
34.05
34.09
34.10
33.90
33.97
34.29
34.29
34.40
34.26
34.43
34.41
34.55
34.66
34.69
34.52
34.35
34.24
34.05
33.98
33.90
34.02
34.09
34.09
33.95
33.90
33.81
33.93
34.09
34.09
34.19
34.21
34.19
34.12
34.16
33.93
34.12
34.48
34.12
34.41
34.48
34.26
34.16
34.14
34.10
34.02
34.07
33.93
34.07
34.02
34.19
34.09
34.12
34.16
34.19
34.33
34.40
34.12
34.07
33.78
33.57
33.85
34.02
34.14
34.16
34.40
34.52
34.29
34.26
34.10
33.88
33.36
33.17
32.78
32.88
33.38
33.47
33.79
33.50
33.34
33.57
33.64
33.74
33.79
33.93
33.91
34.14
34.29
34.54
34.67
34.66
34.71
34.60
34.66
34.54
34.69
34.71
34.79
34.31
34.50
34.50
34.50
34.69
34.74
34.71
34.60
34.62
34.55
34.48
34.50
34.74
34.74
34.66
34.50
34.54
34.60
34.57
34.31
34.35
34.43
34.48
34.45
34.29
34.23
34.36
34.64
34.64
34.47
34.36
34.23
33.83
34.00
33.83
33.67
33.50
33.41
33.09
33.02
32.72
32.81
33.03
33.40
33.60
33.76
33.90
33.98
33.88
34.04
33.98
34.19
34.19
34.04
33.90
33.86
33.69
33.71
33.76
34.07
34.31
34.26
33.95
33.74
33.81
33.91
34.21
33.98
33.97
33.85
33.76
33.66
33.59
34.17
34.62
34.59
34.60
34.33
34.17
34.26
34.33
34.59
34.66
34.90
34.85
35.07
35.19
35.47
35.36
35.30
35.31
35.16
35.02
35.02
35.28
35.30
35.12
34.52
34.28
34.31
34.50
34.55
34.48
34.50
34.33
34.21
34.12
34.23
34.31
34.28
34.40
34.54
34.57
34.47
34.64
34.36
34.54
34.76
34.93
34.74
34.76
34.90
34.97
35.16
35.02
34.98
35.00
35.09
35.00
34.86
34.92
34.81
34.55
34.40
34.52
34.88
35.11
35.28
35.24
35.24
35.23
35.26
35.26
35.26
35.43
35.59
35.66
35.71
35.80
35.64
35.43
35.21
35.21
35.36
35.21
35.09
35.21
35.45
35.59
35.17
34.90
34.71
34.85
34.83
35.09
35.11
35.52
35.71
35.64
35.85
35.90
36.04
35.97
35.71
35.23
35.48
35.78
35.99
36.28
36.19
35.93
35.64
35.17
34.62
34.47
34.35
34.07
33.91
34.29
34.55
34.67
34.64
34.59
34.47
34.93
35.26
35.26
35.28
35.38
35.24
35.23
34.67
34.41
33.98
33.29
33.47
33.81
34.17
34.00
33.95
33.76
33.19
32.48
32.67
33.21
33.47
33.78
33.85
34.09
34.02
33.95
34.02
34.02
34.09
34.02
34.07
34.10
33.93
33.83
33.95
33.98
34.33
34.40
34.64
34.67
34.90
34.93
35.07
35.07
35.05
35.21
35.14
35.17
35.00
35.24
35.24
35.11
34.92
34.50
34.50
34.62
34.38
34.07
33.86
33.78
33.76
33.52
33.36
33.50
33.60
33.67
34.00
33.90
34.04
34.10
34.17
34.26
34.31
34.54
34.45
34.35
34.38
34.26
34.21
34.28
34.05
33.78
34.12
34.17
34.24
34.40
34.45
34.62
34.78
34.86
34.95
34.92
34.60
34.17
33.86
34.19
34.35
34.24
34.38
34.43
34.23
33.86
33.64
33.71
33.90
34.00
34.35
34.41
34.02
33.66
33.41
33.78
34.36
34.43
34.47
34.60
34.69
34.69
34.62
34.62
34.64
34.67
34.69
34.74
34.47
34.50
34.78
34.90
34.81
34.81
34.78
34.45
33.74
33.83
33.88
33.83
34.21
34.28
34.43
34.45
34.33
34.54
34.66
34.26
34.23
34.33
34.52
34.73
34.90
34.86
34.81
34.79
34.79
34.85
34.79
34.81
34.81
34.71
34.78
34.55
34.69
34.52
34.43
34.62
34.57
34.48
34.66
35.02
35.02
35.02
35.11
35.12
35.05
35.07
34.93
35.02
34.95
35.16
35.26
35.17
35.26
35.36
35.57
35.57
35.23
35.05
34.95
34.93
34.95
35.09
35.04
35.07
35.31
35.48
35.26
35.05
34.67
34.14
33.93
33.90
34.10
33.88
33.97
34.05
34.33
34.41
34.74
34.74
34.64
34.55
34.64
34.57
34.57
34.73
34.98
34.98
34.92
35.04
35.16
35.42
35.11
35.19
35.19
35.40
35.43
35.48
35.31
35.11
34.93
34.86
34.59
34.88
35.19
35.24
35.23
35.17
35.38
34.90
34.64
34.64
34.64
34.90
35.12
35.11
35.24
35.04
35.07
34.93
34.95
35.17
35.33
35.26
35.36
34.98
35.23
35.31
35.47
35.35
35.19
35.52
35.66
35.61
35.55
35.59
35.57
35.47
35.66
35.64
35.50
35.64
35.78
36.00
35.73
35.43
35.28
35.42
35.47
35.52
35.90
36.00
35.83
35.78
35.81
35.93
36.07
36.00
35.86
35.64
35.55
35.55
35.38
35.42
35.54
35.48
35.54
35.71
35.88
35.90
35.86
35.97
35.95
36.02
35.99
35.85
35.81
35.76
35.85
35.88
35.78
35.67
35.93
36.02
36.07
36.12
36.28
36.52
36.57
36.47
36.59
36.33
36.23
35.73
35.54
35.38
35.11
35.40
35.59
35.67
35.66
35.66
35.64
35.76
35.74
35.48
35.43
35.43
35.38
35.38
35.64
36.00
36.11
36.33
36.38
36.37
36.37
36.30
36.50
36.64
36.73
36.68
36.52
36.35
36.21
36.02
35.99
35.83
35.86
35.81
35.81
35.90
35.81
35.88
35.93
36.07
36.26
36.37
36.37
36.19
36.21
36.35
36.30
36.40
36.19
36.23
36.14
35.81
35.67
35.43
35.24
35.47
35.69
35.50
35.47
35.57
35.47
35.54
35.54
35.64
35.67
35.90
35.99
36.12
36.05
36.09
36.12
36.19
36.07
36.11
36.00
35.93
35.81
35.43
35.42
35.12
35.35
35.47
35.50
35.81
35.90
35.74
35.81
36.31
36.50
36.18
36.37
36.56
36.68
36.76
36.83
36.85
36.95
36.99
36.97
36.92
36.92
37.16
37.44
37.54
37.23
37.23
37.12
37.11
36.99
37.00
36.95
36.85
36.73
36.68
36.95
36.93
36.95
37.00
36.97
37.04
37.09
37.02
36.83
36.80
37.02
36.88
36.97
36.85
36.90
36.78
37.07
37.18
37.26
37.45
37.59
37.25
36.92
37.06
36.64
35.93
35.88
36.33
36.05
36.04
36.12
36.19
36.31
36.66
36.68
36.31
36.59
36.42
36.52
36.64
36.92
36.68
36.47
36.37
36.18
36.30
36.69
36.81
36.80
36.83
36.93
37.00
36.92
36.95
36.54
36.18
36.38
36.37
36.33
36.54
36.61
36.56
36.73
37.12
37.30
37.71
37.85
37.81
37.83
37.40
37.66
37.90
37.97
37.88
37.90
37.45
37.23
37.42
37.31
37.50
37.83
37.88
38.09
38.11
38.21
38.13
38.14
38.28
38.38
38.26
38.00
38.09
37.57
37.56
37.52
37.64
37.59
37.85
37.99
38.07
38.09
38.02
38.00
38.13
38.23
38.38
38.38
38.40
38.37
38.44
38.37
38.51
38.38
38.25
38.32
37.87
37.88
37.63
37.33
37.25
37.54
38.00
38.07
38.37
38.57
38.73
38.49
38.64
38.51
38.25
38.06
37.94
38.11
38.19
38.21
38.49
38.07
37.94
37.85
38.11
38.61
39.14
39.09
38.42
38.23
38.57
38.56
38.45
38.26
37.76
37.38
37.33
37.59
37.92
38.47
38.33
38.09
38.32
38.33
38.25
38.37
38.23
38.51
38.35
38.57
38.66
38.66
38.63
38.51
38.51
38.61
38.59
38.40
38.73
38.70
38.66
38.82
38.83
38.87
38.90
38.70
38.54
38.51
38.44
38.51
38.49
38.61
38.75
38.80
39.20
38.94
38.90
39.09
38.95
38.95
39.25
39.21
39.04
38.76
38.87
38.80
39.26
38.87
38.30
38.38
38.64
38.89
38.85
38.78
38.85
38.76
39.02
38.83
38.90
38.94
38.90
39.04
38.85
38.99
39.04
38.90
38.51
38.85
39.09
39.04
39.18
39.35
39.30
39.30
39.47
39.73
39.70
39.71
39.68
39.09
39.35
39.28
38.73
38.00
37.81
38.00
38.42
38.75
38.80
38.66
38.73
38.87
38.70
38.70
38.54
38.90
39.18
39.26
39.28
39.45
39.40
39.49
39.66
39.59
39.52
39.77
39.94
39.94
40.08
39.82
39.35
39.73
39.90
39.58
39.47
39.37
39.21
39.32
39.28
39.42
39.58
39.56
39.66
39.51
39.83
39.90
40.01
39.97
40.06
39.99
39.90
39.87
40.06
40.08
40.30
40.28
40.01
39.58
39.40
39.04
38.59
38.80
38.71
38.97
39.25
39.11
38.99
39.26
39.06
39.09
38.80
38.49
38.28
38.37
38.32
38.47
38.68
38.83
38.90
39.06
39.26
39.51
39.61
39.47
39.26
39.14
38.97
38.78
39.01
38.59
38.71
39.16
39.02
38.87
38.51
39.02
39.39
39.25
39.44
39.58
39.66
40.04
39.89
39.80
39.82
39.94
39.99
39.75
39.61
39.68
39.78
39.83
40.06
40.14
40.18
40.40
40.09
39.71
39.32
39.21
39.14
39.16
39.16
39.30
39.20
39.28
39.18
39.26
39.39
39.26
39.14
39.04
39.11
39.18
39.26
39.21
39.51
39.40
39.33
39.37
39.40
39.59
39.63
39.75
39.82
39.92
40.01
40.16
40.35
39.97
39.32
39.13
39.09
38.95
38.80
38.89
38.63
38.32
38.07
38.28
38.18
38.32
38.45
38.99
39.23
39.54
39.70
39.70
39.68
39.77
39.77
39.75
39.87
39.85
39.82
39.96
39.85
39.21
39.02
39.26
39.44
39.61
39.35
39.23
39.25
39.23
39.54
39.71
39.23
39.23
39.30
39.33
39.42
39.68
39.80
39.71
39.37
39.11
39.01
39.09
39.26
39.18
39.16
39.39
39.25
39.39
39.85
39.64
39.56
39.71
39.25
39.33
39.28
38.94
38.54
38.61
38.66
38.82
38.76
38.97
39.14
39.49
39.63
39.77
39.58
39.68
39.44
39.45
39.40
39.49
39.56
39.82
39.94
40.04
40.04
40.33
40.40
40.21
39.94
39.68
39.70
39.63
39.99
40.16
40.04
40.11
40.20
39.94
39.87
39.90
40.09
39.80
39.71
39.87
39.87
40.04
40.51
40.54
40.71
40.71
40.90
41.08
41.06
41.13
41.09
41.37
41.32
41.27
41.22
41.13
41.22
41.08
40.85
40.68
40.96
40.90
40.71
40.77
40.80
40.96
41.34
41.32
41.40
41.32
40.92
41.16
41.72
41.89
41.63
41.40
41.32
40.92
40.94
41.01
40.90
40.90
41.23
41.25
41.27
41.35
41.06
40.52
40.27
40.09
40.13
40.18
40.27
40.87
40.73
40.56
41.32
41.70
41.66
41.84
41.84
41.59
41.54
41.66
41.78
41.30
40.97
41.04
41.08
41.03
41.28
41.47
41.72
41.54
41.73
41.75
41.66
41.84
41.85
41.99
42.10
42.03
41.97
41.94
41.85
41.70
41.27
41.22
41.23
41.37
41.53
41.47
41.49
41.34
41.25
41.28
41.46
41.46
41.30
41.53
41.59
41.37
41.61
41.68
41.75
41.85
41.59
41.23
41.20
41.16
41.13
41.15
41.08
39.80
40.23
40.58
40.63
40.84
41.23
41.22
40.71
40.08
40.84
41.23
41.13
41.28
41.61
41.58
41.65
41.63
41.59
41.68
41.77
41.61
41.70
41.77
41.44
41.11
40.99
40.39
40.27
40.61
40.71
40.71
40.70
40.73
40.52
40.59
40.49
40.54
40.39
40.44
40.51
40.70
40.84
40.84
40.68
40.54
40.49
40.59
40.47
40.52
40.23
40.54
41.03
40.77
40.77
40.70
40.90
41.01
41.08
40.75
40.49
41.30
41.54
41.44
41.42
41.72
41.78
41.66
41.56
41.54
41.46
41.37
41.49
41.40
41.34
41.37
41.73
41.89
42.04
41.91
42.18
42.37
42.27
42.34
42.35
42.68
42.65
42.56
42.56
42.18
42.25
42.47
42.54
42.66
42.75
42.84
42.54
42.22
42.13
42.20
42.25
42.34
42.30
42.70
42.82
42.51
42.18
42.32
42.35
42.20
42.58
42.53
42.46
42.01
42.06
41.94
41.34
41.23
40.94
40.70
40.56
40.65
40.92
41.65
41.99
42.22
42.30
42.25
42.51
42.75
42.68
42.65
42.44
42.39
42.42
42.47
42.27
41.82
41.77
42.10
42.58
42.30
42.47
42.41
41.82
42.11
42.13
42.18
41.94
41.77
41.51
41.91
42.03
42.20
42.25
42.25
41.99
42.04
42.08
42.03
42.03
42.18
42.06
41.28
40.87
40.59
40.46
40.71
41.15
41.59
41.97
42.06
41.96
41.85
41.89
42.06
42.32
42.08
42.29
42.35
42.61
42.73
42.58
42.82
42.41
42.20
42.22
42.29
42.35
42.61
42.32
41.78
41.75
42.15
42.29
42.32
42.58
42.32
42.18
42.32
42.34
41.82
41.97
41.99
42.27
42.51
42.65
42.35
42.46
42.29
42.42
42.42
42.68
42.92
42.99
43.06
42.87
42.37
42.27
42.18
42.18
41.92
42.03
42.54
42.51
42.49
42.37
42.37
42.39
42.29
42.44
42.15
42.23
42.16
42.03
41.87
42.03
41.92
41.92
41.73
41.46
41.54
41.89
42.32
42.53
42.46
41.75
41.61
41.66
41.47
41.73
41.75
41.97
41.96
42.23
42.32
42.16
42.35
42.51
42.73
42.84
42.98
43.01
42.94
42.60
42.10
41.77
41.16
40.63
40.77
41.42
41.46
41.22
41.03
41.72
42.10
42.22
42.35
42.11
41.94
41.91
41.73
41.39
41.22
41.77
42.04
42.08
42.20
42.10
41.96
42.03
42.18
41.97
42.25
42.39
42.82
42.89
42.82
42.80
42.87
42.94
43.32
43.27
43.39
43.53
43.72
43.65
43.60
43.27
43.20
43.23
43.06
43.01
43.20
43.27
43.32
43.56
43.46
43.56
43.73
43.65
43.37
43.41
43.17
42.87
42.53
42.30
41.96
41.82
41.54
41.42
41.32
41.47
41.53
41.70
41.59
41.04
41.39
41.56
41.63
41.78
41.63
41.89
41.92
41.65
41.40
41.39
41.25
41.56
41.87
42.11
41.85
41.77
41.80
42.04
41.85
41.99
41.99
41.73
41.97
41.87
42.10
42.56
42.54
42.29
42.18
42.22
42.01
41.92
42.18
42.11
42.20
42.25
42.60
42.56
42.47
42.47
42.44
42.47
42.70
42.41
42.37
42.22
42.35
42.27
42.04
41.87
42.20
42.35
42.70
42.99
43.20
43.53
43.63
43.49
43.56
43.53
43.72
43.53
43.61
43.23
42.85
42.73
42.80
42.98
43.13
43.15
43.30
43.39
43.49
43.72
43.80
43.63
43.55
43.61
44.01
43.96
43.75
43.49
43.48
43.58
43.22
43.04
42.94
42.87
42.94
42.65
42.84
42.79
42.92
43.34
43.61
43.68
43.72
43.80
43.92
44.03
43.94
43.94
43.87
43.75
43.91
44.08
44.41
44.56
44.22
44.29
44.27
44.10
44.08
44.18
43.94
43.94
43.73
43.55
43.51
43.63
43.65
43.68
43.89
44.11
44.17
44.13
44.25
44.18
44.39
44.37
44.36
44.49
44.49
44.70
45.13
44.93
45.31
45.17
44.87
44.77
44.75
44.82
44.72
44.41
44.20
44.24
44.70
44.74
44.82
44.67
44.58
44.44
44.15
44.29
44.27
44.32
44.53
44.60
44.55
44.72
44.72
44.68
44.65
44.43
43.94
43.61
43.77
43.55
43.11
43.04
42.94
43.18
43.27
43.10
43.25
43.30
43.48
43.58
43.70
44.03
44.05
44.17
44.11
44.20
44.36
44.37
44.43
44.55
44.51
44.70
44.63
44.62
44.29
44.15
44.53
44.93
44.96
44.82
44.48
44.67
44.65
44.20
43.79
43.94
44.17
44.30
44.43
44.55
44.43
43.87
43.75
43.72
43.73
44.11
44.13
44.43
44.58
44.67
44.63
44.41
44.30
44.32
44.44
44.17
44.36
44.13
43.94
43.73
43.80
43.92
44.08
44.39
44.37
44.34
44.29
44.41
44.30
44.37
44.32
44.05
44.08
44.18
44.39
44.41
44.39
43.91
43.91
44.10
44.32
44.36
44.51
44.67
44.65
44.94
45.10
45.36
45.36
45.53
45.69
45.13
44.53
44.20
44.63
45.12
45.18
45.27
44.98
44.98
45.03
45.34
44.80
44.08
43.70
43.56
43.56
43.72
43.80
43.98
44.18
44.18
44.30
44.39
44.29
44.20
44.25
44.24
43.94
44.39
44.62
44.91
45.20
45.36
45.15
44.99
45.24
45.36
45.48
45.46
45.50
45.12
45.25
45.20
45.18
45.25
45.13
45.18
45.25
45.24
45.13
45.29
45.34
45.55
45.53
45.24
45.03
45.06
44.94
44.99
45.20
45.37
45.69
45.89
45.86
45.98
45.88
45.72
45.46
45.24
45.31
45.25
45.36
45.50
45.34
45.37
45.43
45.51
45.56
45.89
45.72
45.86
45.91
45.88
45.98
45.91
45.70
46.20
46.03
45.98
45.72
45.60
45.65
45.17
44.86
45.05
45.03
45.12
45.18
45.36
45.27
45.27
45.18
45.08
45.13
45.15
44.80
44.43
44.20
44.55
44.96
45.12
45.29
45.44
45.36
45.27
45.34
45.24
45.31
45.18
45.12
45.39
45.53
45.51
45.56
45.77
45.88
45.94
45.98
45.53
45.44
45.20
44.79
44.86
44.99
45.37
45.51
45.27
45.29
45.60
45.74
46.03
46.13
46.27
46.25
46.67
46.50
46.38
46.36
46.19
46.08
45.86
45.89
45.91
45.77
45.86
45.96
45.88
45.74
45.77
45.77
45.62
45.25
45.10
45.12
45.10
45.32
45.27
45.15
45.18
45.20
45.34
45.34
45.60
45.82
46.32
46.17
46.51
46.55
46.19
46.38
46.62
46.67
46.53
46.25
45.70
45.29
45.01
45.62
45.63
45.89
45.67
45.51
45.58
45.63
45.91
46.17
46.27
46.53
46.69
46.77
46.62
47.10
47.00
46.77
46.63
46.69
46.67
46.51
46.34
46.31
46.65
46.76
46.60
46.72
46.34
46.46
46.22
46.29
46.38
46.62
46.70
46.53
46.84
46.91
46.91
46.76
46.95
47.05
47.31
47.31
47.38
47.39
47.60
47.62
47.62
47.10
47.01
47.07
47.00
46.98
46.82
46.76
47.08
47.31
47.51
47.64
47.38
47.38
46.79
46.77
46.84
46.84
46.81
46.89
47.00
46.91
46.81
47.07
47.41
47.48
47.55
47.41
47.79
47.89
48.10
48.33
48.34
48.27
48.10
48.00
48.03
48.10
48.15
47.84
47.98
47.96
47.69
47.83
48.00
48.08
47.96
47.65
47.60
47.81
47.69
47.50
47.64
47.81
47.93
48.36
48.62
48.74
48.71
48.76
48.64
48.53
48.22
48.00
48.58
49.14
49.02
48.91
48.74
48.77
48.67
48.65
47.98
47.76
47.51
47.22
47.53
47.93
48.19
48.10
48.22
48.26
48.33
48.33
47.64
47.51
47.74
