0.52
0.52
0.52
0.52
0.52
0.52
0.52
0.52
0.52
0.52
0.52
0.52
0.52
0.55
0.59
0.45
0.45
0.31
0.43
0.41
0.50
0.60
0.78
0.83
0.97
0.97
1.02
0.90
0.93
0.93
0.79
0.83
0.78
0.74
0.76
0.72
0.76
0.78
0.76
0.76
0.78
0.74
0.76
0.76
0.79
0.79
0.78
0.78
0.79
0.79
0.81
0.85
0.85
0.85
0.85
0.85
0.83
0.83
0.83
0.83
0.83
0.83
0.81
0.79
0.79
0.79
0.79
0.88
0.98
0.97
0.91
0.90
0.93
0.91
0.93
0.97
1.02
1.05
1.04
1.04
1.09
1.10
1.12
1.16
1.16
1.16
1.14
1.16
1.16
1.14
1.14
1.14
1.16
1.21
1.23
1.35
1.45
1.52
1.54
1.57
1.61
1.61
1.62
1.62
1.62
1.64
1.64
1.64
1.64
1.64
1.64
1.64
1.66
1.66
1.67
1.67
1.66
1.66
1.66
1.67
1.69
1.71
1.71
1.71
1.71
1.69
1.71
1.73
1.74
1.76
1.83
1.85
1.86
1.88
1.88
1.92
1.95
1.95
1.95
1.93
1.93
1.93
1.93
1.93
1.93
1.92
1.92
1.92
1.90
1.88
1.88
1.88
1.88
1.88
1.92
1.93
1.95
1.93
1.98
2.02
2.04
2.07
2.09
2.09
2.07
2.00
1.93
1.92
1.88
1.85
1.83
1.81
1.83
1.86
1.86
1.90
1.92
1.95
1.97
1.97
1.97
2.00
1.98
2.00
2.07
2.07
2.04
2.30
2.30
2.23
2.28
2.36
2.38
2.38
2.40
2.40
2.40
2.40
2.40
2.40
2.42
2.42
2.42
2.40
2.40
2.42
2.42
2.42
2.42
2.42
2.42
2.43
2.49
2.47
2.47
2.49
2.49
2.50
2.62
2.57
2.59
2.54
2.64
2.64
2.64
2.68
2.68
2.66
2.66
2.64
2.64
2.66
2.68
2.69
2.69
2.71
2.69
2.69
2.68
2.68
2.66
2.68
2.68
2.68
2.66
2.66
2.68
2.68
2.71
2.78
2.90
2.93
2.99
3.02
3.09
3.09
3.09
3.07
3.07
3.07
3.07
3.05
3.05
3.05
3.07
3.04
3.05
3.04
3.07
3.07
3.07
3.07
3.04
3.05
3.04
3.14
3.37
3.33
3.33
3.35
3.38
3.42
3.43
3.47
3.50
3.50
3.50
3.50
3.52
3.52
3.52
3.50
3.50
3.50
3.47
3.45
3.43
3.42
3.42
3.42
3.45
3.49
3.52
3.50
3.54
3.47
3.49
3.50
3.43
3.52
3.54
3.57
3.57
3.56
3.57
3.57
3.57
3.59
3.64
3.64
3.62
3.66
3.66
3.68
3.68
3.71
3.69
3.69
3.66
3.66
3.61
3.61
3.62
3.66
3.69
3.75
3.88
4.06
4.07
4.00
4.07
4.11
4.14
4.12
4.12
4.12
4.12
4.16
4.18
4.18
4.16
4.16
4.14
4.14
4.14
4.11
4.11
4.11
4.11
4.12
4.12
4.12
4.11
4.12
4.28
4.38
4.37
4.35
4.23
4.35
4.35
4.38
4.38
4.38
4.37
4.44
4.44
4.44
4.45
4.50
4.49
4.56
4.49
4.50
4.47
4.52
4.54
4.52
4.54
4.54
4.54
4.56
4.57
4.73
4.95
5.01
5.04
5.02
5.06
5.07
5.07
5.07
5.09
5.09
5.11
5.07
5.07
5.07
5.09
5.07
5.07
5.07
5.09
5.13
5.07
5.09
5.09
5.11
5.07
5.04
5.07
5.07
5.13
5.25
5.40
5.49
5.47
5.47
5.59
5.56
5.49
5.52
5.57
5.59
5.57
5.56
5.51
5.44
5.51
5.51
5.57
5.54
5.52
5.52
5.54
5.49
5.52
5.56
5.56
5.56
5.54
5.59
5.59
5.56
5.76
5.80
5.85
5.87
5.87
5.82
5.82
5.85
5.83
5.83
5.85
5.76
5.82
5.89
5.78
5.85
5.85
5.87
5.85
5.85
5.90
5.92
5.85
5.80
5.80
5.73
5.80
5.90
5.92
6.08
6.13
6.28
6.20
6.25
6.33
6.30
6.32
6.32
6.14
6.09
6.13
6.18
6.23
6.28
6.30
6.30
6.33
6.33
6.33
6.33
6.33
6.28
6.28
6.28
6.30
6.28
6.27
6.27
6.28
6.28
6.45
6.45
6.40
6.40
6.47
6.49
6.52
6.54
6.54
6.54
6.54
6.56
6.59
6.58
6.58
6.58
6.59
6.58
6.61
6.61
6.61
6.61
6.61
6.61
6.61
6.61
6.58
6.61
6.66
6.77
6.85
6.96
6.99
6.90
6.90
6.87
6.89
6.87
6.92
6.97
7.01
7.01
6.99
6.99
6.99
6.94
6.96
6.97
7.04
7.02
7.01
7.01
7.01
7.01
6.97
6.96
6.94
6.89
6.92
7.16
7.27
7.30
7.32
7.35
7.40
7.40
7.40
7.40
7.40
7.42
7.40
7.42
7.40
7.40
7.42
7.42
7.40
7.39
7.40
7.37
7.37
7.39
7.39
7.39
7.37
7.37
7.37
7.34
7.37
7.44
7.71
7.75
7.73
7.78
7.75
7.75
7.84
7.90
7.89
7.87
7.92
7.94
7.90
7.92
7.94
7.92
7.94
7.90
7.85
7.85
7.80
7.77
7.80
7.75
7.80
7.85
7.96
7.90
8.04
8.32
8.35
8.35
8.37
8.41
8.37
8.39
8.35
8.34
8.39
8.37
8.35
8.37
8.34
8.32
8.32
8.30
8.32
8.32
8.34
8.41
8.41
8.41
8.37
8.41
8.39
8.41
8.42
8.37
8.35
8.39
8.35
8.61
8.63
8.49
8.56
8.65
8.72
8.82
8.82
8.82
8.80
8.80
8.85
8.87
8.87
8.84
8.77
8.68
8.73
8.75
8.77
8.77
8.78
8.78
8.80
8.80
8.78
8.80
8.78
8.82
8.73
8.68
8.53
8.61
8.78
8.80
8.92
8.89
8.91
8.96
8.94
9.01
9.01
9.04
9.03
9.11
9.10
9.10
9.15
8.97
8.97
8.96
9.03
9.01
8.99
9.01
9.03
9.01
8.96
8.96
9.03
9.08
9.04
9.18
9.03
9.04
9.11
9.13
9.16
9.22
9.18
9.13
9.23
9.16
9.04
8.99
9.01
9.08
9.13
9.20
9.22
9.20
9.16
9.13
9.15
9.15
9.15
9.10
9.16
9.23
9.25
9.32
9.49
9.49
9.44
9.48
9.44
9.46
9.44
9.53
9.48
9.53
9.49
9.54
9.58
9.61
9.65
9.60
9.60
9.61
9.58
9.58
9.61
9.54
9.51
9.46
9.49
9.44
9.42
9.32
9.37
9.46
9.58
9.53
9.49
9.49
9.42
9.46
9.53
9.51
9.42
9.39
9.23
9.32
9.42
9.39
9.37
9.30
9.37
9.39
9.35
9.39
9.41
9.46
9.32
9.23
9.27
9.32
9.67
9.91
9.94
9.98
9.96
9.96
9.96
9.99
10.01
10.04
10.06
10.11
10.11
10.15
10.18
10.13
10.10
10.04
9.99
10.03
10.06
10.06
10.06
10.06
10.10
10.04
10.06
10.10
10.13
10.11
10.13
10.20
10.22
10.13
10.10
10.08
10.11
10.18
10.20
10.27
10.32
10.30
10.36
10.39
10.41
10.44
10.42
10.42
10.44
10.37
10.36
10.29
10.30
10.30
10.34
10.34
10.36
10.34
10.44
10.44
10.32
10.36
10.39
10.32
10.48
10.37
10.39
10.51
10.44
10.34
10.27
10.27
10.49
10.53
10.39
10.44
10.41
10.37
10.39
10.39
10.30
10.27
10.22
10.29
10.37
10.36
10.36
10.37
10.42
10.36
10.34
10.55
10.55
10.53
10.60
10.61
10.65
10.65
10.68
10.72
10.77
10.77
10.68
10.75
10.84
10.87
10.87
10.84
10.79
10.84
10.89
10.84
10.84
10.89
10.94
10.93
10.94
10.91
10.87
10.93
10.89
10.99
11.11
10.94
10.99
10.79
10.79
10.87
10.89
10.93
10.96
11.06
10.98
10.86
10.87
10.91
10.96
10.99
10.96
10.93
10.89
11.03
10.96
10.98
10.91
10.93
11.01
11.01
10.99
10.98
11.01
10.89
10.99
11.01
11.25
11.24
11.29
11.25
11.10
11.27
11.22
11.24
11.22
11.13
11.01
11.15
11.25
11.27
11.29
11.25
11.17
11.10
11.22
11.15
11.15
11.18
11.22
11.22
11.17
11.18
11.17
11.36
11.51
11.53
11.53
11.62
11.68
11.72
11.74
11.63
11.62
11.62
11.65
11.70
11.68
11.67
11.70
11.70
11.70
11.75
11.82
11.77
11.72
11.77
11.74
11.75
11.77
11.70
11.72
11.55
11.86
12.01
11.98
12.10
12.05
12.03
12.06
12.19
12.12
12.03
12.10
11.94
11.94
12.08
12.22
12.17
12.12
12.15
12.25
12.25
12.24
12.20
12.19
12.24
12.25
12.22
12.22
12.22
12.20
12.08
12.06
12.46
12.51
12.44
12.69
12.75
12.67
12.69
12.69
12.67
12.63
12.65
12.74
12.79
12.81
12.74
12.75
12.70
12.69
12.70
12.70
12.74
12.74
12.75
12.75
12.79
12.77
12.74
12.81
12.75
12.84
12.88
13.00
13.08
12.93
12.98
12.96
12.96
12.89
12.93
12.93
12.91
12.82
12.96
13.00
13.07
13.07
13.03
12.96
12.84
12.94
12.84
12.75
12.86
12.91
12.89
12.94
12.98
13.08
12.77
12.89
12.81
12.67
12.84
12.51
12.89
12.81
12.93
13.00
12.93
12.89
12.88
13.03
13.00
12.98
13.01
13.07
13.07
13.15
13.15
13.12
13.12
13.13
13.26
13.27
13.20
13.26
13.36
13.34
13.31
13.29
13.34
13.39
13.32
13.41
13.29
13.31
13.34
13.22
13.17
13.26
13.22
13.26
13.10
13.12
13.24
13.19
13.34
13.39
13.39
13.12
13.13
13.39
13.39
13.51
13.53
13.55
13.55
13.50
13.57
13.58
13.65
13.63
13.50
13.46
13.38
13.26
13.46
13.58
13.69
13.53
13.38
13.50
13.41
13.32
13.29
13.24
13.39
13.48
13.38
13.53
13.53
13.62
13.62
13.53
13.51
13.29
13.32
13.43
13.15
13.24
13.48
13.76
13.91
13.95
13.88
13.98
13.98
13.95
14.05
14.00
13.93
13.86
13.86
13.81
13.98
14.01
14.14
14.01
14.17
14.22
14.20
14.08
14.12
14.07
14.08
14.10
14.12
14.12
14.00
14.20
14.24
13.84
14.08
14.26
14.07
14.14
14.14
14.19
14.17
14.07
14.17
14.19
14.08
14.22
14.31
14.39
14.41
14.50
14.52
14.57
14.46
14.46
14.48
14.53
14.55
14.52
14.57
14.50
14.31
14.31
14.26
14.33
14.26
14.22
14.29
14.19
14.39
14.31
14.36
14.26
14.43
14.46
14.33
14.27
14.38
14.26
14.14
14.22
14.14
14.22
14.34
14.41
14.29
14.20
14.22
14.20
14.22
14.12
14.15
14.20
14.10
14.14
14.19
14.29
14.33
14.08
14.24
14.36
14.27
14.31
14.46
14.45
14.41
14.41
14.31
14.41
14.33
14.20
14.22
14.36
14.29
14.20
14.24
14.26
14.41
14.52
14.60
14.48
14.41
14.45
14.57
14.69
14.60
14.86
14.88
14.79
14.91
14.86
14.88
14.72
14.81
14.91
14.69
14.93
14.83
14.74
14.74
14.81
14.58
14.76
14.64
14.74
14.79
15.03
15.02
14.81
14.72
14.69
14.83
15.05
15.38
15.41
15.60
15.53
15.55
15.48
15.52
15.55
15.53
15.59
15.62
15.57
15.55
15.67
15.67
15.65
15.65
15.64
15.59
15.60
15.57
15.59
15.62
15.64
15.65
15.69
15.67
15.57
15.57
16.05
15.71
15.81
15.60
15.48
15.64
15.34
15.57
15.57
15.45
15.55
15.60
15.71
15.71
15.62
15.69
15.88
15.91
15.95
15.91
15.91
15.81
15.83
15.77
15.79
15.81
15.48
15.67
15.59
15.71
15.79
15.71
15.81
15.88
15.88
16.02
15.79
15.90
15.96
15.96
16.03
16.26
16.19
16.22
16.19
16.22
16.34
16.29
16.24
16.21
16.22
16.31
16.43
16.40
16.47
16.41
16.36
16.38
16.38
16.50
16.59
16.40
16.33
16.45
16.59
16.60
16.48
16.40
16.10
15.64
15.90
16.02
16.05
15.90
15.98
16.22
16.15
15.96
16.02
16.02
15.69
15.65
15.72
16.05
15.83
16.17
16.05
16.24
16.10
15.81
16.09
16.59
16.64
16.79
16.78
16.76
16.66
16.74
16.78
16.85
17.03
16.98
17.09
16.98
16.93
16.97
16.95
16.95
17.00
16.97
17.07
17.07
17.10
16.98
16.97
17.14
17.09
17.05
16.98
17.00
17.05
16.88
17.12
16.97
16.91
17.09
16.97
16.97
16.98
17.16
17.31
17.22
17.16
16.98
16.95
17.17
17.21
17.03
17.07
17.10
17.05
17.14
17.24
17.28
17.36
17.19
17.17
17.21
17.17
17.17
17.54
17.52
17.59
17.57
17.29
17.47
17.40
17.43
17.50
17.38
17.40
17.62
17.73
17.48
17.74
17.67
17.60
17.54
17.64
17.71
17.74
17.66
17.67
17.67
17.76
17.59
17.62
17.62
17.64
17.76
17.86
18.05
18.09
18.16
18.14
18.23
18.17
18.29
18.29
18.26
18.36
18.48
18.36
18.26
18.23
18.14
18.28
18.29
18.02
18.07
18.05
18.17
18.12
18.19
18.23
18.26
18.28
18.29
18.29
18.05
18.04
18.10
17.66
17.74
17.85
17.78
17.74
17.76
17.98
17.88
17.92
18.14
18.09
18.09
18.02
18.05
18.05
17.90
17.86
17.92
17.83
17.97
17.86
17.88
18.12
18.10
18.07
18.04
18.17
18.14
18.02
17.71
18.16
18.14
18.35
18.64
18.69
18.64
18.19
18.21
18.45
18.55
18.55
18.42
18.54
18.42
18.42
18.45
18.35
18.36
18.31
18.14
18.10
18.07
18.07
18.17
18.26
18.31
18.35
18.43
18.35
18.36
18.52
18.24
18.52
18.50
18.86
18.81
18.64
18.48
18.38
18.40
18.64
18.57
18.55
18.52
18.64
18.67
18.57
19.04
19.05
18.93
18.92
18.99
19.16
19.11
19.09
19.05
19.16
19.09
19.19
18.97
18.99
19.11
19.04
19.30
19.11
19.12
19.04
19.12
19.00
18.95
19.16
19.19
19.23
19.42
19.33
19.30
19.33
19.35
19.43
19.33
19.36
19.38
19.54
19.47
19.61
19.24
19.26
19.30
19.45
19.62
19.49
19.69
19.45
19.24
19.54
19.59
19.85
19.64
19.55
19.49
19.43
19.40
19.42
19.52
19.49
19.50
19.59
19.73
19.78
19.71
19.83
19.85
19.76
19.74
19.76
19.80
19.92
19.90
19.43
19.42
19.40
19.80
20.06
20.16
19.93
19.85
20.16
20.25
20.26
20.25
20.35
20.30
20.30
20.33
20.31
20.25
20.12
20.11
20.09
20.07
20.09
20.07
20.14
20.26
20.06
20.12
20.12
20.30
19.95
20.25
20.04
20.30
20.16
20.19
20.04
20.23
20.25
20.30
20.33
20.45
20.38
20.37
20.61
20.54
20.59
20.61
20.62
20.56
20.57
20.68
20.69
20.69
20.62
20.61
20.62
20.54
20.57
20.66
20.81
21.07
21.02
21.06
20.87
20.76
20.88
20.87
20.90
20.87
20.94
20.97
20.88
20.87
21.16
21.14
21.11
21.06
20.97
20.99
20.99
20.94
20.94
20.81
20.80
20.83
20.88
20.88
20.85
20.90
20.97
20.90
20.68
20.85
21.14
21.00
20.95
21.00
21.21
21.14
21.18
21.16
21.23
21.23
20.99
20.90
20.57
20.76
20.73
20.26
20.19
20.23
20.23
20.26
20.54
20.62
20.45
20.21
20.19
20.42
20.80
20.95
20.66
20.38
20.57
20.66
20.94
20.85
20.59
20.97
20.94
21.04
20.97
20.99
20.92
20.95
20.95
20.99
20.95
20.71
20.85
20.99
20.95
20.87
20.90
20.87
20.87
20.97
20.81
20.83
20.85
20.68
20.90
20.80
20.83
21.07
21.23
21.23
21.26
21.32
21.30
21.21
21.02
21.06
21.21
21.35
21.13
20.85
21.04
21.37
21.26
21.06
21.07
21.09
21.09
21.19
20.85
21.19
21.33
21.40
21.04
20.83
20.87
20.80
20.97
21.23
21.23
21.26
21.04
20.80
21.18
21.23
21.07
20.94
21.02
20.83
21.28
21.37
21.19
20.97
20.97
20.97
20.61
20.52
20.76
20.83
21.00
21.19
21.09
21.30
21.37
21.21
21.37
21.42
21.49
21.25
21.51
21.45
21.45
21.35
21.64
21.19
21.26
21.13
21.16
21.23
21.25
21.37
21.19
21.26
21.28
21.33
21.35
21.35
21.23
21.26
21.13
21.06
20.59
20.78
21.07
21.54
21.37
21.32
21.42
21.37
21.38
21.35
21.25
21.00
21.07
21.23
21.52
21.54
21.63
21.66
21.59
21.63
21.57
21.54
21.59
21.66
21.68
21.76
22.09
21.97
22.04
22.14
22.21
22.13
22.28
22.35
22.30
22.40
22.39
22.35
22.32
22.32
22.09
22.11
22.33
22.52
22.54
22.56
22.45
22.56
22.56
22.59
22.66
22.58
22.56
22.58
22.61
22.75
22.66
22.45
22.30
22.07
22.35
22.42
22.40
22.90
22.49
22.89
23.01
22.78
22.83
23.04
23.13
23.11
23.02
22.83
22.94
22.78
23.09
22.94
23.04
22.97
22.92
22.94
23.02
22.87
22.85
22.75
22.76
22.68
22.70
22.49
22.30
22.73
23.08
23.06
23.32
23.35
23.51
23.42
23.37
23.58
23.63
23.80
23.56
23.42
23.44
23.54
23.28
23.27
23.39
23.40
23.32
23.02
23.25
23.20
23.20
23.33
23.54
23.40
23.40
23.33
23.20
22.92
22.80
22.89
22.63
22.99
23.11
23.33
23.02
22.83
22.90
23.04
22.80
23.13
23.04
23.39
23.54
23.46
23.27
23.04
23.39
23.35
23.46
23.58
23.70
23.58
23.40
23.35
23.61
23.54
23.46
23.46
23.56
23.23
23.40
23.47
23.08
23.08
23.27
23.02
23.27
23.08
23.30
23.37
23.52
23.32
23.51
23.63
23.54
23.54
23.59
23.77
23.78
23.66
23.65
23.80
23.71
23.46
23.59
23.42
23.65
23.56
23.75
23.70
23.99
24.08
24.16
24.13
24.09
24.20
24.02
23.77
23.70
23.90
23.89
23.97
24.08
24.13
24.23
24.15
24.25
24.18
24.23
24.35
24.23
24.20
24.40
24.21
24.27
24.15
24.20
24.25
24.39
24.78
24.82
24.54
24.63
24.78
24.78
24.68
24.66
24.59
24.44
24.32
24.39
24.16
24.13
24.23
24.13
24.35
24.49
24.49
24.42
24.16
24.34
24.47
24.53
24.47
24.53
24.65
24.47
24.66
24.44
24.66
24.66
24.78
24.96
24.85
24.78
24.65
24.80
24.73
24.78
24.84
24.96
24.99
24.84
24.85
24.96
24.77
24.68
24.77
24.77
24.89
25.01
24.94
24.94
25.09
25.16
25.03
24.80
24.73
24.61
25.23
25.49
25.27
25.25
25.34
25.41
25.46
25.89
25.66
25.84
25.84
25.61
25.54
25.68
25.47
25.49
25.44
25.25
25.09
25.18
25.23
25.32
25.46
25.23
25.06
25.16
25.42
25.42
25.42
25.46
25.30
25.56
25.44
25.35
25.44
25.75
25.49
25.35
25.18
25.23
25.35
25.32
24.96
25.18
25.22
25.20
25.30
25.32
25.08
25.20
25.06
25.13
25.16
25.32
25.32
25.08
24.94
25.20
25.11
25.25
25.23
25.79
25.63
25.34
25.68
25.65
25.92
25.73
25.70
25.68
25.73
25.77
25.85
25.54
25.56
25.46
25.39
25.01
25.41
25.20
25.11
25.30
25.39
25.41
25.34
25.39
25.44
25.66
25.56
25.46
25.53
25.77
26.16
26.20
26.10
26.08
25.96
26.25
26.34
26.34
26.48
26.56
26.51
26.23
26.34
26.41
26.54
26.58
26.68
26.54
26.10
26.35
26.34
26.46
26.77
26.65
26.41
26.41
26.30
26.75
26.39
25.99
25.80
25.77
26.03
26.37
26.16
26.23
26.37
26.68
26.67
26.56
26.63
26.56
26.49
26.46
26.53
26.41
26.60
26.73
26.77
26.73
26.77
26.89
26.73
27.01
27.10
26.98
27.18
27.49
27.51
27.34
27.17
27.15
27.25
27.42
27.48
27.51
27.53
27.55
27.48
27.56
27.51
27.34
27.39
27.36
27.32
27.48
27.37
27.58
27.51
27.27
27.17
27.25
27.08
27.36
27.55
27.55
27.41
27.56
27.36
27.60
27.42
27.49
27.42
27.29
27.41
26.89
26.80
27.41
27.32
27.13
27.32
27.48
27.53
26.99
26.79
26.94
26.87
26.82
26.84
26.75
26.86
26.92
27.13
27.01
26.91
27.44
27.41
27.46
27.24
27.18
27.36
27.61
27.53
27.55
27.75
27.72
27.61
27.89
27.91
28.01
27.82
28.03
27.80
27.99
27.87
27.70
27.82
27.58
27.67
27.70
27.68
27.61
27.55
27.99
28.03
27.98
28.03
27.75
27.87
28.01
27.93
27.93
28.01
27.91
27.96
27.91
28.06
27.91
27.58
27.89
27.89
27.65
27.84
27.89
27.44
27.82
27.86
27.41
27.67
27.75
27.72
27.53
27.77
27.42
27.60
27.77
27.74
27.75
28.05
27.53
27.49
27.61
27.63
27.48
27.36
27.67
27.86
27.77
27.77
27.96
27.96
28.10
28.03
28.08
28.01
28.01
28.17
28.25
28.24
28.31
28.43
28.27
28.37
28.41
28.32
28.13
28.18
28.32
28.60
28.51
28.29
28.05
28.24
28.36
28.49
28.65
28.37
28.51
28.62
28.70
28.70
28.74
28.81
28.65
28.67
28.62
28.49
28.48
28.55
28.56
28.51
28.32
28.82
28.75
28.67
28.74
28.77
28.77
29.25
29.27
29.53
29.70
29.57
29.29
29.38
29.13
29.25
29.01
28.87
29.05
28.89
28.93
28.93
28.98
29.08
29.00
29.15
28.93
29.05
29.00
29.08
28.98
29.10
29.10
29.24
29.12
28.96
29.19
29.31
29.51
29.36
29.43
29.27
29.27
29.22
29.60
29.67
29.67
29.79
29.74
29.70
29.75
29.51
29.67
29.67
29.58
29.65
29.70
29.91
29.70
29.79
29.79
29.72
29.62
29.53
29.82
29.86
29.65
29.69
29.79
29.91
29.60
29.39
29.67
30.15
30.05
30.07
30.01
29.98
30.05
30.13
30.13
30.26
30.15
29.77
29.82
30.03
30.08
29.94
30.08
30.08
30.12
30.31
30.32
30.41
30.46
30.27
30.55
30.70
30.67
30.67
30.57
30.46
30.77
30.58
30.38
30.50
30.53
30.67
30.57
30.24
30.20
30.36
30.19
30.17
30.12
30.38
30.05
29.60
29.69
29.98
30.07
30.19
30.22
30.12
30.22
30.00
30.15
29.94
30.19
30.15
30.32
30.27
30.72
30.50
30.46
30.43
30.57
30.74
30.74
30.64
30.50
30.84
30.91
30.82
30.27
30.32
30.53
30.81
30.55
30.60
30.72
30.55
30.45
30.41
30.46
30.31
30.45
30.43
30.76
30.77
30.67
30.76
30.72
30.81
30.84
31.07
30.89
31.08
31.19
31.27
31.41
31.26
31.38
31.12
30.95
30.88
31.05
31.27
31.15
31.24
31.38
31.58
31.69
31.60
31.39
31.33
30.86
31.29
31.36
31.31
31.39
31.29
31.34
31.38
31.29
31.45
31.43
31.52
31.62
31.57
31.57
31.50
31.62
31.64
31.46
31.71
31.71
31.65
31.74
31.83
31.90
31.95
31.91
31.91
31.90
31.96
31.76
31.91
31.72
32.00
31.88
32.03
31.76
31.84
31.90
32.07
31.93
31.93
32.02
31.72
31.48
31.55
31.64
31.64
31.60
31.57
31.69
31.62
31.81
31.77
31.81
31.69
31.74
31.81
31.79
31.76
31.79
32.02
31.55
31.84
31.93
31.93
32.22
32.19
32.17
31.90
31.81
32.22
32.33
31.98
32.03
32.14
32.40
32.62
32.33
32.24
32.19
32.33
32.38
32.62
32.59
32.57
32.60
32.67
32.76
32.72
32.26
32.41
32.45
32.45
32.46
32.57
32.64
32.81
32.78
32.71
32.90
32.76
32.98
33.02
32.95
32.76
32.55
32.53
32.69
32.71
32.69
32.91
32.88
32.84
32.93
32.83
32.48
33.00
32.69
32.57
32.72
32.59
32.24
32.50
32.27
32.40
32.29
32.27
32.48
32.65
32.67
32.52
32.52
32.27
32.10
32.43
32.12
32.52
32.27
31.98
32.03
31.93
31.83
31.96
32.15
32.00
32.22
32.29
32.27
32.36
32.45
32.62
32.78
32.05
32.59
32.43
32.31
32.21
32.29
32.50
32.15
32.41
32.67
32.81
32.91
32.97
33.03
32.64
32.90
33.00
32.91
33.14
33.09
32.86
32.88
32.95
33.05
33.15
33.14
32.97
32.93
32.93
32.93
32.86
33.10
33.05
32.97
33.33
33.24
33.14
32.88
32.93
32.95
33.02
33.10
32.91
33.15
32.98
32.83
32.88
32.90
33.10
33.36
33.22
33.38
33.24
33.17
33.28
33.47
33.21
33.26
33.57
33.50
33.62
33.62
33.71
33.67
33.53
33.57
33.57
33.47
33.53
33.62
33.74
33.57
33.55
33.69
33.76
33.88
33.78
33.53
33.48
33.72
33.52
33.41
33.47
33.52
33.48
33.55
33.21
33.28
33.59
33.79
33.69
33.74
33.83
33.66
33.79
33.81
33.60
33.66
33.85
33.81
34.10
33.52
33.60
33.88
33.86
33.81
34.09
33.59
33.67
33.78
33.98
34.21
34.14
34.26
34.29
34.02
34.00
33.81
33.83
33.86
33.78
34.09
33.72
33.98
33.83
33.14
33.17
33.43
33.45
33.71
33.83
33.97
33.79
33.81
33.85
33.86
33.69
33.90
33.91
34.12
34.07
34.24
34.10
34.28
34.00
33.98
34.14
34.24
33.81
33.67
33.81
34.07
33.91
33.81
33.74
33.90
34.02
34.28
33.86
33.91
34.05
33.78
33.95
33.93
33.97
34.07
34.21
34.14
34.14
34.17
34.12
34.12
34.33
34.38
33.95
34.10
34.05
33.76
33.91
33.93
33.81
34.10
33.95
34.21
34.36
34.23
34.50
33.97
34.31
34.31
34.67
34.33
34.43
34.45
34.54
34.62
34.71
34.66
34.78
34.74
34.40
34.38
34.54
34.54
34.43
34.38
34.19
33.97
34.33
34.33
34.19
34.23
34.00
33.79
33.91
34.00
34.10
34.23
34.41
34.40
34.35
34.43
34.50
34.71
34.57
34.38
34.83
34.66
34.73
34.81
34.78
34.66
34.57
34.71
34.57
34.55
34.14
34.26
34.33
34.54
34.54
34.86
34.86
34.54
34.59
34.83
34.83
34.97
34.86
35.00
35.12
35.23
34.83
34.88
34.78
34.71
34.78
34.83
35.00
35.04
35.24
35.00
35.11
35.23
35.14
35.21
35.09
34.74
34.64
35.12
35.14
35.09
35.21
35.09
35.47
35.24
35.21
35.11
34.97
34.88
34.86
34.66
34.73
34.62
35.00
34.92
35.00
34.95
34.85
35.00
34.95
34.79
34.81
34.79
34.92
34.98
34.98
35.12
35.16
35.05
34.97
34.76
35.02
35.16
35.19
35.33
35.35
35.43
35.17
35.02
35.12
35.47
35.36
35.43
35.02
35.05
35.26
35.40
35.31
35.31
35.50
35.69
35.71
35.74
35.54
35.05
34.97
35.16
35.66
35.80
35.81
35.80
36.00
35.76
35.64
35.73
35.40
35.48
35.47
35.28
35.00
35.24
35.38
35.04
35.17
35.40
35.40
35.45
35.61
35.64
35.67
35.26
35.40
35.92
35.81
35.86
35.92
36.24
36.11
35.73
35.78
36.05
36.07
36.14
35.97
35.97
35.90
35.81
35.95
35.85
36.23
36.26
36.05
35.92
35.81
36.11
36.21
36.31
36.49
36.18
36.23
36.28
36.24
36.24
36.33
36.33
36.11
36.28
36.50
36.54
36.14
36.30
36.24
36.23
36.31
36.24
36.02
36.24
36.42
36.45
35.97
36.21
36.19
35.92
36.21
36.31
36.21
36.05
36.23
36.24
36.28
36.26
36.07
36.14
36.57
36.43
36.33
36.21
36.16
36.24
36.30
36.18
36.18
36.11
35.95
36.05
36.19
35.90
35.97
36.00
36.11
36.07
36.05
36.02
36.07
36.43
36.76
36.69
36.62
36.45
36.78
36.52
36.43
36.71
36.73
36.62
36.57
36.52
36.49
36.62
36.50
36.54
36.35
36.57
36.35
36.35
36.43
36.30
36.33
36.93
36.80
36.73
36.66
36.97
36.92
36.99
37.00
37.14
37.19
37.33
37.40
37.45
37.47
37.47
37.16
36.88
36.93
36.95
37.12
37.21
37.09
37.11
37.16
36.99
37.00
37.23
37.37
37.31
37.21
37.37
37.30
37.42
37.40
37.54
37.44
37.47
37.85
37.64
37.66
37.54
37.71
37.80
37.64
37.44
37.61
37.45
37.14
37.71
37.61
37.44
37.40
37.47
37.59
37.35
37.21
37.54
37.83
37.76
37.92
37.56
37.61
37.23
37.57
37.54
37.73
37.80
37.83
37.83
37.71
37.66
37.57
37.56
37.73
37.71
37.50
37.35
37.54
36.93
36.80
37.04
37.21
37.37
37.42
37.50
37.45
37.52
37.47
37.69
37.59
37.81
37.88
37.75
37.49
37.69
37.09
37.28
37.19
37.47
37.57
37.30
37.63
37.61
37.75
37.90
38.00
38.18
37.71
37.66
37.88
37.94
37.87
37.92
38.14
38.02
37.76
37.97
38.02
37.97
37.80
38.26
38.18
38.04
38.14
38.09
38.11
37.90
38.09
38.23
38.28
38.23
38.40
38.11
38.13
37.95
38.07
38.00
37.78
37.57
37.52
37.49
37.61
37.71
37.92
37.83
38.04
37.75
37.61
37.56
37.69
37.66
37.76
37.78
37.73
37.52
37.44
37.76
37.61
37.87
38.14
37.87
37.90
37.81
37.80
37.83
37.97
38.07
37.83
38.06
38.32
38.28
37.99
38.30
38.13
38.00
37.92
37.99
38.06
38.23
38.07
38.09
38.06
37.92
38.06
38.18
38.26
38.63
38.80
38.57
38.54
38.51
38.52
37.99
38.16
38.25
38.13
38.14
38.37
38.57
38.40
38.49
38.56
38.30
38.33
38.14
38.40
38.68
38.52
38.59
38.21
38.19
38.06
38.37
38.06
38.14
38.52
38.40
38.35
38.47
38.40
38.28
38.57
38.82
38.73
38.63
38.51
38.37
38.45
38.38
38.49
38.38
38.28
38.57
38.38
38.44
38.44
38.59
38.52
38.40
38.66
38.56
38.68
38.70
38.63
38.49
38.70
38.49
38.57
38.47
38.56
38.71
38.71
38.38
38.51
38.38
38.44
38.52
38.78
38.32
38.51
38.68
38.90
38.71
38.70
38.89
39.01
39.02
38.95
38.85
38.54
38.73
38.85
38.85
38.90
38.76
38.92
38.75
38.80
38.78
38.97
38.90
38.64
38.68
38.66
38.57
38.44
38.63
38.61
38.73
38.80
38.49
38.64
38.51
38.40
38.37
38.37
38.37
38.32
38.59
38.52
38.75
39.04
38.97
38.75
38.37
38.61
38.66
38.99
38.85
39.01
39.01
39.04
39.09
38.75
38.90
39.04
39.11
38.76
38.78
38.57
38.83
38.87
39.06
39.11
39.21
39.09
39.18
39.07
38.95
38.97
39.07
38.82
38.82
38.87
38.99
39.04
39.07
39.32
39.26
39.28
39.28
39.21
39.21
39.35
39.47
39.40
39.40
38.89
39.23
39.13
38.95
39.07
39.28
38.99
39.13
39.07
38.87
39.16
39.11
38.99
39.11
39.21
39.30
39.28
39.30
39.42
39.59
39.71
39.56
39.30
39.51
39.89
39.70
39.96
39.83
39.78
39.51
39.56
39.33
39.64
39.80
39.58
39.18
39.28
39.23
39.45
39.39
39.32
39.49
39.64
39.75
40.13
40.06
40.08
40.23
39.97
40.11
40.08
40.14
39.99
40.04
39.66
39.82
39.77
39.75
39.89
40.04
40.23
40.18
39.75
39.75
39.96
40.16
40.11
40.52
40.44
40.42
40.32
39.99
39.99
39.94
40.02
39.97
39.83
39.63
40.01
40.11
40.21
39.82
39.94
39.78
39.70
39.90
39.61
40.01
40.11
39.94
39.97
40.40
40.27
40.39
40.56
40.63
40.71
40.44
40.46
40.13
40.16
40.46
40.37
40.49
40.20
40.37
40.51
40.51
40.44
40.46
40.51
40.44
40.35
40.47
40.35
40.16
40.30
40.18
40.42
40.33
40.25
40.01
40.18
40.32
40.28
40.33
40.59
40.56
40.39
40.44
40.78
40.61
40.18
40.25
40.42
40.51
40.58
40.71
40.56
40.56
40.49
40.20
40.51
39.80
39.94
40.02
40.01
40.33
40.39
40.51
40.23
40.63
40.61
40.70
40.77
40.96
40.37
40.40
40.42
40.49
40.58
40.63
40.75
40.85
40.65
40.71
40.92
40.70
40.21
40.49
40.70
40.61
41.01
41.06
40.71
40.94
40.84
40.99
40.82
40.77
40.84
40.77
41.04
40.65
40.33
40.47
40.47
40.28
40.59
40.70
40.63
40.23
40.39
40.80
40.52
40.52
40.25
40.33
40.16
40.04
40.23
40.52
40.58
40.87
41.01
40.82
41.08
40.80
40.80
40.84
40.80
40.47
40.84
41.01
40.90
40.71
40.85
41.32
40.75
40.82
40.87
40.96
41.20
41.25
41.27
41.08
41.08
41.01
41.25
41.23
41.06
41.27
41.28
41.13
41.34
40.94
41.23
41.09
41.40
41.22
41.20
41.25
41.39
41.20
41.53
41.47
41.30
41.73
41.68
41.82
41.82
41.92
42.06
41.92
42.37
42.18
42.15
41.91
41.58
41.30
41.37
41.44
41.39
41.37
41.53
41.35
41.63
41.49
41.63
41.66
41.61
41.25
40.78
41.09
41.32
41.32
41.37
41.59
41.40
41.47
41.49
41.35
41.61
41.46
41.75
41.47
41.91
42.08
41.91
41.97
41.65
41.82
41.92
42.06
42.08
42.16
42.03
42.03
41.89
41.73
41.80
41.77
41.85
41.49
41.77
41.89
42.16
41.87
41.53
41.70
41.49
41.49
41.59
41.84
41.97
41.77
41.84
41.92
41.92
42.30
42.03
41.91
41.56
41.78
41.85
41.92
41.66
41.96
42.11
42.42
42.65
42.42
42.13
41.65
41.99
41.92
41.68
41.78
41.87
42.18
42.06
42.10
41.97
41.75
41.73
42.46
42.35
42.39
42.56
42.60
42.53
42.49
42.49
42.54
42.70
42.75
42.75
42.60
42.54
42.16
41.68
42.06
42.39
42.20
42.11
42.11
42.03
42.11
42.18
42.20
42.13
42.15
41.59
41.87
42.06
42.46
41.99
41.96
41.85
41.56
41.44
41.49
41.78
41.65
41.85
41.89
42.18
42.29
42.15
42.08
42.03
41.96
42.42
42.68
42.53
42.60
42.60
42.46
42.20
42.34
42.44
42.47
42.49
42.73
42.63
42.72
42.66
43.13
43.13
43.13
42.54
42.82
42.66
42.68
42.60
42.47
42.34
42.53
42.65
42.53
42.56
42.79
42.80
42.70
42.39
42.53
42.82
42.91
42.89
42.96
42.77
43.03
43.23
42.89
43.13
43.27
43.22
43.39
42.89
43.17
43.34
43.51
43.51
43.60
43.60
43.72
43.58
43.39
43.17
43.42
43.30
43.29
43.58
43.98
43.96
43.77
43.68
43.96
43.86
43.92
43.91
44.05
44.29
44.17
44.11
44.24
44.29
43.99
44.63
44.62
44.58
44.80
44.72
44.80
44.82
44.86
44.44
43.92
44.22
44.30
44.51
44.49
44.41
44.30
44.43
44.11
44.10
44.06
44.05
44.20
44.11
43.94
44.20
43.94
44.20
44.08
44.17
44.37
44.06
44.17
44.20
44.03
44.37
44.29
44.36
44.48
44.34
44.62
44.06
44.13
43.79
43.96
43.99
43.96
43.99
43.80
43.70
44.11
44.01
43.92
44.24
43.79
43.92
44.15
44.32
44.36
44.18
43.70
44.08
44.10
43.98
43.80
44.08
44.36
44.60
44.51
44.46
44.49
44.56
44.74
44.51
44.18
44.43
44.51
44.39
44.41
44.60
44.44
44.53
44.62
44.24
44.11
43.99
43.99
43.80
43.89
43.80
43.86
43.80
43.96
44.06
44.24
44.05
44.05
43.98
44.15
43.99
44.17
44.27
44.27
44.49
44.46
44.67
44.62
44.53
44.67
44.34
44.25
44.30
44.17
43.67
43.56
43.48
43.77
43.99
43.58
44.15
44.48
44.32
44.44
44.55
44.68
44.56
44.48
44.37
44.48
44.34
44.37
44.49
44.72
44.55
44.49
44.22
44.25
44.20
44.48
44.56
44.48
44.25
44.58
44.25
44.44
44.65
44.60
44.56
44.87
44.79
44.93
44.96
44.70
44.43
44.58
44.62
44.87
44.60
44.86
45.12
45.05
44.55
44.70
44.89
44.79
44.41
44.53
44.27
44.41
44.55
44.58
44.34
44.56
44.36
44.55
44.93
44.91
44.77
44.56
44.62
44.48
44.80
44.89
44.70
44.74
44.84
44.70
44.80
44.86
44.93
44.89
45.01
45.03
45.20
45.25
45.13
45.39
45.34
45.03
45.01
44.94
44.87
44.94
45.20
45.12
45.05
45.06
45.01
44.96
45.01
44.70
45.08
44.80
44.48
44.68
44.80
45.24
45.46
45.06
44.70
45.03
44.96
44.77
44.82
44.77
45.03
45.36
45.20
45.08
45.48
44.99
45.18
45.29
45.32
45.53
45.46
45.27
45.32
45.18
45.62
45.37
45.27
45.39
45.39
45.27
44.99
44.80
45.12
44.99
44.93
45.15
45.44
45.37
45.18
45.29
45.13
45.01
45.32
45.37
45.34
45.58
44.99
45.41
45.50
45.46
45.63
45.70
46.00
46.05
45.98
45.79
46.13
46.13
46.29
46.25
46.01
46.05
46.19
46.31
46.53
46.20
46.20
46.01
46.15
46.08
46.19
46.36
46.51
46.17
46.12
46.05
46.22
46.39
46.41
46.08
45.89
46.19
46.31
45.77
46.00
46.29
45.72
46.03
46.29
46.01
46.06
46.01
45.89
45.56
45.88
45.88
46.10
46.43
46.38
46.24
46.22
46.06
46.27
46.53
46.60
46.67
46.62
46.72
46.60
46.88
46.93
47.08
47.12
47.26
47.10
47.00
46.51
46.96
46.81
46.74
46.98
46.89
46.67
46.81
46.57
46.46
46.05
46.36
46.03
46.19
46.41
45.91
45.82
45.82
45.98
45.84
45.74
45.86
46.29
46.05
46.05
46.10
46.20
46.48
46.27
46.34
46.15
46.20
46.65
46.58
46.67
46.69
47.03
46.98
46.62
46.93
47.03
46.93
46.74
47.15
46.79
47.13
46.86
47.05
46.98
47.05
47.24
46.77
46.86
47.13
47.00
47.03
47.01
47.32
47.29
47.24
47.15
47.17
46.98
47.24
46.67
47.00
47.10
47.24
47.05
46.82
46.95
46.76
46.81
47.05
46.95
46.69
46.69
46.93
47.43
47.29
46.93
47.10
46.88
46.79
47.15
46.84
46.74
47.05
47.26
47.53
47.39
47.29
47.08
47.39
47.60
47.79
47.74
47.81
47.65
47.53
47.53
47.72
47.70
47.45
47.20
47.72
47.65
47.39
47.43
47.46
47.27
47.27
47.32
47.03
47.03
47.24
46.89
46.57
46.72
46.91
47.13
46.93
47.19
46.96
46.95
47.22
47.22
47.03
47.20
47.13
47.13
47.05
47.05
46.98
46.96
47.00
47.13
47.22
47.17
47.13
46.98
47.07
47.13
47.27
47.53
47.55
47.50
47.84
47.58
46.98
47.22
47.38
47.55
47.20
47.29
47.22
47.36
47.39
47.57
47.55
47.57
47.55
47.60
47.58
47.60
47.98
47.67
48.00
48.15
47.89
48.15
48.45
48.10
48.07
48.05
47.89
48.19
47.93
47.98
47.86
47.62
47.50
48.00
48.03
47.86
47.57
47.91
47.81
47.55
47.65
47.88
47.64
47.62
47.79
47.91
47.65
47.70
47.86
48.05
48.22
47.88
48.05
47.15
47.48
47.48
47.58
47.53
47.38
47.08
47.60
47.91
48.10
47.89
47.91
47.65
47.70
47.65
47.51
48.05
47.74
48.14
48.17
48.34
48.57
48.45
48.31
48.55
48.90
48.58
48.69
48.65
48.46
48.58
48.57
48.81
48.95
48.64
48.55
48.67
48.52
48.33
48.77
48.98
48.84
48.69
48.64
48.41
48.45
48.48
48.72
48.33
48.07
48.45
48.65
48.79
48.83
48.83
48.67
48.83
49.29
49.31
49.07
48.71
48.24
48.95
48.76
48.90
48.67
48.83
49.03
49.26
49.17
49.34
49.17
48.98
48.60
48.65
48.29
48.26
48.08
48.26
48.71
48.77
48.83
48.57
48.98
48.39
48.45
48.57
48.86
48.90
48.95
49.02
48.71
48.96
49.22
49.31
49.09
49.28
49.38
49.21
49.41
48.98
49.02
49.14
49.12
48.79
48.96
49.02
48.90
48.67
48.98
49.07
49.12
49.24
49.17
49.26
49.31
49.29
49.43
49.45
49.59
49.21
49.41
49.52
49.52
49.46
49.22
49.29
48.90
48.62
49.17
49.40
49.14
49.38
49.46
49.50
49.71
49.67
49.67
49.83
49.72
49.36
49.69
49.72
49.69
49.52
49.55
49.48
49.43
49.38
49.52
49.59
49.19
49.29
49.41
49.19
49.19
48.93
48.98
49.40
49.69
49.64
49.50
49.60
49.78
49.65
49.14
48.91
49.19
48.88
49.19
48.79
49.53
49.83
50.12
49.62
50.10
50.14
50.02
49.53
49.90
50.10
50.17
50.17
50.45
50.41
49.95
49.74
49.72
49.95
49.93
50.12
50.10
50.24
50.24
50.07
50.19
50.17
50.22
50.09
50.12
50.14
50.22
50.43
50.47
50.38
50.52
50.31
50.31
50.55
50.69
50.59
50.86
50.72
50.67
50.69
50.74
50.72
50.78
50.72
50.43
50.66
50.52
50.64
50.38
50.54
50.72
50.72
50.83
50.78
51.02
50.78
50.88
51.12
51.10
51.05
51.24
50.91
50.76
51.10
51.00
50.88
50.74
50.97
51.42
51.43
51.00
51.33
51.24
51.29
51.38
51.23
51.38
51.04
51.24
51.12
51.12
51.16
51.19
51.31
50.91
51.00
51.29
51.31
51.59
51.57
51.05
50.93
50.95
51.10
51.02
51.57
51.24
51.36
51.28
51.29
51.05
51.35
51.26
50.79
50.78
50.78
50.86
50.91
50.72
50.52
50.72
50.57
50.67
50.72
50.93
50.97
50.88
51.00
51.16
51.14
51.21
51.24
51.28
51.07
51.12
51.31
51.28
51.50
51.24
51.69
51.52
51.45
51.76
51.74
51.33
51.54
51.33
51.28
51.31
51.57
51.48
51.19
51.47
51.31
51.21
51.47
51.48
51.52
50.98
50.81
50.93
51.31
50.88
50.67
50.54
50.45
50.19
50.66
50.41
50.10
50.76
50.72
51.02
50.38
50.33
50.54
50.50
50.72
50.38
50.74
51.00
51.00
51.19
51.02
51.38
51.26
50.98
51.02
51.71
51.23
51.48
51.43
51.59
51.47
51.61
51.26
51.52
51.50
51.54
51.76
51.95
52.16
51.83
51.57
52.12
51.85
51.28
51.69
51.23
51.21
51.09
51.12
50.95
51.09
50.98
50.90
51.09
50.55
50.91
51.55
51.35
50.86
51.50
51.19
51.26
51.43
51.23
51.21
51.43
50.90
50.86
50.90
50.98
51.09
51.33
51.24
51.05
51.28
51.35
51.45
51.67
51.64
51.07
51.48
51.24
51.21
51.59
51.69
51.59
51.19
51.36
51.48
51.12
50.91
50.83
51.04
51.02
51.21
51.69
51.79
51.35
51.14
51.59
51.67
51.31
51.36
51.79
52.02
51.78
51.92
51.54
51.74
51.40
51.67
51.24
51.16
51.33
51.31
51.47
51.29
51.14
50.83
50.97
50.86
50.71
50.91
50.66
51.16
50.79
51.07
51.19
51.28
50.93
50.79
51.14
51.29
50.90
50.72
50.97
51.33
51.47
51.45
51.29
51.57
51.23
51.57
51.24
51.28
51.07
50.93
51.19
51.50
51.57
51.33
51.29
50.81
50.41
50.48
50.72
51.00
51.17
51.26
51.66
52.00
52.12
52.55
52.59
52.45
52.42
52.62
52.35
52.35
52.21
52.26
52.28
52.45
52.12
52.43
52.61
52.42
52.23
52.30
52.73
52.83
52.73
52.47
52.52
52.57
52.59
52.90
52.73
52.62
52.52
52.28
52.30
52.28
52.09
51.90
51.86
52.00
52.26
52.17
52.55
52.55
52.69
52.19
52.17
52.80
52.23
52.54
52.28
52.17
52.24
52.35
52.12
51.98
52.36
51.95
52.26
52.95
52.76
52.76
52.71
52.76
52.64
52.73
52.74
52.50
52.59
52.80
52.88
52.69
52.62
52.83
53.04
53.38
53.21
52.90
53.31
53.38
53.49
53.40
53.40
53.00
53.00
53.19
53.37
52.83
52.99
53.18
53.09
52.59
52.73
53.00
53.30
53.26
53.37
53.28
53.12
52.85
52.93
53.07
53.14
53.07
53.31
53.26
53.30
53.28
53.05
53.18
53.61
53.45
53.07
52.97
53.14
53.24
52.93
52.76
53.02
53.09
52.85
52.61
52.36
52.21
52.54
52.97
53.19
53.26
53.26
53.26
53.47
53.30
53.26
53.33
53.35
53.37
53.05
53.00
53.00
52.87
53.24
53.07
53.37
53.07
53.38
53.37
52.93
53.57
53.76
53.28
53.40
53.28
52.95
53.14
53.04
53.23
53.02
53.38
53.62
53.45
53.11
53.05
53.16
53.04
53.00
53.21
53.56
53.73
53.66
53.64
53.71
53.61
53.56
53.75
53.69
53.49
53.09
53.68
53.66
53.28
53.45
53.16
53.24
53.30
53.42
53.38
53.59
53.45
53.73
53.54
53.54
53.71
53.56
53.37
53.23
53.78
53.81
53.81
54.25
54.31
54.54
54.80
54.35
54.45
54.50
54.45
54.30
54.25
54.44
54.40
54.21
54.02
53.81
54.09
54.07
54.07
54.18
53.94
53.69
53.85
54.14
54.40
54.64
54.88
54.35
54.33
54.54
54.57
54.44
54.04
54.56
54.73
53.92
53.94
54.18
54.33
54.35
54.57
54.87
54.80
54.78
54.56
54.47
54.80
54.50
54.50
54.68
54.78
54.54
54.73
54.37
54.52
55.25
54.97
54.63
54.45
54.50
54.85
54.57
54.69
54.76
54.57
54.14
54.68
55.20
54.83
54.71
55.25
54.76
55.02
54.90
54.94
55.06
54.95
54.66
54.75
54.59
54.99
54.78
54.80
54.80
54.95
54.82
54.85
54.50
54.25
53.99
53.87
54.40
54.33
54.42
54.52
54.73
54.82
54.42
54.45
54.16
54.25
54.69
54.52
54.73
54.40
54.88
55.28
55.16
55.13
55.18
55.38
55.38
55.04
55.07
54.59
54.82
54.94
55.11
55.20
54.85
55.14
55.07
55.38
55.26
55.11
55.30
55.14
55.23
54.78
54.90
54.87
55.07
55.07
55.35
55.42
54.97
55.18
55.44
55.56
55.68
55.61
55.71
55.85
55.57
55.54
55.33
55.71
55.90
55.54
55.44
55.56
55.80
55.90
55.64
55.68
55.99
56.14
55.97
56.01
55.80
55.75
55.75
55.87
56.16
56.14
56.39
56.44
56.20
56.44
56.33
56.25
55.73
56.14
55.45
55.63
55.59
55.47
55.51
55.87
55.78
55.92
55.68
55.47
56.27
55.87
56.33
55.83
56.06
55.85
55.95
55.66
55.92
55.89
55.54
56.23
55.95
56.06
56.08
56.06
56.25
56.58
56.32
56.39
56.14
56.06
56.09
56.47
56.39
56.75
56.78
56.71
56.70
56.42
56.58
56.71
56.35
56.49
56.28
56.37
56.85
56.73
56.58
56.99
57.02
56.80
56.39
56.44
56.09
56.16
55.92
55.95
56.13
56.14
56.37
55.99
56.33
56.47
56.56
56.51
56.40
56.47
56.49
56.71
56.30
56.61
57.01
56.96
56.75
56.40
56.16
56.39
56.89
56.25
56.27
56.40
56.64
56.92
56.59
56.64
57.04
57.08
57.13
57.15
56.80
56.85
56.89
57.61
57.35
57.09
57.73
57.77
57.49
57.32
57.40
57.51
57.51
57.20
57.16
57.18
57.46
57.37
57.63
57.63
57.56
57.47
57.59
57.51
57.51
57.65
57.87
57.58
57.54
57.47
57.37
56.83
57.28
56.97
57.44
57.02
56.58
57.47
57.53
57.65
57.78
57.42
57.21
57.32
57.42
57.39
57.51
57.23
57.42
57.61
57.37
57.49
57.51
57.89
57.44
57.53
57.77
57.75
57.71
57.71
57.65
57.32
57.46
57.59
57.65
57.59
57.78
57.87
57.59
57.78
57.61
57.34
57.54
57.59
57.37
57.71
57.58
57.35
56.94
57.25
57.58
57.42
58.01
58.13
57.80
57.63
57.78
58.28
58.01
58.01
58.13
57.75
57.97
57.47
57.66
57.85
57.58
57.71
57.94
58.23
57.84
57.66
57.65
58.03
57.94
58.08
58.08
57.80
57.44
57.30
57.32
57.68
58.01
57.30
57.49
57.73
57.85
57.90
57.75
57.66
57.30
57.46
57.39
57.49
57.80
57.39
57.27
57.73
58.15
58.13
58.11
58.28
58.27
58.70
58.80
57.99
58.32
58.15
58.23
58.18
58.08
57.97
57.39
57.75
58.01
58.03
58.16
57.80
57.73
57.68
57.61
58.09
58.11
58.04
58.44
58.49
58.68
58.85
58.92
58.47
58.53
58.54
58.82
58.72
59.27
59.25
59.03
58.97
58.84
59.39
59.01
58.91
58.92
59.30
59.18
59.27
59.39
59.08
59.30
59.15
58.91
58.94
59.08
59.16
59.20
59.30
59.11
59.29
59.04
58.96
59.03
59.08
58.94
59.10
58.78
58.65
58.73
58.94
59.11
59.20
59.39
59.30
59.32
59.29
59.56
59.23
59.15
59.10
59.18
58.92
58.80
59.22
59.08
58.92
59.20
59.39
59.37
59.65
60.06
59.61
59.39
58.92
58.99
58.92
59.01
58.92
59.04
59.46
59.37
59.54
59.37
59.23
59.39
59.27
59.34
59.35
59.51
59.20
59.16
59.18
59.06
59.06
59.56
59.54
59.70
60.03
60.29
59.60
59.89
59.82
59.89
60.15
60.41
60.44
59.96
60.36
60.03
60.13
60.36
60.44
60.29
60.22
60.15
60.17
60.34
59.80
59.94
59.70
59.58
59.70
59.68
59.18
59.65
59.75
59.94
60.20
60.01
60.15
60.15
60.17
59.79
59.99
59.86
60.15
60.13
59.73
59.44
59.63
59.77
59.94
59.87
59.51
59.89
60.15
59.87
59.61
59.61
60.10
59.80
59.77
59.87
60.22
60.03
60.22
60.61
60.13
60.37
60.60
60.29
60.41
60.37
60.06
60.17
59.96
60.34
60.49
60.34
60.74
60.80
61.25
61.20
61.24
61.06
60.99
61.10
61.34
61.08
61.08
