0.52
0.52
0.52
0.52
0.52
0.52
0.52
0.52
0.52
0.57
0.76
0.98
1.24
1.62
1.71
1.71
1.85
1.92
1.90
2.09
2.16
2.21
2.33
2.61
2.88
3.28
3.61
3.95
4.26
4.35
4.64
4.88
5.33
5.54
5.70
5.94
5.99
6.04
6.18
6.30
6.27
6.47
6.66
6.70
6.68
6.75
6.94
6.92
7.02
7.11
7.09
7.15
7.11
7.16
7.28
7.47
7.82
8.23
8.47
8.68
8.84
9.06
9.15
9.15
9.11
9.29
9.41
9.63
9.77
9.94
9.98
10.20
10.25
10.29
10.20
10.20
10.18
10.32
10.30
10.58
10.75
10.75
10.98
10.93
10.67
10.61
10.60
10.74
10.68
10.51
10.55
10.63
10.51
10.51
10.49
10.44
10.51
10.51
10.53
10.51
10.48
10.56
10.86
10.94
10.98
10.94
10.77
10.82
10.98
10.98
11.10
11.37
11.30
11.32
11.32
11.30
11.37
11.46
11.56
11.72
11.93
11.96
11.96
12.01
12.20
12.36
12.56
12.89
13.01
13.07
13.03
13.05
13.03
13.07
13.05
13.10
13.07
13.00
12.86
12.82
12.79
12.91
12.94
13.03
13.07
13.05
13.13
13.27
13.67
13.89
13.95
13.95
14.14
14.22
14.41
14.34
14.36
14.43
14.48
14.45
14.70
14.67
14.69
14.67
14.64
14.67
14.79
14.84
14.89
14.95
14.95
14.89
14.95
14.89
14.95
14.86
14.96
15.02
14.93
15.07
15.05
15.07
15.17
15.34
15.38
15.46
15.48
15.65
15.60
15.50
15.62
15.67
15.50
15.67
15.69
15.88
15.93
15.86
16.09
16.15
16.21
16.24
15.93
15.67
15.55
15.79
15.95
16.53
16.69
16.90
16.85
16.86
16.69
16.57
16.69
16.81
16.81
16.79
16.86
16.88
17.00
17.10
17.29
17.45
17.43
17.35
17.21
17.17
17.28
17.43
17.29
17.31
17.43
17.45
17.40
17.35
17.26
17.45
17.26
17.52
17.74
18.12
18.24
18.17
18.35
18.55
18.61
18.45
18.35
18.45
18.64
18.81
18.83
18.78
18.52
18.67
18.92
19.04
19.23
19.31
19.18
19.11
19.19
19.23
19.24
19.23
19.26
19.55
19.38
19.66
19.73
19.74
19.88
19.97
20.11
19.93
19.78
19.81
19.88
19.85
19.71
19.95
20.00
20.04
19.92
20.02
20.06
20.00
20.33
20.30
20.49
20.45
20.56
20.54
20.71
20.78
20.59
20.49
20.75
20.62
20.75
20.73
20.81
20.80
20.64
20.56
20.71
20.88
20.75
20.85
20.57
20.61
20.52
20.45
20.62
20.81
21.13
21.44
21.44
21.42
21.14
20.76
20.94
21.25
21.23
21.49
21.49
21.52
21.28
21.45
21.23
21.21
21.18
20.95
20.83
20.99
21.07
21.16
21.14
21.42
21.64
22.07
22.21
22.28
22.78
22.90
22.95
23.11
23.30
23.13
23.14
23.14
23.09
23.02
22.80
22.76
22.61
22.59
22.82
23.16
23.16
22.83
22.73
22.99
23.01
22.97
23.18
23.04
23.08
23.13
23.40
23.54
23.56
23.61
23.47
23.09
22.70
22.70
22.59
22.63
23.11
23.20
23.33
23.21
23.28
23.71
23.63
24.02
24.30
24.34
24.37
24.25
24.40
24.59
24.42
24.13
24.02
24.04
23.96
23.84
23.92
23.28
23.56
23.99
24.37
24.35
24.53
24.47
24.08
24.04
24.21
24.73
24.87
24.96
24.99
25.27
25.18
25.46
25.46
25.44
25.39
25.51
25.39
25.84
25.77
25.20
25.18
25.42
25.46
25.56
25.84
25.58
25.82
25.92
25.96
25.84
25.85
25.79
25.99
26.10
25.96
25.91
25.96
25.99
26.03
26.23
26.56
26.41
26.39
26.53
26.54
26.68
26.44
26.80
27.11
27.20
27.01
27.18
26.82
26.56
26.75
26.68
26.86
26.79
26.79
27.41
27.17
27.36
27.30
27.30
27.17
27.17
27.29
27.58
27.60
27.41
27.20
27.20
27.17
27.29
27.39
27.75
27.94
27.86
27.61
27.58
27.74
28.25
28.32
28.51
28.34
28.27
28.17
28.34
28.06
28.08
28.20
28.17
28.48
28.49
28.37
28.56
28.44
28.29
27.89
28.03
27.96
27.93
28.03
27.93
27.86
28.18
27.98
27.70
27.72
28.29
28.37
28.36
28.48
28.44
28.41
28.67
29.01
28.84
28.53
28.74
28.70
29.03
29.27
29.50
29.72
29.50
29.57
29.25
29.31
29.69
29.88
29.94
30.10
30.17
29.75
29.94
29.94
29.86
30.05
30.24
30.65
30.64
30.88
31.08
30.77
30.64
30.64
30.74
30.58
30.77
30.62
30.48
30.46
30.43
30.57
30.84
30.74
30.62
30.62
30.88
30.96
31.12
30.88
31.05
31.03
30.88
30.91
30.84
30.79
30.55
30.69
30.81
30.43
30.51
30.22
30.19
30.57
30.96
30.69
30.70
30.82
31.00
30.65
30.65
30.69
30.76
31.00
31.00
31.20
31.03
30.67
30.50
30.81
30.51
30.46
30.60
30.69
30.70
30.82
31.10
31.10
30.88
30.84
31.19
30.69
30.76
31.20
31.26
31.29
31.15
30.70
31.01
31.46
31.34
31.29
31.24
30.74
30.64
30.64
31.10
30.38
30.22
30.38
30.05
30.19
30.76
30.67
30.82
31.12
31.10
31.15
31.19
30.96
30.93
31.50
31.29
31.05
31.33
31.24
31.08
31.15
31.03
30.84
30.98
31.36
31.15
31.15
31.43
31.22
31.53
31.52
31.12
31.83
31.88
31.57
31.34
31.98
32.22
32.31
31.64
31.52
31.00
31.03
31.12
30.57
30.53
30.27
30.57
31.27
31.36
31.34
31.55
31.79
32.12
32.40
32.33
32.33
31.79
31.69
32.38
32.17
32.21
31.95
32.36
31.67
31.60
31.67
31.41
31.19
31.20
31.31
31.22
31.31
31.05
30.89
31.08
31.65
32.07
31.65
31.15
31.62
31.81
31.34
30.95
30.81
31.03
31.10
31.50
31.27
31.90
31.86
31.84
32.02
32.31
32.34
32.17
32.57
32.65
32.67
33.43
32.74
32.60
32.95
32.98
33.07
33.03
33.41
33.29
33.41
33.40
33.29
33.34
33.07
32.79
33.15
32.84
33.14
32.91
32.78
32.76
32.78
33.14
33.05
33.33
33.26
32.97
33.03
33.33
33.52
33.12
33.03
32.79
32.52
32.48
32.76
33.07
33.09
32.45
32.69
33.03
33.24
33.05
33.17
32.83
32.55
33.02
32.86
33.48
32.74
32.24
31.91
32.29
32.83
32.83
32.71
32.45
32.83
32.72
32.93
33.22
33.85
33.98
33.98
34.35
33.98
33.17
34.00
34.05
34.07
33.97
33.40
33.83
33.97
33.69
33.57
34.04
33.93
34.10
34.57
33.97
34.36
34.98
34.90
34.59
34.24
34.86
34.48
34.31
34.41
34.10
34.36
34.19
34.36
34.64
34.48
34.59
34.78
35.16
34.86
34.60
34.90
34.76
34.92
34.69
34.85
35.28
35.62
35.76
36.07
36.40
35.93
36.12
36.00
35.85
35.92
35.92
35.80
35.80
35.80
35.74
36.02
35.83
35.67
35.12
35.36
35.59
35.45
35.38
35.17
34.54
34.71
34.31
34.31
34.43
34.52
34.76
34.62
34.57
34.43
34.67
35.00
34.47
34.17
34.43
34.71
34.59
34.83
33.78
34.97
35.02
35.23
34.74
35.33
35.50
35.88
35.45
35.62
35.71
35.45
34.92
35.28
35.17
35.21
34.95
35.12
35.50
35.50
35.52
35.35
35.24
35.21
34.85
34.92
34.12
34.17
34.10
34.54
34.71
34.24
34.64
34.47
33.91
33.07
33.67
33.14
34.50
34.02
33.66
33.34
33.97
34.26
34.36
34.64
34.33
34.07
34.35
34.69
34.52
34.66
34.50
34.14
34.00
34.05
33.95
34.71
35.19
35.59
34.85
34.48
34.90
35.23
35.07
35.04
35.09
34.88
35.24
35.43
35.76
36.02
36.21
35.38
35.05
35.07
35.33
35.55
35.62
35.52
35.80
35.21
35.28
34.86
35.09
34.88
35.05
35.59
35.85
35.55
35.73
35.55
36.02
35.55
35.43
36.04
35.92
35.55
35.48
35.45
34.85
34.98
35.16
35.36
36.05
35.76
35.80
35.48
35.64
36.30
36.04
36.64
36.68
36.68
35.78
35.74
35.90
36.09
35.97
36.00
36.54
36.12
36.52
36.47
36.12
35.90
36.11
36.59
36.12
35.71
35.95
35.99
36.07
35.33
35.36
35.48
35.14
36.07
36.74
36.88
36.66
36.95
36.04
36.61
36.66
36.18
36.40
35.99
35.23
35.43
35.38
35.66
35.36
35.57
35.88
36.21
36.92
37.16
37.21
37.09
37.47
37.28
37.71
37.80
37.75
37.69
37.75
38.07
37.66
37.33
36.66
37.00
36.49
37.44
37.52
37.37
37.21
37.12
37.30
36.78
36.38
36.54
36.74
36.78
36.43
37.40
37.23
37.06
36.37
36.74
36.59
36.45
36.23
36.47
36.69
36.35
36.40
36.05
36.47
36.73
36.64
36.95
37.07
37.47
37.33
36.81
36.97
36.80
36.68
36.21
36.11
36.26
36.18
36.69
36.95
36.42
36.42
36.87
36.85
36.97
37.12
37.68
37.26
37.21
36.78
36.35
36.62
36.12
36.28
36.35
36.42
36.19
36.04
36.18
36.76
36.93
37.00
37.11
37.37
37.33
37.30
36.87
37.19
37.19
37.57
37.40
37.33
37.21
37.50
37.19
36.78
37.14
37.21
37.40
37.33
37.69
37.28
37.94
37.12
36.26
36.68
36.90
37.06
36.54
36.80
37.25
36.93
36.90
36.87
37.52
37.49
37.54
38.00
38.23
38.25
38.25
38.45
36.90
37.30
37.02
37.19
36.83
36.73
36.23
36.95
36.93
36.88
37.11
37.50
38.44
38.51
37.57
37.54
37.45
37.54
37.87
37.71
37.83
38.23
36.99
37.30
36.64
36.83
37.47
37.54
37.64
37.56
38.56
38.68
38.33
38.42
38.00
37.68
38.30
38.23
38.16
38.42
38.40
39.35
38.71
37.71
37.83
38.23
38.13
38.02
37.75
37.64
37.63
37.40
37.78
38.11
38.21
38.26
38.90
39.42
39.80
39.71
39.89
39.85
40.14
40.04
40.21
40.25
39.85
40.08
39.35
40.04
39.90
39.49
39.42
39.73
39.90
39.97
39.59
39.73
39.99
39.14
38.90
39.37
38.83
39.11
39.16
39.35
39.18
39.35
39.07
38.99
39.47
39.47
39.49
39.63
39.51
39.77
39.83
39.59
39.68
39.59
39.42
39.06
39.26
39.20
39.11
38.32
38.87
39.13
39.64
39.37
39.44
39.54
39.47
39.70
39.89
40.01
40.11
40.21
40.20
40.35
40.14
40.27
39.99
40.85
40.73
40.46
40.52
40.11
39.82
39.92
39.92
40.14
40.23
40.68
40.32
40.65
40.65
40.77
40.63
40.59
40.71
40.90
41.23
41.18
40.82
40.44
40.44
40.39
40.61
41.01
41.35
41.32
41.15
41.39
41.42
41.27
41.22
40.09
41.37
41.61
41.75
41.77
42.11
42.06
42.58
42.42
42.27
42.23
42.22
42.37
42.06
42.13
41.99
42.13
41.77
41.53
41.91
42.06
41.97
41.44
41.44
40.99
41.27
41.23
41.40
41.46
41.89
42.22
41.75
41.89
41.53
41.91
42.25
42.44
42.30
42.20
41.40
40.68
41.32
41.73
41.92
41.65
42.13
42.34
42.04
42.10
42.16
42.20
42.65
42.32
42.58
42.85
42.68
42.34
42.58
42.68
42.53
42.85
43.11
43.55
43.49
43.65
43.68
43.92
43.73
43.55
44.01
44.27
43.68
43.61
43.94
43.27
43.23
43.56
43.48
43.23
43.11
43.30
43.61
43.23
43.68
43.68
43.84
44.11
44.11
43.84
43.48
43.10
43.23
43.13
43.08
43.27
43.06
42.96
42.91
43.30
43.30
43.08
43.01
42.60
42.98
43.10
43.06
42.03
42.16
42.27
42.27
42.18
42.49
42.16
42.75
43.04
42.98
42.79
43.44
43.44
42.73
42.92
43.13
43.65
43.70
43.98
43.63
43.73
43.44
43.20
43.34
43.06
43.10
43.42
43.61
43.56
43.30
43.04
43.42
43.68
43.99
43.53
43.48
43.63
43.58
43.68
43.56
43.61
43.73
43.42
43.79
44.22
44.34
44.32
44.56
44.43
44.48
44.49
44.65
45.01
44.49
43.36
43.60
43.37
43.82
43.08
42.46
43.80
43.49
43.77
43.10
42.96
43.18
44.01
44.25
44.30
44.67
44.91
44.63
44.46
44.15
44.18
44.13
44.41
44.13
44.51
44.77
44.86
44.84
44.89
45.25
45.10
44.96
44.65
44.39
44.05
44.18
44.18
43.91
44.56
44.65
45.18
44.84
44.87
44.68
45.08
45.51
45.53
45.37
45.29
45.13
45.29
45.55
45.31
45.44
45.48
44.86
44.65
44.87
44.84
44.79
44.70
44.53
44.48
45.20
44.96
45.65
44.63
45.31
45.17
44.96
45.34
45.05
44.67
44.74
44.84
44.93
44.99
45.32
45.25
45.53
45.31
45.72
45.75
46.39
46.06
46.44
45.86
45.70
45.55
45.91
46.36
45.88
46.06
45.91
45.72
46.06
46.20
46.24
46.03
46.22
46.12
46.17
46.57
46.70
46.70
46.81
46.91
46.74
46.44
46.74
46.29
46.31
45.60
45.91
46.31
45.94
46.20
46.05
45.96
46.10
46.06
46.12
46.44
46.76
46.51
46.51
46.17
46.86
46.81
46.51
46.13
46.29
46.19
45.69
45.88
45.77
45.94
46.27
46.20
45.81
46.13
46.19
46.10
46.22
46.46
46.13
46.36
46.08
46.82
46.82
46.70
46.57
45.84
46.01
46.29
46.32
46.55
46.46
45.91
46.38
46.77
46.22
46.46
46.48
46.70
46.60
46.74
46.67
46.95
47.08
47.95
47.72
47.39
47.41
47.50
47.76
48.07
47.67
46.84
46.91
47.34
47.84
47.43
47.86
47.20
47.01
47.08
47.24
47.07
47.00
46.96
47.69
47.62
47.00
47.53
47.53
47.76
47.53
47.43
47.48
47.69
47.76
47.84
47.93
48.00
47.91
47.88
48.00
47.65
47.55
47.51
47.79
47.96
48.00
48.00
48.15
48.17
48.26
48.27
48.02
47.86
47.53
47.08
47.12
47.19
47.27
47.27
47.32
47.34
47.32
47.65
47.55
47.58
47.36
47.12
47.24
47.48
47.26
47.57
47.83
47.70
47.95
47.67
47.81
47.43
47.60
47.39
47.22
47.39
47.46
47.51
46.95
47.08
47.36
47.77
47.31
47.88
47.91
46.76
47.27
47.57
48.07
48.12
48.08
48.33
48.19
48.64
48.71
48.64
47.38
47.26
47.64
47.43
46.72
46.98
46.53
47.31
47.41
47.86
47.32
46.67
47.46
47.46
47.27
47.57
47.62
47.64
46.53
46.91
46.69
46.89
47.17
47.00
47.38
47.74
48.00
47.89
48.14
48.03
48.27
48.17
48.05
48.14
48.12
48.38
48.24
48.55
48.81
48.76
48.48
48.55
47.86
47.89
48.41
48.76
48.41
48.50
48.83
49.09
48.81
49.09
49.46
49.12
48.60
48.91
48.53
48.84
48.81
48.96
49.15
49.03
48.76
48.95
48.96
48.86
49.15
49.10
48.93
48.88
49.07
49.15
49.10
48.38
48.76
48.52
48.76
47.88
48.05
47.67
47.96
48.62
49.34
48.98
48.72
48.64
48.31
48.98
48.55
48.72
48.72
48.67
48.12
48.72
48.88
48.76
48.77
48.46
48.08
48.33
48.50
48.53
48.45
48.62
48.58
48.53
48.88
48.91
49.00
48.72
48.65
48.84
49.55
49.12
49.33
49.07
49.28
49.62
49.09
49.28
49.36
49.21
49.29
49.43
49.22
49.38
49.00
48.93
49.17
48.72
48.05
48.91
48.69
48.91
49.17
49.02
49.07
48.84
49.38
49.26
49.34
49.21
49.43
49.50
48.93
48.91
49.02
49.43
49.45
49.29
49.29
49.74
48.93
49.22
49.15
48.91
49.12
49.26
48.86
48.50
48.95
49.21
49.59
49.86
48.41
48.81
49.05
49.53
50.21
50.36
50.02
50.02
49.43
49.52
49.40
49.26
49.31
49.78
49.21
48.96
49.50
49.74
49.90
49.74
49.55
49.07
49.46
49.76
49.84
49.83
49.78
49.93
49.91
49.98
49.45
49.84
49.98
49.97
49.57
49.00
49.09
48.72
49.05
49.29
49.21
49.28
49.31
49.29
49.34
49.84
49.57
49.86
50.00
50.09
50.28
50.07
49.79
49.62
49.90
50.26
49.88
50.12
50.22
50.35
50.45
50.28
50.45
50.52
50.43
50.48
50.69
50.91
51.02
51.04
50.55
50.91
50.69
50.35
49.98
49.90
49.83
49.67
49.65
50.28
50.76
50.83
50.45
50.31
50.48
50.71
50.60
50.60
50.69
50.41
50.43
50.57
50.21
50.83
51.09
50.95
50.86
50.85
50.71
50.64
50.64
50.71
50.50
50.69
50.66
50.88
50.52
50.59
50.36
50.83
50.57
49.60
50.31
50.22
50.10
50.26
50.62
50.88
50.79
50.69
50.66
50.43
50.45
51.40
50.90
50.59
51.02
51.10
51.09
51.12
51.73
51.62
51.76
51.90
51.57
50.98
51.12
51.14
50.83
51.21
50.98
50.97
51.12
51.24
51.21
51.62
51.59
51.48
51.64
51.79
52.00
51.76
52.09
51.57
51.62
52.47
52.61
52.31
52.16
51.74
52.00
51.74
51.42
51.07
50.91
51.66
51.50
51.74
52.33
51.76
51.83
51.81
51.38
51.92
52.11
52.05
51.90
52.42
52.66
52.28
52.09
52.28
52.35
52.04
52.02
51.93
51.79
51.85
51.83
51.47
51.69
51.31
51.57
51.33
51.78
51.61
50.35
50.95
50.91
50.79
50.74
50.31
51.17
51.09
50.83
50.86
50.19
50.45
50.28
50.69
50.81
51.26
51.23
50.78
51.04
50.60
51.10
50.43
50.00
50.24
50.41
50.12
50.29
50.38
50.48
50.83
50.57
50.72
50.81
50.35
50.76
50.97
51.29
51.21
51.14
50.47
50.91
50.83
51.28
51.38
51.19
50.83
51.29
51.61
51.61
51.50
51.42
51.42
51.36
51.52
52.05
51.71
51.86
51.93
51.85
52.02
51.97
51.78
51.73
52.12
52.12
52.64
52.16
51.97
51.66
51.59
51.83
51.50
51.21
51.90
52.07
52.52
52.33
52.26
52.43
52.57
52.55
52.38
52.21
52.17
52.35
52.12
51.95
52.02
52.36
52.09
52.81
52.30
52.97
52.92
52.92
52.49
52.47
51.62
51.48
52.21
52.00
51.73
51.92
52.19
51.95
52.31
52.23
52.42
52.04
52.69
53.07
53.11
53.00
52.74
52.50
52.74
52.76
52.83
52.71
52.42
52.87
52.69
52.81
53.49
53.21
52.90
53.40
53.49
53.42
53.18
53.18
53.14
53.07
53.28
53.47
53.49
53.62
53.73
53.49
53.47
53.61
53.49
53.40
53.45
53.28
53.42
53.37
53.40
53.35
53.33
53.26
53.21
53.26
53.23
53.21
53.09
53.18
53.40
53.78
53.88
54.26
53.68
53.66
52.88
52.87
53.54
53.33
53.38
53.78
53.19
53.28
53.26
53.21
53.28
53.24
53.21
53.14
53.24
53.04
53.38
53.18
53.62
53.54
53.71
53.33
53.57
53.69
53.87
53.99
53.78
53.90
53.54
53.75
53.42
53.42
54.04
53.62
53.83
53.80
53.47
53.87
53.83
53.59
53.88
54.12
54.02
53.97
54.12
54.06
54.23
54.30
54.35
53.71
53.52
53.87
53.47
53.37
53.33
52.71
53.43
53.61
53.31
53.94
53.80
54.26
53.80
53.90
53.30
53.56
53.42
53.35
53.09
53.50
53.38
53.92
54.19
54.14
53.64
53.87
53.88
53.66
53.75
53.80
54.25
54.23
54.02
53.85
53.99
53.92
54.04
53.85
53.42
52.95
53.71
53.62
53.40
53.30
53.19
53.45
53.83
53.68
53.57
53.42
53.09
53.19
53.83
53.90
53.83
53.61
53.62
53.40
53.26
53.52
53.68
53.99
53.81
53.83
53.88
54.07
53.76
53.85
54.16
53.21
53.31
53.16
53.38
52.99
53.43
53.42
53.37
53.92
53.66
52.99
52.99
53.21
53.59
53.97
54.09
53.97
53.61
54.18
53.75
54.37
54.09
53.56
53.42
53.59
53.81
53.83
53.52
53.64
53.66
53.52
53.40
53.92
53.54
53.90
53.95
54.28
54.19
54.30
54.07
54.00
53.94
53.62
53.18
53.76
53.85
53.76
53.80
54.02
54.11
54.33
54.50
54.18
54.31
53.85
54.16
54.52
54.47
54.28
54.45
54.63
54.14
53.95
53.35
53.68
53.97
54.09
53.85
54.07
54.02
53.94
53.47
53.50
53.88
54.19
54.23
54.09
54.02
54.26
54.30
54.14
54.18
54.31
54.28
54.75
54.35
54.38
53.80
53.50
53.76
53.64
53.35
53.52
53.88
53.52
53.59
53.71
53.76
53.88
53.68
53.45
53.37
53.57
53.85
53.57
53.71
53.64
54.06
53.78
54.04
54.02
54.33
54.00
54.14
54.52
54.71
54.09
54.38
54.37
54.25
54.37
54.38
54.66
54.54
54.59
54.37
54.61
54.35
54.75
55.04
54.23
54.26
54.30
54.38
54.44
54.14
53.87
53.73
53.92
54.30
54.66
54.56
54.21
54.14
54.42
54.59
54.64
54.97
55.14
54.92
55.07
54.73
54.66
54.73
54.42
54.64
54.54
54.33
54.40
54.30
54.68
54.68
55.02
54.47
54.57
54.35
54.57
54.12
54.31
54.30
54.02
53.97
54.69
54.56
54.57
54.59
54.78
54.80
54.82
54.40
54.59
54.95
54.99
54.63
54.50
54.73
54.69
54.69
54.61
54.59
54.28
53.97
54.07
54.64
54.12
54.54
54.21
54.21
53.95
53.92
53.83
53.73
53.75
53.59
54.28
54.16
54.56
54.47
54.42
54.94
55.26
55.33
55.26
55.11
55.42
54.85
53.99
54.00
54.06
54.30
53.97
53.88
54.04
54.16
53.94
53.83
53.73
54.42
54.66
54.64
54.92
54.73
55.28
54.76
54.45
54.61
54.56
54.94
54.54
54.85
55.16
55.38
55.35
55.26
54.82
54.42
54.59
54.66
55.20
55.63
55.30
55.33
55.97
55.95
55.80
55.20
55.23
55.14
54.76
55.16
55.21
55.23
55.06
54.92
55.23
55.14
55.06
54.87
54.99
54.78
54.83
55.04
55.40
55.44
55.20
55.47
55.28
55.54
55.26
55.01
55.32
55.44
55.54
55.83
55.64
55.37
55.68
55.56
55.42
55.42
55.26
55.54
55.33
55.57
55.83
55.83
56.02
56.23
55.85
56.02
55.59
55.71
55.73
55.95
55.94
55.54
55.52
55.51
55.49
55.44
55.32
55.51
55.71
56.02
55.49
55.30
54.69
54.66
55.04
54.68
54.90
54.85
54.64
54.68
54.78
55.09
54.99
55.21
55.47
55.23
54.68
54.94
55.09
54.26
54.83
55.09
55.07
55.18
55.38
54.95
55.13
55.20
55.44
55.40
55.28
55.21
55.68
55.89
55.54
55.70
55.68
55.57
55.70
55.64
55.92
55.49
55.38
55.42
55.18
55.21
55.09
55.23
55.63
55.64
55.66
55.87
55.49
55.56
55.71
55.85
55.61
55.85
55.71
56.13
56.09
56.14
55.94
55.71
56.06
56.02
56.09
56.40
56.49
56.28
56.33
56.33
56.08
56.01
56.20
56.23
55.87
55.45
55.32
55.45
55.59
55.70
55.61
55.25
55.30
55.49
55.37
55.51
56.09
55.89
55.80
55.75
56.01
55.78
56.01
56.01
56.28
56.21
55.82
56.25
56.25
56.30
56.16
56.47
56.71
56.68
56.44
56.70
56.40
56.63
56.49
56.32
56.28
55.90
56.04
55.85
55.78
55.68
55.57
55.99
55.83
55.85
56.09
55.95
56.14
55.90
55.70
55.78
55.71
55.73
55.83
55.75
55.82
55.49
55.76
56.16
55.75
55.89
55.76
55.85
55.83
55.47
56.32
56.52
56.73
56.96
56.45
56.21
56.11
56.08
56.08
55.83
56.18
56.23
56.08
56.04
56.01
56.01
55.73
56.16
56.49
56.04
56.23
56.47
56.33
56.42
56.59
56.44
56.20
56.49
56.83
57.08
56.96
56.92
56.71
57.02
56.58
56.85
56.42
56.32
56.40
56.44
56.06
56.06
56.35
56.61
56.47
57.21
56.82
56.78
57.16
56.92
56.94
56.75
57.23
56.64
56.63
56.64
56.04
56.56
56.59
56.80
56.39
56.52
56.58
56.32
56.63
56.82
56.66
56.66
56.90
56.78
56.52
56.40
56.30
56.64
56.27
56.42
56.71
57.11
56.96
57.49
57.18
56.80
56.70
56.71
56.83
56.83
56.77
56.68
57.09
57.27
57.34
57.46
57.37
57.46
57.49
57.18
57.20
56.99
57.35
56.92
56.92
56.80
56.64
56.56
56.75
56.99
57.16
57.27
57.53
57.30
56.92
57.13
56.96
57.11
57.30
57.23
57.32
57.27
57.11
57.20
56.78
57.16
57.15
56.66
56.92
57.21
57.09
57.44
57.53
56.83
56.35
56.52
56.99
56.68
57.25
57.13
56.68
56.71
56.58
56.35
56.35
56.30
56.18
56.45
56.08
56.58
56.70
56.66
56.97
56.64
56.85
56.59
56.90
56.66
56.68
55.95
56.01
55.85
56.13
56.59
56.33
56.78
56.77
57.15
56.92
57.25
57.32
57.77
57.32
57.97
57.99
57.78
57.77
57.58
57.85
57.59
57.77
57.44
57.84
57.77
57.92
58.25
58.20
58.23
58.01
57.80
57.65
57.65
57.42
57.37
57.04
57.37
57.28
57.58
57.44
58.03
57.94
58.32
58.37
58.18
57.61
57.94
57.71
57.54
57.53
57.61
57.82
57.66
58.06
57.32
57.25
57.20
57.34
57.37
57.70
57.35
57.32
57.53
57.71
57.42
57.73
57.71
57.66
57.46
57.30
57.63
57.71
57.65
57.70
57.73
57.94
57.78
58.06
58.15
57.96
57.97
57.89
57.89
57.51
58.08
57.71
58.16
58.44
58.60
58.68
58.30
58.30
58.23
57.96
58.58
58.42
58.49
58.46
58.54
58.09
58.08
58.23
58.44
58.61
58.60
57.96
58.41
58.11
58.61
58.30
57.94
58.09
57.97
58.22
58.13
57.92
58.35
58.27
57.94
58.13
58.41
58.54
58.60
58.73
58.58
58.39
58.30
58.70
58.63
58.30
58.75
58.61
58.44
58.96
58.09
58.34
58.15
58.41
57.75
57.89
57.77
57.78
57.58
57.77
57.46
57.47
57.84
58.18
57.73
57.89
58.13
58.47
58.23
57.92
58.03
57.84
58.04
58.06
58.15
57.75
58.09
58.30
58.20
58.11
58.34
58.22
58.01
58.58
58.51
58.39
58.32
58.56
58.54
58.01
58.73
58.56
58.37
58.42
58.42
58.65
58.39
58.32
58.28
58.56
58.87
58.35
58.16
57.90
57.65
57.25
57.59
58.08
58.04
57.84
57.56
57.51
58.30
58.20
58.28
58.28
58.37
58.20
58.39
58.44
58.66
58.49
57.89
57.89
57.87
57.39
57.46
57.23
57.47
58.01
57.96
57.84
57.28
57.94
57.85
58.08
57.96
57.89
58.16
58.37
58.28
58.28
58.20
58.39
58.51
58.80
58.56
58.75
58.44
58.60
58.23
58.53
58.75
58.73
58.61
58.80
58.84
59.10
58.78
58.87
59.20
59.27
59.08
59.11
58.99
58.82
58.65
58.65
58.91
58.77
58.46
58.32
58.94
58.78
59.13
58.87
59.15
59.16
59.23
59.25
59.39
59.20
58.35
58.58
58.04
58.15
58.42
58.03
58.16
58.20
58.30
58.72
58.47
58.94
58.66
58.35
58.54
58.30
58.34
58.39
58.32
58.44
58.80
58.54
58.63
58.77
58.70
58.92
59.04
59.25
59.25
58.37
58.60
58.61
58.63
58.63
58.46
59.15
58.66
58.47
58.54
58.42
58.66
58.82
58.80
58.87
58.92
58.77
58.66
59.01
59.10
58.41
58.22
58.37
57.94
58.06
58.28
58.34
58.03
57.87
58.41
58.77
58.77
58.91
59.16
58.80
59.20
58.84
58.97
58.82
58.65
58.65
58.65
58.92
59.15
59.22
59.34
59.34
59.67
60.36
60.13
60.34
60.15
59.99
60.22
60.08
60.08
60.29
60.58
60.46
60.34
59.92
60.08
60.15
60.34
60.22
60.34
60.32
60.03
59.67
59.34
59.46
59.54
59.65
59.63
59.35
59.37
59.13
59.01
59.11
59.22
59.16
59.35
59.51
59.37
59.77
59.89
59.58
59.58
59.87
59.77
59.68
59.82
60.15
59.75
59.87
59.51
59.25
58.61
59.10
59.91
59.73
59.65
60.03
59.63
59.34
59.67
59.37
59.37
58.94
59.35
59.35
59.61
59.39
59.23
58.96
59.60
59.60
59.46
59.42
59.30
59.56
59.32
59.46
59.23
59.01
59.27
59.32
59.29
59.27
59.51
59.23
59.15
59.41
58.82
59.15
58.77
58.91
59.22
59.04
59.37
58.63
59.08
59.10
59.01
59.06
59.10
59.18
59.49
59.56
59.10
59.29
59.51
59.27
59.79
59.79
59.51
59.04
59.61
59.58
59.18
59.20
59.20
59.46
59.25
59.60
59.82
59.70
59.63
59.72
59.60
59.99
59.98
60.10
59.92
59.70
59.75
59.63
59.61
59.75
59.46
59.34
59.04
58.99
59.13
59.27
59.20
59.10
59.06
59.44
59.61
59.68
59.86
59.86
59.99
60.22
60.18
59.68
59.56
59.86
59.53
59.75
59.44
59.18
59.20
59.63
59.65
59.08
59.23
59.65
59.87
59.48
59.56
59.34
59.20
59.22
59.34
59.48
59.32
59.58
59.79
59.79
59.41
59.48
59.30
59.32
59.29
59.20
59.25
59.44
59.41
59.15
59.23
59.44
59.94
59.68
59.68
59.68
59.48
59.27
58.99
58.91
58.85
59.48
59.30
58.82
59.44
59.37
59.70
59.34
59.67
59.53
59.63
59.67
59.56
60.03
59.60
59.72
59.61
59.73
59.61
59.94
60.03
59.92
59.82
60.15
60.13
59.87
59.87
59.91
59.94
59.44
59.82
59.68
60.10
59.94
59.87
59.86
59.79
59.98
59.91
59.98
60.11
60.37
60.51
60.84
60.29
60.42
60.44
60.41
60.37
60.18
59.96
60.11
60.25
60.23
60.04
59.89
59.56
59.80
59.80
60.06
60.32
60.37
60.04
60.27
59.91
60.46
60.44
60.17
59.86
60.06
60.15
59.98
59.60
59.60
60.10
60.29
60.41
60.46
60.11
60.17
60.51
59.99
60.34
60.23
60.44
60.49
60.13
59.82
59.68
59.99
59.82
60.34
60.42
60.10
60.03
59.75
59.48
59.82
60.10
60.06
59.84
60.01
59.87
60.15
60.22
59.94
59.77
59.44
59.96
59.54
59.37
59.29
59.73
59.84
60.06
60.68
60.70
60.67
60.29
60.22
60.10
60.11
60.10
60.15
60.18
59.87
59.63
60.06
59.94
60.03
59.94
59.92
59.96
60.15
59.87
59.67
59.65
59.42
59.60
59.91
59.39
59.80
60.36
59.98
59.82
60.10
60.49
60.22
60.10
60.11
59.99
60.06
59.96
60.15
60.20
60.37
60.37
60.53
60.01
60.44
60.51
60.42
60.48
60.22
60.36
60.42
59.96
60.13
60.08
60.39
60.46
60.20
59.86
59.84
59.87
60.03
60.20
60.03
60.15
59.94
60.23
59.79
60.18
60.17
60.36
60.25
60.48
60.58
60.53
60.44
60.53
60.75
60.87
60.87
61.06
60.82
60.67
60.44
60.42
60.37
60.46
60.68
60.61
60.56
60.15
60.36
60.42
60.08
59.91
60.37
60.25
60.44
59.99
60.15
59.79
60.04
60.08
60.58
60.65
60.55
60.53
60.60
60.61
60.65
60.30
60.25
60.25
60.06
59.86
60.42
60.63
60.58
60.56
60.93
60.84
61.03
61.15
60.75
60.74
60.86
60.77
60.46
60.51
60.84
60.39
60.36
60.30
60.63
60.79
60.44
60.53
60.11
60.46
60.03
60.53
60.10
60.01
60.06
60.18
59.98
59.98
60.32
60.34
60.39
60.48
60.48
60.34
60.17
60.11
60.10
59.84
60.41
60.10
60.08
59.96
60.27
59.92
60.23
60.11
60.23
60.08
59.99
60.20
60.22
60.53
60.18
60.46
60.23
60.30
60.61
60.41
60.72
60.70
60.37
60.36
60.20
60.58
60.06
60.48
60.25
60.60
60.34
59.96
60.04
60.37
60.53
60.51
60.56
60.53
60.25
60.46
60.72
60.49
60.37
60.23
60.53
60.74
60.17
60.49
60.53
60.11
60.15
60.15
60.23
60.01
60.15
59.86
59.84
59.92
59.80
59.58
59.87
59.87
60.08
60.06
60.01
60.06
60.32
59.99
60.27
60.29
60.27
59.84
59.18
59.51
59.86
59.84
60.15
60.04
60.46
60.68
60.51
60.87
60.99
60.86
60.44
60.53
60.56
59.99
60.39
60.61
60.93
60.84
60.68
60.68
60.65
60.58
60.82
60.46
61.05
60.67
60.80
60.74
60.67
60.82
60.82
60.68
60.30
60.36
60.60
60.36
60.25
60.58
60.37
60.46
60.32
60.42
60.42
60.20
59.75
59.84
59.79
59.99
59.84
60.17
60.06
59.84
60.29
60.27
59.92
60.20
60.11
59.68
60.25
60.41
60.17
60.27
60.11
60.49
60.42
60.44
60.89
61.18
60.96
60.98
61.13
60.94
61.10
60.93
60.72
60.72
61.10
61.10
61.13
60.87
60.99
61.34
61.01
60.77
60.55
60.74
60.63
60.70
60.82
60.96
60.93
61.25
61.20
60.72
60.99
60.89
60.82
60.84
60.74
60.96
61.05
60.68
60.82
60.74
60.63
60.93
60.94
60.96
60.99
60.94
60.91
61.15
60.91
61.15
61.30
61.20
61.48
61.08
60.68
60.80
61.05
60.82
61.17
61.05
60.94
60.67
60.53
60.82
60.79
60.87
61.20
61.27
60.94
61.44
61.56
61.36
61.34
61.62
61.41
61.20
61.03
61.34
60.96
61.20
60.87
60.77
61.32
61.10
60.99
61.27
61.11
61.27
61.10
61.03
61.25
61.03
61.22
61.41
61.30
61.03
61.24
61.34
61.36
61.44
61.77
61.74
61.36
61.62
61.24
61.22
61.03
61.03
61.10
61.10
61.36
61.44
61.30
61.18
61.36
61.27
60.79
61.13
61.27
61.27
61.13
60.89
60.91
60.86
60.93
61.05
60.94
61.18
61.20
61.51
61.24
61.18
61.05
61.32
61.81
61.51
61.34
61.43
61.22
61.46
61.10
60.96
61.08
60.98
61.15
61.37
61.43
61.15
61.25
61.32
60.98
60.77
61.11
61.06
61.44
61.46
61.20
61.18
60.99
61.22
61.03
61.27
61.27
61.27
61.37
61.37
61.74
61.79
61.60
61.81
61.93
61.65
61.63
61.74
61.62
62.03
61.84
61.82
61.51
61.60
61.44
61.74
61.93
62.06
62.03
62.03
61.75
61.36
61.44
61.53
61.55
61.46
61.29
61.36
61.62
61.25
61.67
61.37
61.49
61.44
61.55
61.55
61.41
61.30
61.15
61.29
61.15
61.30
61.03
60.99
60.86
60.48
60.48
60.42
60.58
61.08
61.24
61.41
61.49
61.29
61.30
61.53
61.25
61.41
61.27
61.48
61.43
60.93
61.43
61.08
61.24
61.25
61.77
61.84
61.46
61.46
61.56
61.56
61.68
61.53
61.94
61.81
61.84
61.96
61.96
62.22
61.82
61.70
61.67
61.84
61.87
61.32
60.96
61.48
61.56
61.70
61.15
61.01
61.20
61.34
61.37
61.29
61.20
61.17
61.32
61.58
61.68
61.91
61.48
61.60
61.41
61.53
61.70
61.70
61.44
62.20
61.93
62.03
62.15
62.00
61.77
61.70
61.53
61.89
61.58
61.13
61.51
61.03
61.34
61.32
61.37
61.58
61.56
61.84
61.51
61.60
61.53
61.62
61.41
61.56
61.60
62.06
61.68
61.72
61.53
61.27
61.79
61.84
61.70
62.06
61.67
61.10
61.56
61.56
61.56
61.84
62.03
61.89
61.84
62.37
62.10
62.15
62.19
62.12
62.13
62.37
62.13
61.94
61.75
61.81
61.84
61.87
61.86
62.24
61.89
61.72
61.44
61.37
61.46
61.53
61.65
62.03
61.87
61.68
61.63
61.67
61.41
61.72
61.34
61.84
61.65
61.49
61.63
61.46
61.75
61.24
61.32
61.06
61.36
61.34
61.46
61.63
61.75
62.01
61.98
62.22
61.93
61.87
61.51
61.63
61.11
61.25
61.29
61.51
61.10
61.22
61.22
61.20
61.48
61.56
61.84
61.32
61.43
61.74
61.60
61.91
62.00
62.29
61.89
61.93
61.86
61.84
62.03
62.44
62.22
62.19
61.93
61.87
61.79
61.55
61.22
61.27
61.93
61.94
61.91
61.60
61.36
61.11
60.55
60.94
61.72
61.01
61.53
61.49
61.60
61.49
61.41
61.63
61.68
61.34
61.37
61.41
61.58
61.27
60.99
60.79
60.63
61.22
60.77
61.15
61.29
61.49
61.56
61.79
61.36
61.34
61.27
61.62
61.91
61.75
61.72
61.77
61.62
61.46
61.27
61.53
61.72
61.58
61.75
62.00
61.46
61.24
61.43
61.29
61.41
61.49
61.56
61.44
61.39
61.44
61.67
61.93
61.81
61.48
61.63
61.91
62.17
61.91
62.15
62.29
62.32
61.96
62.22
62.51
62.48
61.86
62.00
61.91
62.36
62.53
62.41
62.34
61.91
61.72
62.19
61.93
62.25
61.58
60.93
61.39
61.58
61.82
61.65
61.94
62.12
61.77
61.72
62.10
61.72
62.08
61.94
62.24
62.06
62.06
61.81
62.32
62.06
62.25
61.79
62.06
62.03
62.29
62.19
62.46
62.58
62.69
62.67
62.50
62.46
62.72
62.58
62.74
62.65
62.77
62.65
62.22
62.20
62.05
61.84
61.79
61.82
61.70
61.86
62.20
62.00
62.27
62.03
62.01
62.36
61.89
61.84
61.62
61.46
61.86
61.96
61.60
62.06
62.06
62.31
62.39
62.25
62.01
61.84
61.75
61.86
61.55
61.96
62.03
62.22
61.79
62.06
61.79
61.91
61.96
62.01
62.12
61.96
62.06
61.58
61.65
61.46
61.62
61.93
61.84
61.51
61.63
61.55
61.77
62.10
62.39
62.34
62.31
62.08
62.10
62.15
61.67
62.03
61.94
61.46
61.55
61.65
62.03
62.25
61.89
61.89
61.70
61.67
61.86
62.36
62.17
62.29
62.56
62.74
62.34
62.24
62.06
61.91
61.72
62.08
62.36
62.60
62.37
62.31
61.98
61.93
61.82
61.84
61.81
61.94
61.91
61.91
61.81
61.98
62.03
62.17
62.19
62.19
62.22
61.68
61.86
62.36
61.82
62.12
62.25
62.13
62.17
62.08
61.53
61.63
61.67
61.98
61.63
61.89
62.01
62.03
62.20
62.25
62.37
62.56
62.69
62.63
62.82
61.94
62.15
62.31
62.44
62.72
62.39
62.69
62.75
62.50
62.60
62.65
62.74
62.55
62.39
62.41
62.51
62.65
62.75
63.15
63.00
62.91
62.94
62.74
63.19
63.01
62.98
62.88
62.60
62.60
62.32
62.50
62.41
62.22
62.65
62.58
61.93
61.96
62.19
62.37
62.62
62.46
62.65
62.62
62.65
63.01
62.70
62.70
62.37
62.39
62.50
62.79
62.69
62.89
62.81
63.31
63.31
63.26
63.20
63.50
63.27
63.38
63.46
63.53
63.46
63.76
63.43
63.10
63.20
62.65
62.62
62.62
62.72
62.93
63.26
63.08
63.13
63.22
63.24
63.31
63.36
63.13
63.29
63.41
63.20
63.01
63.07
63.15
63.76
63.19
63.08
63.38
63.15
63.26
63.20
63.38
63.07
63.36
63.17
62.62
62.70
62.89
62.91
63.27
63.34
63.20
63.07
62.94
62.88
63.05
62.89
62.79
62.53
63.19
63.44
63.32
63.13
63.20
62.93
63.10
63.24
63.10
63.05
62.94
63.01
63.19
63.19
62.89
62.77
63.10
63.01
63.17
62.98
62.55
63.13
62.86
62.75
63.17
63.01
62.81
62.72
62.62
62.31
62.39
62.72
62.81
62.77
62.77
62.24
62.46
62.69
62.84
62.58
62.86
62.93
62.67
62.62
63.01
62.77
62.51
62.62
62.81
62.88
62.62
62.65
62.89
63.00
63.17
63.01
63.24
63.24
63.19
63.50
63.51
63.31
63.07
62.53
62.79
62.79
62.89
62.84
62.88
63.51
63.20
63.29
63.12
63.17
63.27
63.43
63.15
63.05
63.36
63.22
63.88
63.32
63.19
63.38
63.46
63.48
63.26
63.32
63.50
63.50
63.01
63.12
62.55
62.82
62.56
62.86
62.74
62.79
62.70
63.07
63.12
63.17
63.08
62.89
62.51
62.94
63.08
62.86
62.77
62.86
62.96
63.00
63.07
63.32
62.93
63.00
63.00
62.77
63.07
63.03
62.60
62.62
62.96
62.50
62.75
62.86
62.96
62.84
63.10
63.12
63.27
63.19
63.13
63.05
62.81
62.82
62.67
62.79
62.81
62.77
62.56
62.29
62.79
62.62
62.41
62.89
62.93
62.77
62.63
62.63
62.65
62.94
62.91
62.93
62.81
63.01
62.91
62.91
63.13
62.91
63.01
62.94
62.69
63.41
63.24
63.39
63.39
63.53
63.51
63.41
63.24
63.51
63.50
63.74
63.13
63.43
63.01
63.20
63.19
63.29
63.48
63.51
63.12
63.44
63.31
63.32
63.26
63.10
63.20
63.27
63.46
63.51
63.34
63.46
63.72
63.65
63.76
63.57
63.62
63.44
63.00
63.03
63.13
63.20
62.86
62.56
62.65
62.82
62.81
62.72
62.81
63.07
62.94
63.00
63.24
63.15
63.12
62.65
62.60
62.41
62.60
62.63
62.93
63.05
62.96
63.13
62.98
62.93
62.98
63.08
62.89
62.94
62.60
62.31
62.36
62.51
62.72
62.12
62.37
62.27
62.27
62.55
62.74
62.74
62.46
62.51
62.91
62.96
63.10
62.93
63.07
63.07
63.24
63.15
62.86
62.96
62.86
63.03
63.15
63.17
63.43
63.03
63.22
63.12
63.69
63.31
63.03
63.17
63.01
62.84
63.07
63.00
62.72
62.65
62.70
62.67
62.88
63.12
62.79
62.77
63.26
63.38
63.38
63.00
63.31
62.70
62.84
63.22
63.62
63.74
63.69
63.63
63.51
63.65
63.76
63.67
63.72
63.98
64.10
63.86
64.26
64.24
64.19
63.79
63.72
63.34
63.55
63.81
63.72
63.65
63.36
63.74
64.00
63.69
63.81
63.57
63.39
63.31
63.43
63.39
63.70
63.60
63.58
63.24
63.38
63.50
63.63
63.43
63.41
63.31
63.07
63.38
63.48
63.44
63.58
63.31
63.51
63.57
63.62
63.69
63.34
63.34
63.22
63.43
63.76
63.51
63.55
63.60
63.76
63.89
63.62
63.63
63.76
63.79
63.34
63.41
63.57
63.60
63.50
63.19
63.41
63.43
63.57
63.48
63.46
63.51
63.32
63.12
62.74
62.81
62.93
63.29
63.05
62.96
63.00
62.55
63.15
62.94
62.82
63.15
63.24
63.44
63.43
63.58
63.60
63.60
63.72
63.58
63.77
63.22
63.32
63.39
63.32
63.58
63.13
63.60
63.50
63.70
63.55
63.36
63.31
63.24
63.53
63.48
63.50
63.15
63.34
63.36
63.22
63.29
63.17
63.20
63.27
63.31
62.82
63.08
63.41
63.57
63.22
63.48
64.05
63.89
64.01
64.10
64.00
63.74
63.76
63.50
63.20
63.13
63.17
63.15
63.31
63.13
63.00
63.12
63.05
63.12
62.65
62.39
62.32
62.55
62.58
62.55
62.96
62.91
62.74
62.69
62.58
62.17
62.12
62.20
62.15
62.25
62.58
62.63
62.60
62.39
62.88
62.67
62.60
62.70
62.39
62.62
62.55
62.74
63.03
63.24
62.79
62.56
62.58
62.96
63.01
62.72
62.86
62.91
62.77
62.81
62.74
62.96
62.98
62.93
63.22
62.89
62.58
62.72
62.63
62.46
62.41
62.62
62.44
62.25
62.36
62.81
62.63
62.41
62.41
62.55
62.63
62.25
62.41
62.34
62.19
62.20
62.08
62.39
62.72
62.86
62.51
62.51
62.19
62.56
62.63
62.88
63.24
63.12
63.00
63.22
63.29
63.41
62.81
62.55
62.41
62.43
62.13
62.27
62.75
62.55
62.67
63.05
63.15
63.08
63.05
63.10
62.89
63.26
63.36
63.01
63.44
63.50
63.77
63.67
63.19
62.84
63.12
62.81
62.96
62.96
62.75
63.32
63.62
63.55
63.46
63.48
63.07
62.84
63.26
63.50
63.67
63.65
63.44
63.08
63.26
63.31
63.17
63.34
63.29
63.26
63.36
63.46
63.60
63.82
63.46
63.77
63.82
63.53
63.60
63.77
63.77
63.77
63.88
63.84
63.70
64.10
64.52
63.96
63.79
63.88
64.05
63.82
64.01
63.72
64.10
64.01
64.05
63.84
63.69
63.43
63.43
63.77
63.67
63.84
63.65
63.89
63.86
63.84
63.70
63.58
63.29
63.41
63.46
63.81
63.70
63.60
63.98
63.77
63.34
63.38
63.24
63.20
62.82
63.13
63.10
63.00
62.43
62.82
63.01
63.50
63.31
63.15
63.44
63.67
63.57
63.60
63.53
63.50
63.55
63.38
63.76
63.60
63.51
63.69
64.03
64.12
63.88
64.03
63.58
63.57
63.84
63.81
63.77
63.74
63.70
63.63
63.74
64.05
63.84
63.53
64.00
63.84
63.63
63.50
63.46
63.36
63.69
63.77
63.46
63.63
63.67
63.77
63.36
63.38
63.65
63.76
63.43
63.65
63.38
63.51
63.29
63.34
63.48
63.41
63.44
63.12
63.58
63.41
63.58
63.53
63.63
63.69
63.81
64.05
64.12
64.14
63.76
63.96
63.96
64.01
63.95
63.95
63.89
64.20
63.86
63.91
64.07
63.96
63.72
63.82
63.44
63.62
63.57
63.86
63.86
63.72
63.46
63.84
63.76
63.79
63.89
63.98
64.01
63.82
63.48
63.41
63.38
63.46
63.53
63.27
63.38
63.51
63.48
63.48
63.55
63.77
63.67
63.62
63.65
63.69
63.84
63.70
63.62
63.13
63.15
63.50
63.36
63.27
63.27
62.79
62.88
62.98
63.17
63.08
62.77
63.13
62.81
63.05
62.94
63.03
62.93
62.93
62.94
63.08
63.44
63.20
63.36
63.55
62.94
63.03
62.93
62.91
63.12
62.94
63.07
62.75
62.89
63.19
62.86
62.60
63.26
63.41
62.82
63.07
63.26
62.93
63.10
62.98
62.84
63.50
63.10
63.22
63.60
63.72
63.36
63.22
62.89
62.93
63.05
63.13
63.08
62.91
63.17
63.32
63.10
62.94
63.26
62.94
63.43
63.41
63.70
63.53
63.48
63.57
63.72
63.86
63.70
63.86
63.76
63.34
63.72
63.41
63.39
63.57
63.44
63.41
63.19
63.15
63.22
63.00
63.10
63.15
62.89
63.39
63.34
63.22
63.12
63.24
63.81
63.79
64.07
64.03
63.86
64.05
63.63
63.36
63.79
63.88
64.03
63.82
63.67
63.74
63.76
63.82
63.89
63.27
63.10
63.32
63.50
63.46
63.08
63.44
63.63
64.14
63.76
63.60
64.03
64.15
63.88
64.46
64.36
64.31
64.03
64.08
64.39
64.31
64.36
64.10
64.08
64.38
64.29
64.12
64.17
64.29
64.34
64.12
63.96
63.96
64.08
63.44
63.96
64.03
64.14
64.41
64.52
64.24
64.17
64.17
64.27
64.36
64.12
64.07
63.82
63.70
63.51
63.95
63.86
64.00
64.22
64.38
64.29
64.38
63.72
63.60
63.72
63.72
63.63
63.79
63.93
63.93
63.93
64.05
64.31
63.93
64.12
64.20
63.89
64.29
64.22
64.22
63.98
64.07
64.38
64.26
64.50
64.24
64.19
64.15
63.98
64.03
64.12
64.10
63.76
63.70
63.67
63.72
63.77
64.01
63.65
63.53
63.32
63.98
63.67
63.43
63.46
63.69
63.95
64.15
64.08
63.84
63.98
63.81
63.72
63.46
63.96
63.93
64.05
64.57
64.62
64.52
63.98
64.17
64.19
63.89
63.77
64.05
64.17
64.36
64.48
64.36
64.34
64.36
64.15
63.91
64.22
63.79
64.10
63.84
64.17
64.19
64.12
64.19
64.24
64.14
63.84
64.05
64.27
64.05
64.24
64.14
63.95
63.86
63.93
63.98
63.84
64.08
63.89
63.86
63.55
63.74
63.55
63.55
63.55
63.60
63.70
63.50
63.43
63.65
63.67
63.81
63.63
63.81
63.76
63.70
63.44
63.72
63.82
63.82
63.57
63.34
63.70
63.93
63.84
63.58
63.07
63.17
63.17
63.19
63.62
63.12
63.44
63.62
63.77
63.63
64.15
63.81
64.00
64.36
64.31
64.05
64.19
64.07
63.69
64.26
64.27
64.36
64.55
64.70
64.48
64.26
64.26
64.43
64.50
64.67
64.34
64.52
64.38
64.39
64.05
63.89
63.91
63.65
64.05
63.58
63.72
63.67
63.86
63.74
63.77
63.91
63.79
63.70
63.69
63.82
63.69
63.88
63.96
64.12
64.14
63.91
63.96
64.03
63.70
63.31
63.63
63.82
63.53
63.65
63.67
63.84
63.91
63.91
64.08
64.52
64.45
64.57
64.20
64.33
64.53
64.19
64.22
64.38
64.36
64.53
64.34
64.33
64.14
64.00
64.01
63.93
63.93
64.08
63.91
63.95
63.79
63.82
64.00
63.96
64.01
64.38
64.34
64.52
64.48
64.19
64.26
63.84
63.98
64.31
64.24
64.19
64.10
64.34
64.43
64.48
64.36
64.27
64.12
64.22
64.31
64.10
64.05
64.15
64.55
64.17
64.17
63.81
63.98
63.96
64.17
64.07
64.17
64.01
63.91
64.15
64.03
64.08
63.96
63.81
64.03
63.86
64.08
64.27
64.50
64.58
64.81
64.57
64.84
64.76
64.86
64.70
64.84
64.67
64.95
64.70
64.48
64.67
64.31
64.57
64.52
64.95
65.02
65.02
64.76
64.52
64.74
64.84
64.70
64.69
64.53
64.62
64.43
64.72
64.83
64.57
64.55
64.33
64.48
64.83
64.84
65.12
64.96
65.05
64.64
64.79
65.14
65.53
65.33
65.46
65.24
65.02
65.19
65.50
64.89
65.19
64.95
64.77
64.83
64.57
64.22
64.19
64.69
64.46
64.46
64.39
64.26
64.45
64.50
64.19
64.17
64.14
64.22
64.07
64.03
64.07
64.26
64.46
64.33
64.34
64.41
64.50
64.55
64.26
64.34
64.36
64.34
64.24
64.22
64.24
64.29
64.38
64.24
64.29
63.96
64.33
64.26
64.12
64.12
63.91
64.10
63.88
64.01
63.81
64.07
64.22
64.41
64.43
64.38
64.53
64.41
64.38
64.72
64.67
64.89
64.64
64.81
64.64
64.79
64.81
64.60
64.70
64.50
64.70
64.29
64.08
64.34
64.14
64.29
64.19
