0.52
0.52
0.52
0.52
0.52
0.52
0.52
0.52
0.62
0.81
0.95
0.86
1.07
1.24
1.45
1.50
1.69
1.83
1.95
2.14
2.28
2.42
2.64
2.88
3.30
3.59
3.87
4.45
4.57
4.71
5.06
5.32
5.57
5.75
5.71
5.97
6.14
6.28
6.32
6.40
6.37
6.45
6.63
6.90
7.01
6.99
7.11
7.20
7.28
7.25
7.40
7.30
7.53
7.58
7.78
8.09
8.46
8.56
8.53
8.61
8.66
8.77
8.82
8.96
9.22
9.44
9.53
9.54
9.44
9.56
9.51
9.63
9.68
9.79
9.87
9.99
10.06
10.13
10.29
10.60
10.77
10.84
10.89
10.82
10.91
10.86
11.06
11.17
11.01
10.84
10.63
10.68
10.75
10.63
10.58
10.63
10.70
10.65
10.61
10.56
10.56
10.75
10.77
10.72
10.87
11.06
11.13
10.89
10.96
10.99
11.10
11.29
11.43
11.67
11.51
11.67
11.81
11.87
12.01
12.12
11.89
11.93
12.24
12.34
12.37
12.69
13.01
13.03
13.17
13.20
13.15
13.15
13.26
13.44
13.50
13.67
13.62
13.31
13.19
13.12
13.07
13.10
13.20
13.27
13.24
13.24
13.22
13.36
13.60
13.79
14.00
14.14
14.26
14.45
14.64
14.89
15.02
15.07
14.88
14.86
14.89
14.91
14.76
14.77
14.88
14.77
14.98
14.89
14.93
15.03
15.02
15.17
15.36
15.22
15.43
15.38
15.36
15.55
15.55
15.55
15.46
15.50
15.59
15.60
15.83
15.76
15.81
15.62
15.60
15.69
15.52
15.60
15.69
15.60
15.59
15.72
15.81
15.76
15.69
15.84
15.93
16.07
15.81
15.76
15.86
15.93
16.03
16.05
16.21
16.41
16.43
16.67
16.97
17.09
17.17
17.33
17.21
17.10
17.03
17.00
16.98
17.26
17.21
17.22
17.05
17.26
17.07
16.88
17.12
16.98
16.97
17.00
16.98
17.16
17.35
17.41
17.55
17.50
17.67
17.60
18.04
18.23
18.19
18.31
18.43
18.73
18.71
18.45
18.24
18.12
18.23
18.69
18.78
18.50
18.47
18.71
19.07
19.09
19.28
19.31
19.30
19.43
19.42
19.33
19.38
19.59
19.71
19.54
19.69
19.74
20.02
20.31
20.42
20.42
20.38
20.43
20.14
19.93
19.88
19.83
19.69
19.55
19.55
19.47
19.47
19.36
19.47
19.73
20.11
20.21
20.37
20.43
20.42
20.49
20.42
20.43
20.38
20.23
20.38
20.52
20.28
20.25
20.37
20.37
20.50
20.68
20.88
20.80
20.49
20.38
20.19
20.56
20.43
20.35
20.38
20.38
20.49
20.66
20.80
21.00
20.90
21.13
21.16
21.13
21.30
21.40
21.52
21.71
21.76
21.75
21.42
21.23
21.11
21.42
21.54
21.82
21.59
21.51
21.49
21.19
21.30
21.44
21.82
22.09
22.16
22.18
22.35
22.73
22.99
22.90
22.94
22.92
22.95
23.01
23.01
23.23
23.09
22.90
22.89
22.90
22.80
22.78
22.61
22.45
22.40
22.20
22.44
22.56
22.64
22.73
23.06
23.13
23.33
23.42
23.61
23.39
23.20
22.94
23.04
23.35
23.40
23.51
23.82
23.82
23.85
23.80
23.82
23.89
24.02
24.02
24.18
24.44
24.58
24.70
24.65
24.42
24.32
24.15
24.09
24.06
23.68
23.42
23.56
23.46
23.63
23.58
23.58
23.56
23.39
23.56
23.68
24.18
24.16
24.37
24.28
24.28
24.27
24.47
24.56
24.56
24.84
24.66
24.56
24.78
25.04
25.16
25.15
25.04
24.78
24.78
24.96
24.89
24.82
24.99
24.97
25.13
24.97
24.58
24.20
24.20
24.40
24.35
24.59
24.72
24.84
25.11
25.32
25.15
24.85
24.97
25.68
25.73
25.54
25.44
25.75
26.06
26.23
26.35
26.39
26.23
26.04
26.27
26.35
26.13
25.75
25.84
26.16
26.35
26.27
26.42
26.34
26.10
26.01
26.18
25.82
25.20
25.20
25.11
25.34
25.39
26.01
26.29
26.34
26.39
26.27
26.01
26.30
26.53
26.77
26.92
27.24
27.36
27.37
27.13
27.08
27.08
26.67
26.67
27.06
27.32
27.36
27.53
27.56
27.49
27.24
27.34
27.65
27.96
28.18
28.03
28.32
28.32
28.51
28.56
28.12
27.67
27.84
27.48
27.08
27.17
27.10
26.89
27.37
27.49
27.68
27.98
28.13
27.87
27.86
27.39
27.36
27.74
27.77
27.77
27.93
28.37
28.20
28.34
28.65
28.63
28.55
28.44
28.15
28.06
28.24
28.81
28.86
28.98
28.72
28.68
28.65
28.41
28.05
28.48
28.86
29.29
29.32
29.31
29.20
29.17
29.44
29.62
29.65
29.63
29.74
29.84
30.00
30.10
30.00
29.62
29.44
28.86
28.86
28.67
29.01
29.27
28.79
28.13
27.82
27.67
27.79
28.08
28.58
28.98
29.00
29.27
29.24
28.79
28.68
28.86
29.75
29.32
28.98
28.87
28.77
28.56
28.79
28.81
28.56
27.94
27.89
27.89
28.10
28.01
28.31
28.67
28.56
28.86
29.03
28.87
28.51
28.51
28.49
28.63
28.98
28.81
28.82
29.03
29.00
28.93
28.49
28.65
28.37
28.36
28.74
28.74
28.89
28.74
28.70
28.77
28.81
28.70
29.08
29.29
29.50
29.32
29.53
29.13
28.87
28.98
29.15
28.77
28.77
28.79
29.06
28.74
28.91
29.01
29.50
29.62
29.86
30.00
29.82
29.55
29.41
29.34
29.08
29.15
29.29
29.15
29.51
29.48
29.25
29.46
29.98
29.25
29.15
29.44
29.46
29.60
28.91
29.08
29.89
30.17
30.45
30.15
29.98
29.93
30.08
29.98
30.67
30.81
30.84
30.62
30.20
29.77
29.65
29.79
30.10
30.64
31.08
31.07
30.93
30.91
30.64
30.74
30.77
31.24
31.26
30.70
30.24
30.67
30.77
30.69
30.43
30.65
30.41
30.46
29.91
29.65
29.96
30.55
30.55
30.46
30.50
30.60
30.45
30.64
30.60
31.03
31.01
31.12
31.27
31.22
31.14
30.88
30.48
30.10
30.01
30.03
30.08
30.00
29.93
29.81
30.20
30.29
30.34
30.17
29.91
29.34
29.32
30.03
30.01
29.84
30.01
30.31
30.50
30.70
30.88
30.89
30.86
30.93
30.60
30.60
30.53
30.82
30.76
30.74
31.26
31.22
31.24
31.50
31.50
31.22
31.38
31.33
31.36
31.76
31.88
31.52
31.22
30.62
30.39
30.77
30.82
30.77
30.53
30.70
30.58
30.70
30.76
30.69
30.88
30.93
31.01
31.12
31.24
31.45
31.88
32.17
32.36
32.03
32.05
32.43
32.76
32.53
32.05
31.95
32.22
32.55
32.50
32.83
32.76
32.83
32.57
32.64
32.31
32.10
32.38
32.74
33.09
33.22
33.10
32.72
32.79
32.84
32.50
31.98
31.15
31.39
31.93
32.26
32.48
32.69
33.03
33.31
33.34
33.00
32.84
32.83
32.91
32.83
33.19
33.52
33.83
34.10
33.81
34.09
34.02
33.55
33.64
33.78
33.98
34.12
33.97
33.45
33.33
33.28
33.00
32.91
32.55
32.27
32.36
32.48
32.88
32.97
32.93
32.76
32.71
32.69
32.71
32.71
32.46
32.72
32.98
32.81
32.59
32.46
32.21
31.81
32.19
32.36
32.24
32.29
32.17
31.83
31.86
32.19
32.55
32.67
32.72
32.50
32.43
32.67
32.62
32.93
32.91
32.86
33.05
33.07
33.00
33.22
33.09
33.36
32.98
33.14
33.09
33.09
32.60
32.29
31.45
31.58
31.57
32.38
32.34
32.46
32.40
32.27
32.03
31.83
31.79
31.86
32.05
32.24
32.22
32.00
31.60
31.74
31.83
32.07
31.76
31.64
31.65
32.07
32.71
32.83
32.71
32.81
32.81
32.76
32.67
32.81
32.76
32.78
32.90
32.60
32.53
32.31
32.08
32.12
32.52
32.57
32.78
32.71
32.86
33.02
33.38
33.47
33.50
33.53
33.62
33.76
33.90
33.86
33.52
33.79
33.71
33.85
33.86
33.55
33.36
33.26
33.36
33.43
33.29
33.67
33.59
33.24
33.29
33.33
33.29
33.24
32.84
32.29
32.12
32.21
32.41
32.60
32.91
33.34
33.48
33.45
33.90
33.67
33.33
33.21
33.19
33.48
33.47
33.19
32.91
32.86
33.09
33.38
33.24
33.03
33.10
32.91
32.65
32.40
32.31
32.34
32.50
32.52
32.67
32.91
33.17
33.07
33.05
32.98
32.79
32.71
33.52
33.36
33.48
33.71
33.64
33.41
33.34
33.50
33.24
33.15
32.95
32.46
32.43
32.41
32.72
32.76
32.79
32.79
32.98
33.52
33.69
33.83
34.05
34.19
34.00
33.66
33.64
33.33
33.52
34.00
33.98
34.23
34.38
33.81
33.74
33.55
33.78
33.86
34.14
33.78
33.74
33.26
33.33
33.91
34.05
34.31
34.19
33.85
33.91
34.02
34.38
34.55
34.40
34.55
34.55
34.59
34.95
34.92
34.81
35.07
34.85
34.31
33.83
33.76
33.83
33.74
33.64
33.66
33.60
33.48
33.21
33.31
33.07
32.98
32.71
32.86
32.97
33.22
33.71
33.93
33.88
33.83
33.76
33.33
32.93
33.21
33.47
33.64
33.26
33.15
32.93
33.00
32.67
32.19
32.46
32.60
32.84
33.21
33.22
33.14
33.03
33.55
33.88
33.72
33.64
33.72
33.72
33.71
33.45
32.93
33.02
33.02
33.21
33.72
33.66
33.31
33.26
33.28
33.60
33.83
33.53
33.79
34.07
34.19
34.10
34.41
34.38
34.52
34.16
34.09
34.10
34.00
34.05
34.07
34.48
34.45
34.41
34.45
34.57
34.35
34.85
35.05
35.23
34.76
34.54
34.41
34.62
34.78
34.55
34.78
34.66
34.86
34.98
35.11
35.19
34.69
34.57
34.19
34.21
33.93
34.07
34.14
34.24
34.45
34.66
34.48
34.38
34.35
34.47
34.45
34.47
34.69
35.07
35.16
35.24
35.31
34.92
34.52
34.59
34.54
34.66
34.86
34.97
35.24
34.93
35.26
35.09
35.28
35.28
35.12
35.07
34.48
34.64
34.76
35.19
35.50
35.55
35.40
35.42
35.64
36.09
36.12
36.02
36.11
36.09
36.02
35.76
35.04
34.78
35.14
35.78
35.71
35.99
35.78
35.66
35.81
35.66
35.62
35.55
35.66
35.93
36.16
36.28
36.33
36.69
36.85
36.69
36.40
35.99
35.64
35.81
35.71
35.71
36.16
35.66
35.17
35.00
34.98
34.81
34.97
35.42
35.36
35.47
35.11
35.00
35.02
35.17
35.00
35.21
35.38
35.30
35.78
35.80
35.62
35.81
35.19
34.83
34.59
34.86
34.35
34.07
34.81
35.62
35.64
35.28
35.31
35.59
35.81
35.90
36.00
36.04
35.92
35.92
35.90
36.18
36.23
36.21
36.14
36.61
36.50
36.24
36.31
36.43
36.64
36.49
36.49
36.52
36.14
36.02
35.88
36.07
36.24
36.45
36.33
36.64
36.74
37.06
37.37
37.63
37.33
37.38
37.26
37.14
37.33
36.88
36.68
36.83
36.88
37.06
37.23
37.30
37.06
36.69
37.16
37.09
36.54
36.31
36.42
36.21
36.57
36.38
36.35
36.26
36.33
36.28
36.24
36.43
36.93
36.78
36.83
36.90
37.28
37.37
37.07
37.63
37.64
37.56
37.19
37.00
36.88
37.14
36.92
36.40
36.99
37.54
37.66
37.44
37.23
37.18
37.11
36.62
36.31
36.80
37.14
37.19
37.40
37.26
37.59
37.49
37.54
37.64
37.56
37.54
37.59
37.73
37.83
38.02
38.02
37.49
37.68
37.95
38.19
38.42
38.23
38.35
38.26
37.92
37.83
37.92
38.06
37.71
37.87
37.78
37.75
37.57
37.50
37.59
37.59
37.56
37.54
37.42
37.54
37.71
37.37
37.21
37.06
36.47
36.19
35.85
36.33
37.00
37.47
37.66
37.73
37.69
37.73
37.71
37.64
37.12
37.38
37.49
37.69
37.49
37.44
37.56
37.54
37.18
37.25
37.25
37.21
37.18
36.92
36.59
36.54
36.04
35.81
36.02
36.52
37.12
37.18
37.23
37.69
37.66
37.63
37.14
36.93
36.76
36.24
36.16
36.23
36.76
36.62
36.81
37.14
37.19
37.23
37.37
37.38
37.30
37.50
37.50
37.16
37.45
37.52
37.73
37.85
37.88
37.76
37.47
37.12
37.04
37.23
37.44
37.47
37.73
37.81
37.92
37.44
37.30
37.44
37.66
38.07
38.32
38.25
38.11
37.83
37.63
37.75
37.54
37.64
37.44
37.73
37.95
38.02
38.11
38.18
38.35
38.61
38.37
38.23
38.26
38.14
37.99
37.88
38.18
38.32
38.33
38.06
37.83
38.19
38.49
38.52
38.47
38.32
38.25
38.06
38.07
38.13
38.26
38.19
38.00
37.92
37.73
37.76
37.92
37.97
37.68
37.92
38.19
38.25
38.71
38.68
38.16
38.04
38.04
38.13
38.35
38.11
38.28
38.42
38.61
38.54
38.59
38.52
38.38
37.94
37.81
37.83
38.40
38.54
38.37
38.57
39.02
39.28
39.32
39.20
39.01
38.56
38.40
38.57
38.38
38.09
38.02
38.44
38.56
38.61
38.59
38.80
38.99
39.11
38.66
38.40
38.78
38.44
38.54
38.75
39.13
39.32
39.39
39.68
39.64
39.63
39.64
39.70
39.75
39.92
39.96
39.77
39.51
39.54
39.30
39.42
39.66
39.58
39.56
39.71
39.71
40.04
40.09
39.54
39.47
39.47
39.87
40.28
40.09
39.99
39.75
39.64
39.47
39.63
39.97
39.40
39.25
39.56
39.75
39.89
40.08
39.87
39.77
39.58
39.18
39.30
39.39
39.28
39.71
39.90
39.35
39.18
39.63
39.83
39.77
39.92
39.99
39.28
38.97
38.80
38.45
38.19
38.23
38.73
39.02
38.87
38.73
38.68
38.57
38.71
38.89
39.02
38.83
38.66
38.90
39.11
39.21
39.20
39.32
39.75
39.80
39.77
39.56
39.49
39.59
39.54
39.75
39.77
39.78
39.66
39.68
39.47
39.42
39.51
39.54
39.77
39.99
40.20
40.28
40.21
40.51
40.59
40.46
40.32
40.13
40.09
40.23
40.20
40.09
40.37
40.51
40.27
39.99
39.77
39.96
39.94
39.97
40.02
40.13
39.94
39.75
39.78
39.68
39.49
38.90
38.38
38.92
39.39
39.63
39.61
39.64
39.78
40.16
40.21
40.18
40.06
40.18
40.40
40.52
40.49
40.77
41.08
41.18
41.25
41.44
41.39
40.92
40.65
40.35
40.28
40.18
40.56
40.59
40.80
40.82
40.94
41.32
41.40
41.18
41.01
40.73
40.39
40.16
40.20
40.35
40.18
39.92
40.21
40.51
40.89
40.78
40.70
41.08
41.11
41.20
41.80
42.15
42.34
42.13
42.04
41.84
41.61
41.32
41.39
41.23
41.28
41.23
41.04
41.11
40.97
40.78
40.59
40.25
39.78
40.08
39.73
39.56
39.39
39.83
40.25
40.44
40.71
40.75
40.87
40.70
40.44
40.65
40.85
40.96
41.03
41.15
41.30
41.72
41.59
41.44
41.27
41.16
40.92
41.15
41.54
41.99
42.32
42.68
42.49
42.41
42.42
42.44
42.63
43.04
42.92
42.79
42.47
42.23
41.97
41.56
41.68
41.49
41.77
41.32
40.96
41.32
41.56
41.59
41.53
41.34
41.54
41.91
41.68
41.65
41.75
41.97
41.84
42.18
42.39
42.39
42.18
41.84
41.87
41.87
41.87
41.87
41.80
41.46
41.30
41.40
41.61
41.99
41.75
41.96
41.46
41.22
40.97
41.39
41.51
41.27
41.09
41.42
41.89
42.13
42.04
41.89
41.99
41.99
42.06
41.92
42.13
42.30
42.22
42.04
41.89
41.94
41.84
41.78
41.85
41.72
41.72
42.04
42.20
42.34
42.77
43.08
43.06
43.46
43.20
42.94
42.73
42.42
42.47
42.42
42.61
42.60
41.46
41.34
41.77
42.27
42.61
43.22
43.41
43.48
43.48
42.89
42.70
42.99
43.36
43.60
43.77
43.89
43.51
43.03
42.66
43.03
43.04
43.17
43.15
42.91
43.08
43.30
43.61
43.37
42.89
42.70
42.87
43.10
43.06
43.01
42.84
42.75
42.96
43.27
43.06
42.89
42.96
42.85
42.84
42.89
42.75
42.82
42.84
42.79
43.03
42.63
42.32
42.22
42.08
42.06
42.04
42.15
42.03
41.87
41.63
41.46
41.84
42.35
42.77
42.72
42.65
42.42
42.39
42.34
42.30
42.04
41.82
41.80
41.97
42.16
42.65
42.85
42.42
42.25
42.47
42.46
42.39
42.42
42.77
42.84
42.84
42.75
42.73
42.53
42.77
42.75
42.63
42.58
42.72
42.32
42.30
42.10
42.27
42.44
42.63
42.85
42.84
42.77
42.58
42.37
42.29
42.27
42.42
42.60
42.51
42.34
42.34
42.32
42.49
42.73
42.84
42.72
42.42
42.25
42.37
42.34
42.13
42.22
41.99
42.15
42.30
41.89
41.54
41.53
41.56
41.73
42.04
41.85
41.82
41.84
41.56
41.47
41.51
41.68
41.82
41.99
42.11
42.20
41.78
41.44
41.49
41.78
42.27
42.03
41.96
41.87
42.18
42.47
42.56
42.60
42.75
42.85
43.01
42.94
42.99
42.77
42.58
42.51
42.41
42.11
42.08
42.29
42.44
42.46
42.60
42.68
42.70
42.47
42.53
42.82
43.27
43.13
43.29
42.92
42.82
43.13
42.75
42.89
42.73
43.01
43.06
43.22
43.18
43.18
43.25
43.44
43.65
43.61
43.68
43.79
44.30
44.22
44.06
43.96
44.03
43.87
44.08
44.13
43.86
43.67
44.17
44.03
44.06
43.96
43.92
44.32
44.37
44.48
44.34
44.25
44.34
44.24
44.24
43.91
43.86
43.72
43.46
43.36
43.39
43.70
44.15
44.17
44.18
43.68
43.37
43.55
43.46
43.32
43.44
43.53
43.41
43.44
43.42
43.53
43.06
43.17
42.85
43.44
43.60
43.68
43.60
43.77
43.84
43.68
43.55
43.18
43.06
43.18
43.63
43.65
43.86
43.98
43.82
43.68
43.46
43.32
43.48
43.46
43.56
43.68
43.61
43.29
43.01
42.85
42.94
42.89
42.89
42.91
43.18
43.73
43.98
44.03
43.80
44.29
44.46
44.36
44.24
44.27
44.29
44.62
44.36
44.25
44.20
44.20
44.24
44.01
44.13
44.03
44.24
44.37
44.62
44.58
44.65
44.91
44.58
44.24
44.13
43.73
43.79
43.99
43.91
43.41
43.18
43.18
43.18
43.53
43.41
43.77
43.82
43.79
43.82
43.96
44.27
44.63
44.87
44.82
44.56
44.39
44.22
43.84
44.06
44.11
44.27
44.18
44.06
44.05
44.36
44.51
44.70
44.65
44.77
44.93
45.06
44.82
44.94
44.93
45.15
45.34
45.36
45.53
45.53
45.43
45.55
45.46
45.22
44.93
44.68
44.62
44.75
44.70
44.79
45.05
44.99
44.84
44.70
44.79
44.70
44.49
44.36
44.30
44.96
45.29
45.10
45.01
45.15
45.08
44.70
44.29
44.25
44.62
45.15
45.48
45.56
45.70
45.72
45.31
45.24
45.27
45.08
45.06
45.08
45.31
45.65
45.58
45.70
45.70
45.56
45.31
44.99
44.82
44.77
45.17
45.12
44.72
44.84
44.87
44.87
44.79
45.10
45.31
45.20
45.10
45.08
45.03
45.17
45.50
45.65
45.63
45.39
45.39
45.20
45.29
45.01
45.17
45.25
45.17
45.05
45.27
45.37
45.37
45.32
45.56
45.74
45.56
45.56
45.81
45.98
46.10
46.13
45.86
45.77
46.01
45.98
45.75
45.69
45.62
45.98
45.74
45.62
45.63
45.70
45.75
45.82
45.86
45.81
45.84
45.79
45.91
45.70
45.88
45.94
45.43
45.46
45.70
45.69
45.93
46.05
46.08
46.25
46.27
46.51
46.55
46.46
46.22
46.01
45.75
45.63
45.32
45.03
45.27
45.31
45.43
45.46
45.51
45.46
45.39
45.48
45.50
45.72
45.93
45.70
45.86
45.62
45.98
46.19
46.36
46.38
46.29
46.77
46.77
46.62
46.48
46.43
46.48
46.08
46.05
46.13
46.20
46.20
46.81
46.88
46.57
46.25
45.79
45.50
45.91
45.84
45.62
45.62
45.53
45.31
45.32
45.65
45.65
45.43
45.22
44.82
44.41
44.68
44.84
44.63
44.25
44.44
44.58
44.56
44.60
44.25
44.24
44.68
44.51
44.37
44.79
45.17
45.27
45.29
45.46
45.69
45.72
45.67
45.53
45.50
45.13
45.27
45.12
45.17
45.05
45.17
44.72
44.91
44.82
44.82
44.84
45.20
45.43
45.53
45.67
45.67
45.60
45.55
45.31
45.43
45.65
45.96
45.98
46.08
46.17
46.10
45.94
45.86
45.69
45.67
45.65
45.72
45.77
45.74
45.69
45.58
45.96
45.93
46.05
46.03
46.25
46.27
46.32
46.12
46.22
46.17
46.12
45.81
45.94
46.29
46.43
46.03
45.98
46.06
46.29
46.32
46.46
46.46
46.51
46.39
46.32
46.67
46.57
46.38
46.13
45.39
45.12
45.79
46.06
46.10
46.46
46.81
46.74
46.63
46.62
46.36
46.24
46.15
46.53
46.48
46.41
46.17
45.98
45.82
45.72
45.93
46.01
46.00
45.77
45.72
45.81
45.84
46.10
46.31
46.24
46.25
46.27
46.36
46.55
46.60
46.48
46.41
46.60
46.38
46.00
45.91
45.77
45.93
45.70
45.70
45.88
45.89
46.15
45.86
45.88
45.89
45.84
46.08
46.34
46.08
46.29
46.10
46.32
46.32
46.51
46.43
46.38
46.48
46.36
46.36
46.63
46.69
46.89
46.63
46.81
46.88
46.84
46.55
46.31
46.05
46.50
46.41
46.15
45.89
46.20
46.39
46.38
46.51
46.43
46.44
46.32
46.22
45.91
45.94
45.69
45.94
45.41
45.43
45.63
45.77
45.91
46.15
45.67
45.37
45.15
45.65
45.69
45.81
45.98
45.79
45.70
45.96
46.32
46.29
46.55
46.38
46.19
45.93
45.75
45.46
44.99
45.08
45.29
45.41
45.67
46.10
46.34
46.76
46.79
46.50
46.43
46.62
46.84
47.03
46.72
46.43
46.24
46.24
46.22
46.15
46.24
46.38
46.51
46.57
46.57
46.55
46.29
46.34
45.84
45.37
45.91
46.12
45.77
45.77
45.56
45.39
45.41
45.63
45.48
45.58
45.37
45.34
45.13
45.24
45.46
45.34
45.24
45.12
45.06
44.94
45.37
45.84
46.34
46.13
45.93
45.77
45.96
45.70
45.46
45.63
45.81
46.01
46.31
46.46
46.67
46.55
46.44
46.65
46.86
46.69
46.15
46.06
46.27
46.08
46.08
46.03
45.98
46.12
45.88
45.89
45.96
45.98
45.89
46.10
46.08
46.39
46.55
46.65
46.79
46.93
47.12
46.96
46.74
46.72
46.38
46.58
46.48
46.41
46.46
46.46
46.41
46.32
46.38
46.46
46.62
46.82
47.08
47.13
46.93
46.69
46.69
46.67
46.82
47.03
47.29
47.67
47.76
47.65
47.67
47.53
47.34
47.36
46.95
46.44
46.36
46.60
46.84
47.03
46.91
46.93
47.29
47.65
47.64
47.50
47.72
47.83
47.74
47.67
47.76
47.36
47.51
47.58
47.74
47.60
47.51
47.15
47.03
47.12
47.19
47.13
46.88
46.95
47.03
47.10
47.26
47.17
47.24
47.20
47.19
47.20
47.39
47.45
47.27
47.24
47.27
47.27
47.19
47.07
46.72
46.63
46.72
46.74
46.58
46.51
46.27
46.15
46.32
46.72
46.88
46.89
47.03
46.93
46.96
47.08
46.82
46.91
47.07
47.15
47.39
47.48
47.60
47.93
48.00
48.03
47.88
47.70
47.50
47.46
47.27
47.01
46.95
47.12
47.29
47.36
47.34
47.31
47.32
47.20
47.20
47.31
47.46
47.34
47.46
47.65
47.88
47.79
47.70
47.79
47.62
47.57
47.76
47.86
47.98
48.15
48.00
47.70
47.01
46.67
46.31
46.70
46.86
47.10
47.31
47.45
47.72
47.93
48.15
48.24
48.26
48.02
47.60
47.67
47.74
47.91
47.96
47.77
47.70
47.57
47.17
47.07
47.00
47.27
47.57
47.51
47.41
47.17
47.22
47.64
47.84
47.32
47.13
46.96
47.15
47.29
47.67
47.58
47.89
47.72
47.77
47.81
47.89
47.69
47.46
47.34
47.27
46.93
47.08
46.84
46.89
46.76
46.74
46.93
46.89
47.12
47.24
47.20
47.12
47.13
47.27
47.24
46.96
47.00
47.08
47.39
47.55
47.58
47.70
47.76
47.36
47.36
47.55
47.31
47.26
47.17
47.05
47.20
47.65
47.84
48.00
47.91
47.69
47.72
47.76
47.69
47.96
48.05
47.95
48.05
47.74
47.81
47.89
48.17
48.21
48.14
48.52
48.65
48.79
48.39
47.76
47.98
48.08
48.34
48.52
48.38
48.50
48.62
48.74
48.71
48.71
48.50
48.62
48.93
48.91
49.00
49.12
48.96
48.96
48.91
49.03
48.84
49.03
48.96
48.95
48.36
47.79
47.64
48.03
48.81
48.90
49.09
49.33
49.38
49.50
49.52
49.14
48.96
48.79
48.72
48.76
48.90
49.02
48.69
48.24
48.36
48.38
49.03
49.48
48.93
48.88
48.76
49.05
49.15
49.19
49.12
48.93
48.53
48.07
48.55
48.57
48.57
48.52
48.76
48.65
48.72
48.79
49.03
48.98
49.02
48.95
49.05
49.19
49.22
49.55
49.62
49.50
49.57
49.46
48.88
48.91
48.84
48.62
48.38
48.46
48.69
48.69
48.38
48.71
48.93
49.52
49.14
49.22
49.29
49.46
49.33
49.14
48.81
48.65
48.74
48.72
48.84
49.38
49.50
49.24
49.26
49.36
49.83
49.81
49.74
49.41
49.40
49.15
49.36
49.00
49.03
48.76
48.60
48.58
48.77
49.05
49.12
49.33
49.38
49.40
49.46
49.26
49.26
49.19
49.15
49.02
49.07
49.19
49.10
48.98
48.98
49.24
49.43
49.69
49.71
49.62
50.03
49.97
49.86
49.90
49.57
49.59
49.24
49.52
49.38
49.46
49.41
49.28
49.29
49.24
49.36
49.28
49.33
49.28
49.21
49.28
49.19
49.03
49.07
48.95
49.48
49.29
49.26
49.26
49.40
49.65
49.72
49.93
50.00
50.00
49.83
49.91
49.90
49.81
50.16
50.28
50.43
50.59
50.86
50.81
50.62
50.60
50.60
50.71
50.55
50.69
50.52
50.41
50.52
50.54
50.54
50.14
49.88
49.60
49.71
49.81
49.90
50.09
50.03
50.22
50.22
50.26
50.19
50.19
50.00
50.02
50.07
50.33
50.29
50.28
50.19
50.07
49.83
49.93
49.97
49.72
49.67
49.72
49.53
49.19
49.40
49.65
49.55
49.64
49.38
49.48
49.43
49.52
49.71
49.59
49.52
49.55
49.62
49.69
49.48
49.26
49.26
49.19
49.22
49.17
49.36
49.31
49.31
49.52
49.65
49.52
49.57
49.72
49.50
49.29
49.17
49.05
48.91
48.60
48.46
48.57
48.81
49.05
49.12
49.05
48.98
49.12
49.12
49.28
49.19
49.19
49.31
49.45
49.48
49.53
49.40
49.45
49.41
49.48
49.60
49.71
49.55
49.86
50.00
50.14
50.03
49.71
49.36
48.88
49.05
49.36
49.78
49.76
49.53
49.45
49.81
49.76
49.34
49.38
49.26
49.50
49.29
49.26
49.48
49.67
49.86
49.93
50.22
50.26
50.33
50.52
50.54
50.33
50.43
50.28
50.21
49.98
50.00
50.16
50.02
49.72
49.45
49.26
49.15
49.43
49.43
49.21
49.10
49.81
49.81
49.81
49.69
49.72
49.90
49.79
49.55
49.45
49.34
49.02
49.02
49.17
49.17
49.00
48.88
49.14
49.33
49.12
49.29
49.31
49.52
49.55
49.60
49.64
49.17
48.91
48.95
49.15
49.36
49.00
49.10
49.09
49.14
49.12
49.10
49.09
49.21
49.19
49.15
49.07
49.21
48.91
48.84
49.05
49.00
48.91
49.02
48.88
48.84
48.98
49.05
49.02
48.98
49.21
49.24
49.12
49.15
49.34
49.31
49.34
49.36
49.40
49.62
49.81
49.64
49.52
49.33
49.21
49.24
49.38
49.72
49.76
49.71
49.78
49.79
49.78
49.60
49.84
49.95
50.17
50.24
49.60
49.40
49.28
49.15
49.46
49.97
49.97
50.10
50.31
50.35
50.22
50.05
49.71
49.65
49.74
49.78
49.71
49.88
50.10
50.22
50.10
50.16
50.22
50.22
50.03
50.47
50.40
50.33
50.28
50.12
50.07
50.21
50.17
49.76
49.55
49.46
49.59
49.88
50.07
50.36
50.62
50.54
50.59
50.55
50.45
50.33
50.09
49.97
49.95
50.12
50.62
50.91
50.66
50.54
49.93
49.65
49.43
49.40
49.59
49.60
49.90
50.05
49.97
49.57
49.05
48.83
49.05
49.41
49.48
49.53
49.60
49.59
49.22
49.15
49.19
49.19
49.40
49.53
49.38
49.41
49.40
49.55
49.76
50.17
50.22
49.88
49.78
50.05
50.12
49.93
49.84
49.74
49.60
49.48
49.62
49.62
50.12
50.09
50.00
49.93
49.81
49.84
50.09
50.12
50.03
50.12
50.10
50.14
49.98
49.86
49.86
49.79
49.97
50.02
49.95
49.93
49.81
49.76
49.59
49.59
49.62
49.88
49.79
49.64
49.60
49.48
49.46
49.38
49.46
49.60
49.72
49.83
49.74
49.50
49.15
49.05
49.12
49.21
49.05
49.09
49.21
49.31
49.10
49.33
49.17
49.24
49.22
49.12
49.31
49.24
49.15
49.33
49.31
49.41
49.48
49.59
49.55
49.33
49.24
49.15
49.17
49.09
48.76
48.62
48.71
48.83
49.03
49.57
49.62
49.67
49.78
49.69
50.02
49.88
49.45
49.50
49.40
49.34
49.36
49.55
49.60
49.50
49.40
49.45
49.52
49.90
49.91
50.22
50.47
50.40
50.43
50.60
50.67
50.69
50.64
50.67
50.40
50.31
50.90
51.00
50.90
50.62
50.66
50.26
50.14
49.78
49.71
49.79
50.10
50.07
50.05
49.98
49.81
50.07
50.10
50.14
50.26
50.16
50.57
50.74
50.69
50.43
50.24
50.33
50.29
50.02
49.83
49.55
49.50
49.84
49.84
49.71
49.74
49.84
50.33
50.69
50.50
50.47
50.43
50.31
50.12
49.81
49.90
50.02
50.33
50.33
50.40
50.60
50.76
50.52
50.38
50.29
50.45
50.71
50.97
50.91
50.67
50.83
50.69
50.71
50.76
50.71
50.76
51.10
51.16
51.07
51.04
50.91
50.91
50.66
50.45
50.62
50.69
50.78
50.97
51.07
51.24
51.33
51.50
51.36
51.38
51.24
51.00
51.02
50.76
50.86
51.04
50.95
51.02
50.95
50.90
50.98
51.00
50.79
51.00
51.00
50.83
50.83
50.85
51.05
50.85
51.07
51.35
51.33
51.16
51.35
51.38
51.02
50.98
51.07
51.12
51.24
51.00
50.95
51.21
51.12
51.09
51.26
51.29
51.09
51.26
51.09
51.09
50.93
51.14
51.28
51.38
51.28
51.45
51.55
51.35
51.17
51.10
51.05
51.09
50.91
50.72
50.76
50.86
51.00
51.26
51.02
51.07
51.14
51.21
51.26
51.31
50.98
50.91
50.83
50.85
50.78
50.79
51.00
50.72
50.91
50.55
50.72
50.71
50.76
50.90
51.19
51.16
51.16
51.10
51.05
51.07
51.21
51.16
50.91
50.90
51.05
50.88
50.91
50.85
50.91
50.95
50.76
50.69
50.81
51.04
51.31
51.21
51.28
51.31
51.31
51.23
51.10
50.83
50.79
51.05
50.91
50.97
50.69
50.93
50.93
51.02
51.00
51.17
51.50
51.61
51.73
51.83
51.74
51.79
51.78
51.79
51.62
51.61
51.76
52.04
52.09
52.31
52.30
52.36
52.30
52.19
52.00
51.97
51.98
51.88
51.54
51.71
51.62
51.61
51.26
51.14
51.36
51.29
51.66
51.64
51.36
50.86
50.62
50.62
50.78
51.19
51.33
51.43
51.61
51.74
51.83
51.50
51.23
51.36
51.38
51.35
51.47
51.43
51.43
51.54
51.40
51.61
51.54
51.45
51.35
51.02
51.05
51.28
51.55
51.57
51.52
51.29
51.35
51.19
51.57
51.62
51.74
51.62
51.90
51.62
51.62
51.73
52.05
52.11
52.26
52.24
52.40
52.33
52.14
52.21
52.47
52.54
52.49
52.16
51.98
52.02
52.14
51.92
51.85
51.69
51.67
51.79
51.43
51.04
51.00
51.28
51.59
51.83
51.67
51.66
51.61
51.42
51.35
51.35
51.66
51.59
51.43
51.61
51.74
51.85
51.74
51.98
51.97
51.73
51.62
51.90
52.11
52.09
51.90
51.52
51.50
51.62
51.81
51.78
51.81
51.83
51.52
51.67
51.74
51.90
51.78
51.86
51.33
51.38
51.36
51.45
51.35
51.43
51.64
51.69
51.59
51.50
51.50
51.61
51.50
51.38
51.45
51.36
51.57
51.64
51.21
51.19
50.93
51.29
51.04
51.28
51.31
51.31
51.66
51.62
51.40
51.48
51.45
51.35
51.23
51.33
51.28
51.04
51.31
51.17
51.36
51.57
51.45
51.29
51.10
50.93
50.62
50.81
50.81
50.81
50.69
50.60
50.62
50.60
50.64
50.59
50.71
50.71
50.71
50.81
51.00
50.95
51.23
51.16
51.52
51.61
51.71
51.74
51.69
51.55
51.52
51.35
51.33
51.43
51.48
51.45
51.42
51.42
51.31
51.43
51.36
51.59
51.78
51.93
51.93
51.55
51.47
51.12
51.16
51.26
51.26
51.35
51.17
51.28
51.31
51.19
51.24
51.45
51.43
51.40
51.12
50.98
51.12
50.91
51.04
51.02
50.98
50.91
50.81
50.83
51.12
51.04
51.04
51.33
51.33
51.29
51.17
51.17
50.93
50.85
50.88
50.81
51.16
51.09
50.88
50.90
51.04
51.00
51.12
51.02
51.16
51.05
50.90
50.72
50.78
50.78
50.67
50.71
50.67
50.71
50.69
50.50
50.48
50.52
50.57
50.74
50.91
51.14
50.81
50.66
50.74
50.71
50.93
50.95
51.16
51.19
51.21
51.29
51.19
50.85
50.90
50.78
50.76
51.31
51.47
51.69
51.47
51.36
50.86
50.79
50.48
50.62
50.66
50.43
50.45
50.95
51.02
50.97
50.76
50.71
50.74
50.41
50.45
50.55
50.48
50.38
50.36
50.41
50.47
50.76
50.81
50.78
50.78
50.91
51.02
51.10
51.02
51.02
51.09
51.09
51.19
51.26
51.36
51.36
51.50
51.59
51.42
51.45
51.28
51.02
50.86
51.05
50.95
51.10
51.14
51.36
51.28
51.35
51.19
51.16
51.19
50.98
50.86
50.76
50.78
50.76
50.60
50.74
50.69
50.79
50.86
50.72
50.90
51.05
51.19
51.26
51.16
51.23
51.17
51.21
51.09
51.14
51.42
51.79
51.62
51.81
52.07
52.17
52.28
52.33
52.24
52.05
51.66
51.43
51.26
51.42
51.45
51.12
51.17
51.54
51.59
51.73
51.55
51.35
51.23
51.02
51.00
51.21
51.12
51.09
51.42
51.98
51.97
52.43
52.69
52.59
52.49
52.45
52.07
51.86
51.79
51.85
51.76
51.61
51.71
51.47
51.50
51.40
51.17
51.35
51.52
51.48
51.47
51.52
51.35
51.31
51.31
51.31
51.05
50.79
50.79
50.52
50.38
50.36
50.35
50.14
50.17
50.19
50.22
50.33
50.31
50.64
50.76
50.74
50.45
50.21
50.36
50.35
50.54
50.54
50.45
50.41
50.43
50.43
50.79
50.66
50.85
51.07
50.95
51.12
51.10
51.09
51.36
51.33
51.48
51.81
51.62
51.55
51.50
51.48
51.57
51.52
51.54
51.48
51.66
51.52
51.52
51.54
51.45
51.57
51.57
51.64
51.69
51.78
51.69
51.33
51.35
51.29
51.40
51.35
51.31
51.36
51.26
50.90
50.97
50.83
51.10
51.10
51.14
51.31
51.29
51.19
51.43
51.31
51.17
51.24
51.07
51.09
51.04
50.74
50.66
50.60
50.72
50.72
50.72
50.74
50.69
50.95
51.05
51.09
50.81
50.71
50.74
50.83
51.04
50.90
50.90
50.86
50.86
50.88
51.00
51.04
51.00
51.35
51.21
51.02
51.02
50.88
50.95
51.09
51.14
51.57
51.76
51.83
51.85
51.95
51.86
52.07
52.00
51.98
52.09
51.92
51.73
51.69
51.62
51.48
51.09
50.86
50.95
51.17
51.31
51.12
51.10
51.17
51.04
51.09
50.98
51.07
50.88
50.97
51.02
51.21
51.28
51.26
51.36
51.47
51.42
51.40
51.24
51.26
51.74
51.97
51.76
51.67
51.66
51.97
52.16
52.24
52.35
52.26
52.12
51.55
51.35
51.26
51.74
51.76
51.85
51.88
51.83
51.86
51.67
51.83
51.52
51.74
51.64
51.78
51.79
51.69
51.57
51.59
51.35
51.28
51.67
51.71
51.88
51.95
51.74
51.69
51.69
51.54
51.62
51.69
51.76
51.78
51.62
51.67
51.66
51.83
52.12
52.30
52.81
52.76
52.88
52.76
52.83
53.02
52.57
52.38
52.16
52.17
52.24
52.26
52.12
52.11
52.23
52.07
52.12
52.02
52.12
52.17
52.17
52.11
51.90
51.67
51.50
51.42
51.71
51.52
51.61
51.52
51.24
51.35
51.43
51.40
51.54
51.81
51.85
52.26
52.24
52.04
52.12
52.09
52.43
52.62
52.54
52.62
52.59
52.54
52.83
52.87
52.74
52.57
52.61
52.69
52.69
52.66
52.50
52.68
52.59
52.45
52.30
52.19
51.93
51.98
52.02
52.07
52.23
52.40
52.57
52.95
52.99
53.00
52.78
52.81
52.80
52.80
52.85
52.66
52.57
52.49
52.49
52.33
52.24
52.23
52.28
52.12
51.92
51.97
51.92
52.04
51.59
51.71
51.85
51.83
52.19
52.33
52.31
52.31
52.04
52.00
51.81
52.19
52.83
52.99
53.05
52.85
52.81
52.85
52.73
52.73
52.59
52.59
52.38
52.38
52.43
52.62
52.97
53.26
53.28
53.05
52.71
52.09
51.97
51.92
51.85
51.62
51.66
51.66
51.55
51.48
51.62
51.76
51.79
51.97
52.09
51.98
51.97
51.97
51.85
51.90
51.92
52.00
52.05
51.92
51.97
51.83
51.43
51.40
51.45
51.36
51.42
51.47
51.67
51.73
52.09
52.07
52.09
52.14
52.28
52.28
52.28
52.11
52.45
52.69
52.80
52.99
52.74
52.80
52.81
52.83
53.07
53.28
53.07
53.12
53.21
53.05
52.97
53.12
53.19
53.31
53.40
53.47
53.19
53.11
53.12
53.21
53.04
53.11
53.12
52.97
53.04
53.18
52.76
52.68
52.68
52.83
52.87
52.66
52.55
52.52
52.43
52.47
52.55
52.66
52.55
52.57
52.59
52.71
52.93
53.02
53.09
52.99
52.99
52.93
52.87
52.97
53.09
53.00
53.24
53.24
53.33
53.40
53.30
53.26
53.26
53.31
53.61
53.37
53.38
53.31
53.33
53.26
53.38
53.30
53.11
53.04
53.16
53.28
53.33
53.33
53.28
53.28
53.19
53.21
53.21
53.30
53.35
53.42
53.37
53.24
53.14
53.26
53.40
53.37
53.57
53.56
53.28
53.24
53.30
53.47
53.49
53.54
53.52
53.52
53.38
53.37
53.30
53.37
53.40
53.42
53.56
53.50
53.47
53.59
53.62
53.68
53.59
53.57
53.59
53.57
53.68
53.31
53.19
53.38
53.52
53.54
53.61
53.66
53.57
53.49
53.42
53.54
53.43
53.26
53.26
53.24
53.26
53.43
53.59
53.57
53.59
53.56
53.62
53.45
53.35
53.38
53.49
53.24
53.23
53.30
53.45
53.47
53.23
53.35
53.16
53.14
53.30
53.52
53.52
53.54
53.57
53.81
53.71
54.00
53.62
53.59
53.43
53.37
53.37
53.42
53.30
53.30
53.50
53.61
53.61
53.90
53.97
53.94
53.87
53.73
53.57
53.64
53.94
53.75
53.78
53.61
53.76
53.69
53.69
53.78
53.94
53.71
53.68
53.71
53.73
53.76
53.81
53.64
53.73
53.71
53.59
53.68
53.37
53.05
53.19
53.35
53.45
53.61
53.68
53.90
54.12
54.42
54.35
54.42
54.56
54.52
54.49
54.31
54.23
54.25
54.28
53.99
53.80
54.00
54.31
54.47
54.63
54.66
54.76
54.63
54.57
54.40
54.49
54.71
54.61
54.73
54.31
54.33
54.42
54.19
53.88
53.64
53.71
53.75
53.87
54.07
54.26
54.18
54.28
54.18
54.06
53.90
54.07
54.19
54.37
54.31
54.31
54.23
54.18
54.30
54.31
54.35
54.38
54.21
54.30
54.18
54.18
53.88
53.81
53.62
53.71
53.59
53.61
53.61
53.59
53.52
53.45
53.59
53.64
53.87
53.95
53.24
53.02
52.90
53.07
53.57
53.73
53.99
54.00
54.06
54.18
53.97
53.95
54.09
54.25
54.50
54.50
54.11
54.09
54.09
54.42
54.25
54.19
54.25
54.50
54.57
54.37
54.21
54.19
54.19
53.94
53.88
53.87
53.95
54.02
54.28
54.49
54.56
54.33
54.28
54.37
54.14
53.90
53.92
53.87
53.88
53.94
54.09
54.28
54.21
54.21
54.37
54.33
54.11
54.02
53.90
53.85
53.78
53.62
53.75
53.75
53.92
53.92
53.85
54.04
53.97
54.00
54.18
54.31
54.31
54.25
54.14
54.18
54.16
54.31
54.31
54.37
54.28
54.28
54.28
54.26
54.35
54.40
54.44
54.35
54.49
54.44
54.33
54.33
54.28
54.37
54.44
54.52
54.66
54.64
54.66
54.66
54.54
54.52
54.31
54.30
54.33
54.38
54.50
54.50
54.47
54.37
54.38
54.26
53.87
54.04
53.95
53.99
53.90
54.11
54.25
54.35
54.50
54.54
54.66
54.50
54.57
54.56
54.31
54.19
54.11
54.21
54.25
54.21
54.25
54.11
53.99
54.14
54.16
54.16
54.26
54.26
54.06
54.16
54.18
54.06
54.16
54.59
54.59
54.52
54.61
54.38
54.38
54.37
54.42
54.31
54.31
54.42
54.50
54.57
54.63
54.68
54.59
54.47
54.40
54.44
54.64
54.61
54.63
54.80
54.73
54.64
54.45
54.47
54.35
54.30
54.09
54.12
54.33
54.16
54.14
53.97
53.88
54.02
54.12
54.21
54.25
54.21
54.19
54.12
54.26
54.44
54.59
54.68
54.83
54.82
55.01
54.90
54.85
54.80
55.02
55.01
54.87
55.02
54.94
54.82
54.85
54.92
55.01
54.82
54.90
54.92
54.83
55.09
55.02
55.28
55.32
55.21
55.33
55.30
55.06
54.82
54.66
54.54
54.59
54.61
54.64
54.64
54.73
54.82
54.68
54.71
54.69
54.75
54.66
54.88
55.13
55.37
55.18
55.25
55.32
55.45
55.49
55.70
55.54
55.42
55.30
55.38
55.44
55.40
55.28
55.44
55.73
55.70
55.59
55.59
55.51
55.37
55.28
55.30
55.33
55.49
55.35
55.49
55.26
55.35
55.40
55.33
55.28
55.38
55.33
55.38
55.56
55.63
55.52
55.49
55.57
55.56
55.47
55.59
55.64
55.82
55.97
55.75
55.68
55.76
55.80
55.92
56.11
56.39
56.37
56.33
56.27
56.08
55.82
55.54
55.49
55.44
55.40
55.89
55.76
55.75
55.76
55.85
55.73
55.70
55.83
56.01
55.97
56.09
56.02
56.14
56.06
56.01
55.90
55.87
55.92
55.99
55.78
55.51
55.33
55.38
55.57
55.57
55.63
55.54
55.45
55.42
55.66
55.94
55.76
55.82
55.90
55.92
55.71
55.47
55.28
55.38
55.23
55.20
55.26
55.23
55.20
54.95
54.82
54.59
54.92
54.75
55.06
55.20
55.26
55.35
55.16
55.25
55.30
55.38
55.38
55.02
55.26
55.45
55.33
55.32
55.40
55.14
54.97
55.01
55.11
55.14
55.32
55.64
55.85
56.11
56.02
55.92
55.90
55.99
56.04
56.02
56.06
56.11
56.27
56.35
56.47
56.61
56.52
56.28
56.33
56.45
56.45
56.45
56.20
56.13
56.25
56.23
56.21
55.89
55.80
55.33
55.37
55.66
56.01
56.09
56.16
56.16
56.21
55.75
55.35
55.32
55.54
55.73
55.68
55.56
55.63
55.64
55.59
55.63
55.59
55.57
55.71
56.16
56.06
55.95
55.80
55.85
55.70
55.82
55.82
56.01
55.97
55.68
55.70
55.71
55.57
55.56
55.54
55.64
55.51
55.37
55.42
55.56
55.64
55.83
55.80
55.71
56.02
56.21
56.18
56.02
55.87
55.94
55.95
55.95
56.14
56.33
56.49
56.33
56.23
56.30
56.21
56.21
55.97
55.89
56.08
56.04
56.20
56.39
56.33
56.32
56.08
56.09
55.92
55.80
55.70
55.70
55.85
55.73
55.64
55.49
55.33
55.21
55.09
55.01
55.33
55.44
55.38
55.52
55.44
55.33
55.40
55.59
55.63
55.76
55.71
55.85
55.97
56.06
56.02
55.92
55.82
55.95
56.11
56.04
56.11
56.08
55.87
55.66
55.63
55.52
55.47
55.40
55.44
55.73
56.04
56.01
56.01
56.01
55.92
55.78
55.83
56.13
56.20
56.16
56.18
56.13
56.08
56.02
56.08
56.14
56.23
56.30
56.25
56.44
56.49
56.59
56.37
56.30
56.30
56.37
56.44
56.37
56.13
55.94
55.73
55.33
55.07
54.85
54.90
55.14
55.30
55.33
55.45
55.49
55.64
55.54
55.44
55.52
55.49
55.66
55.83
56.21
56.35
56.66
56.59
56.59
56.52
56.49
56.49
56.52
56.61
56.61
56.63
56.56
56.68
56.71
56.59
56.61
56.66
56.92
56.99
57.01
57.13
57.20
56.99
57.23
57.08
56.75
56.94
56.68
56.75
56.75
56.66
56.63
56.68
56.68
56.77
56.89
56.89
56.56
56.61
56.58
56.75
56.71
56.45
56.56
56.52
56.33
56.13
55.97
55.94
56.16
56.20
56.18
56.08
56.25
56.28
56.30
55.99
56.23
56.11
56.09
56.09
56.20
56.20
56.14
56.25
56.30
56.23
56.58
56.52
56.54
56.51
56.61
56.56
56.61
56.47
56.47
56.32
56.40
56.39
56.35
56.44
56.73
56.63
56.68
56.70
56.73
56.71
56.85
56.89
56.89
56.77
56.77
56.94
57.04
57.16
57.09
57.06
56.99
56.99
56.73
56.83
56.97
56.97
56.77
56.70
56.54
56.56
56.64
56.59
56.58
56.52
56.64
56.58
56.77
56.75
56.73
56.89
56.89
56.87
56.94
57.02
57.09
57.23
57.21
57.20
57.23
57.16
57.23
57.11
57.16
57.27
57.40
57.34
57.32
57.37
57.23
57.34
57.13
57.27
57.46
57.46
57.18
56.96
56.73
56.58
56.49
56.85
56.78
56.54
56.45
56.52
56.32
56.47
56.58
56.51
56.59
56.61
56.75
56.70
56.61
56.59
56.64
56.66
56.49
56.44
56.30
56.08
56.08
56.13
56.33
56.42
56.49
56.28
56.30
56.30
56.09
56.04
55.83
55.61
55.76
55.63
55.75
55.82
55.85
56.02
56.16
56.28
56.13
56.23
56.08
56.23
56.25
56.02
56.04
55.94
56.08
55.87
55.76
55.70
55.75
55.87
55.87
55.87
55.92
55.94
55.66
55.57
55.54
55.40
55.38
55.54
55.90
55.95
56.08
56.27
56.37
56.30
56.21
56.20
56.30
56.42
56.61
56.42
56.27
56.06
56.25
56.06
56.02
56.14
56.14
56.37
56.42
56.40
56.64
56.75
56.71
56.85
56.82
56.77
56.71
56.66
56.64
56.70
56.56
56.56
56.85
57.01
57.21
57.13
56.94
57.16
57.34
57.46
57.27
56.99
56.90
56.96
56.83
56.92
56.83
56.87
56.94
57.11
57.06
56.99
56.90
56.58
56.25
56.23
56.23
56.30
56.83
56.75
56.61
56.49
56.64
56.49
56.64
56.68
56.75
56.68
56.68
56.52
56.40
56.30
56.35
56.54
56.73
56.82
56.82
56.89
56.94
56.83
56.99
56.87
57.04
57.06
57.08
57.25
57.23
57.27
57.13
57.02
57.01
57.02
57.01
56.54
56.37
56.27
56.25
56.40
56.11
56.32
56.45
56.21
56.18
56.27
56.54
56.35
56.35
56.63
56.47
56.40
56.42
56.47
56.51
56.44
56.51
56.16
56.04
56.06
55.99
56.13
56.21
56.23
56.21
56.01
56.16
56.25
56.45
56.16
56.08
56.11
56.27
56.18
56.06
55.89
55.70
55.76
55.71
55.57
55.68
55.75
55.63
55.75
55.80
55.87
55.97
55.89
56.16
56.06
55.94
55.85
55.70
55.71
55.54
55.61
55.70
55.76
55.78
56.23
56.20
56.06
56.14
56.23
56.47
56.70
56.77
56.56
56.11
56.30
56.44
56.51
56.64
56.58
56.78
56.77
56.82
56.66
56.70
56.47
56.59
56.68
56.45
56.39
56.23
56.04
56.06
56.27
56.20
56.23
56.27
56.47
56.71
56.66
56.40
56.35
56.87
56.94
56.82
56.75
56.49
56.32
55.85
55.83
56.02
56.04
56.13
56.27
56.14
55.76
55.64
55.47
55.61
55.68
55.83
55.85
56.01
56.25
56.47
56.44
56.51
56.44
56.23
56.42
56.35
56.33
56.30
56.35
56.11
56.18
56.33
56.30
56.11
56.20
55.95
55.94
56.39
56.56
56.78
57.06
57.23
57.44
57.28
57.11
57.16
57.58
57.70
57.80
57.63
57.49
57.32
57.34
57.30
57.23
57.16
57.08
57.02
57.09
57.11
57.28
57.18
57.21
56.94
57.27
57.28
57.42
57.47
57.59
57.66
57.77
57.66
57.63
57.46
57.27
57.13
57.08
56.97
56.90
56.77
56.59
56.45
56.52
56.52
56.82
56.73
56.90
56.77
57.06
57.21
57.58
57.40
57.16
57.13
56.96
57.11
57.40
57.39
57.54
57.58
57.59
57.44
57.16
56.94
56.54
56.54
56.35
56.13
56.20
56.18
56.02
56.04
56.35
56.45
56.27
56.21
56.35
56.39
56.52
56.70
56.90
57.08
57.21
57.23
57.34
57.44
57.44
57.73
57.56
57.25
57.20
57.18
57.35
57.49
57.46
57.39
57.49
57.39
57.51
57.37
57.44
57.44
57.56
57.58
57.71
57.75
57.61
57.56
57.65
57.75
57.82
57.78
57.59
57.40
57.18
57.30
57.11
57.01
56.87
56.77
56.73
56.92
57.04
57.09
57.35
57.23
57.20
57.15
57.08
57.15
57.18
57.28
57.40
57.54
57.53
57.28
56.99
56.89
56.71
56.70
57.02
57.25
57.15
57.11
57.02
56.94
56.97
56.92
56.96
56.92
57.15
57.34
57.39
57.46
57.46
57.46
57.35
57.02
56.83
56.82
57.02
56.78
56.78
56.32
56.02
56.14
