0.52
0.52
0.52
0.52
0.52
0.52
0.52
0.52
0.69
0.95
1.02
1.28
1.47
1.47
1.48
1.52
1.67
1.74
1.88
2.00
2.17
2.24
2.45
2.76
3.21
3.59
3.92
4.37
4.47
4.82
4.82
5.21
5.38
5.61
5.80
5.90
6.02
6.21
6.42
6.47
6.66
6.75
6.87
7.01
6.99
7.06
7.13
7.20
7.18
7.23
7.34
7.42
7.40
7.58
7.71
8.06
8.46
8.63
8.68
8.70
8.78
8.99
8.99
9.08
9.37
9.46
9.63
9.72
9.86
9.87
10.01
10.10
10.18
10.20
10.25
10.41
10.48
10.42
10.77
10.77
10.93
11.05
11.22
11.20
11.25
11.20
11.22
11.13
11.05
10.87
10.68
10.79
10.80
10.80
10.72
10.70
10.82
10.87
10.96
10.93
10.89
11.08
11.20
11.24
11.30
11.10
10.98
11.13
11.11
11.22
11.41
11.68
11.74
11.87
11.84
11.91
12.03
12.39
12.39
12.56
12.39
12.32
12.50
12.74
12.84
12.91
13.13
13.43
13.50
13.70
13.81
13.82
13.58
13.76
13.88
13.70
13.57
13.53
13.44
13.39
13.31
13.32
13.51
13.50
13.63
13.76
13.86
13.96
14.05
14.27
14.29
14.41
14.52
14.83
15.07
15.14
15.03
15.07
15.05
15.00
15.00
15.00
15.02
15.14
15.12
15.07
15.08
15.03
15.27
15.24
15.29
15.36
15.43
15.36
15.43
15.57
15.62
15.62
15.55
15.46
15.67
15.64
15.79
15.77
16.07
16.09
16.02
15.93
15.96
15.95
15.93
15.86
15.86
15.72
15.62
15.62
15.69
15.74
15.93
15.98
16.03
16.10
15.84
15.76
15.77
15.91
16.00
16.45
16.83
17.19
17.45
17.55
17.45
17.45
17.38
17.36
17.54
17.66
17.62
17.67
17.81
17.86
17.76
17.62
17.52
17.28
17.19
17.03
17.40
17.54
17.38
17.47
17.86
18.07
18.04
18.00
18.09
18.09
18.17
18.19
18.26
18.24
18.47
18.50
18.59
18.69
18.67
18.62
18.62
18.45
18.90
18.90
19.04
18.93
18.95
19.07
19.18
19.40
19.49
19.40
19.28
19.33
19.42
19.57
19.47
19.50
19.54
19.59
19.49
19.62
19.85
20.02
20.09
20.45
20.33
20.12
20.11
20.12
20.07
20.04
20.14
20.45
20.38
20.28
20.23
20.26
20.45
20.61
20.68
20.75
20.78
20.95
21.14
21.14
21.21
21.23
21.21
21.13
21.02
21.16
20.94
20.81
20.92
21.00
21.07
21.35
21.47
21.64
21.61
21.66
21.82
22.07
21.78
21.83
21.87
21.85
21.99
22.13
22.32
22.63
22.25
22.13
22.23
22.40
22.58
22.64
22.68
22.58
22.64
22.49
22.37
22.52
22.52
22.28
22.21
22.06
22.23
22.32
22.32
22.33
22.75
22.66
22.83
23.04
23.14
23.25
23.54
23.92
23.87
23.87
23.70
23.68
23.58
23.18
23.27
23.37
23.40
23.39
23.51
23.44
23.49
23.28
23.35
23.20
23.32
23.54
23.65
23.71
23.54
23.66
23.92
23.82
24.08
24.15
23.99
24.01
23.80
23.70
23.87
23.96
23.96
24.13
24.15
24.32
24.32
24.15
24.53
24.61
24.78
24.91
24.87
24.89
25.08
24.85
24.70
24.44
24.54
24.51
24.58
24.27
24.18
24.11
24.11
24.58
24.94
24.97
25.04
25.22
25.08
25.28
25.30
25.47
25.61
25.32
25.13
25.23
25.28
25.65
25.89
25.96
25.84
25.66
25.72
26.01
26.10
26.10
26.16
26.03
25.61
25.92
25.94
25.84
26.11
26.37
26.30
26.41
26.20
25.96
25.72
25.96
26.10
25.94
26.29
26.49
26.51
26.37
26.10
26.10
26.16
27.20
27.22
27.18
27.32
27.29
27.36
27.39
27.10
27.11
27.39
27.58
27.48
27.72
27.77
27.89
27.89
28.05
27.98
27.99
28.08
27.93
27.75
27.79
27.65
27.65
27.58
27.44
27.15
27.13
27.15
27.24
27.49
27.55
27.42
27.48
27.34
27.44
27.68
28.05
28.03
28.01
27.75
27.72
27.75
27.84
28.05
28.22
28.46
28.44
28.20
28.37
28.25
28.31
28.55
28.24
27.98
27.60
28.06
28.37
28.25
28.12
27.86
27.94
28.17
28.29
28.53
27.96
27.60
27.91
27.75
27.99
27.82
27.98
28.17
28.34
28.67
28.56
28.53
28.62
28.65
28.34
28.15
28.58
29.20
29.29
29.15
29.24
29.05
29.31
29.13
29.05
28.94
28.87
29.39
29.13
29.10
29.32
29.19
30.01
29.72
29.89
29.82
29.55
29.53
29.50
29.48
29.57
29.27
28.96
29.43
29.22
29.67
29.67
29.27
28.98
29.12
29.39
29.44
29.70
29.50
29.48
29.24
29.51
29.24
29.05
29.08
29.32
29.15
29.36
29.72
29.67
29.58
29.43
29.72
29.94
29.93
29.77
29.75
30.03
30.12
30.46
30.58
30.65
30.69
30.51
30.74
30.67
30.39
29.93
30.07
30.20
30.12
30.31
30.53
30.45
30.81
30.65
30.65
30.46
30.45
30.72
30.67
30.77
31.03
31.50
31.69
31.53
30.32
30.79
30.77
31.24
31.36
31.33
30.86
31.52
31.79
31.26
30.98
31.12
31.01
30.88
30.62
31.10
31.31
31.20
31.38
31.57
31.12
30.62
30.64
30.91
31.03
31.19
31.29
31.50
31.36
31.33
31.46
30.10
30.81
30.62
30.69
30.32
30.03
30.24
30.62
30.43
30.34
30.48
31.03
31.20
31.36
31.38
31.24
30.91
30.81
30.81
30.08
30.07
30.45
30.58
31.48
31.22
30.84
31.08
31.60
31.60
30.82
31.07
31.10
31.46
31.27
31.41
31.81
31.57
31.24
30.74
31.43
31.43
31.03
31.05
30.91
30.93
31.33
31.29
30.88
30.67
31.14
30.96
31.01
31.14
31.22
30.41
30.53
31.39
31.22
31.07
30.86
30.98
30.64
31.26
31.65
31.43
31.83
32.08
31.64
31.96
32.62
32.95
33.17
33.10
32.84
32.84
32.69
33.07
32.57
33.02
32.45
32.84
32.98
32.57
31.81
32.07
32.45
32.26
32.38
32.36
32.64
32.26
32.08
31.95
32.24
32.27
31.96
32.29
32.46
32.74
32.71
32.14
32.22
32.14
32.43
32.79
32.38
32.40
32.24
32.71
32.90
32.81
32.38
32.26
32.00
32.12
32.60
32.40
32.21
32.60
32.86
32.76
32.50
32.41
32.38
31.98
32.78
33.14
33.40
32.67
32.69
32.71
32.78
32.81
32.71
32.64
32.78
32.72
32.55
32.31
32.43
32.57
33.03
33.48
33.24
32.60
32.53
32.55
32.95
32.78
32.79
32.64
32.91
33.12
33.33
33.53
33.74
33.78
33.41
33.29
33.10
33.62
33.76
33.97
33.79
33.19
32.10
32.19
32.03
32.41
32.83
32.91
33.72
33.40
33.36
33.72
34.48
34.36
34.57
34.40
34.04
34.12
33.90
33.97
34.12
33.53
33.90
34.21
34.23
34.23
34.60
34.33
34.50
34.47
34.50
34.57
34.88
35.09
35.19
34.47
34.10
33.86
34.24
34.48
34.67
34.43
34.50
34.14
33.95
34.48
34.48
34.14
33.85
33.95
33.88
33.66
33.41
33.76
34.10
33.93
34.19
34.57
34.07
34.19
33.57
33.21
33.57
32.46
32.93
33.47
33.59
33.53
33.12
33.33
33.52
33.41
33.34
33.48
33.41
33.60
33.76
33.66
33.76
34.29
34.31
33.88
33.91
33.83
34.33
34.62
34.55
35.00
33.69
33.86
34.10
34.41
34.79
34.16
33.95
34.38
34.45
34.09
33.67
33.55
33.24
33.79
33.95
34.04
33.55
33.95
33.74
34.24
34.35
33.71
33.72
33.71
33.78
34.10
34.05
33.41
33.72
34.05
33.76
33.57
33.93
33.98
33.76
33.55
33.50
33.34
32.05
33.55
33.95
33.71
33.76
34.23
33.91
33.95
34.23
34.59
34.81
34.92
34.97
35.04
34.85
34.59
34.29
34.17
34.26
33.34
34.05
34.00
34.14
34.38
34.88
35.05
34.90
35.11
35.21
35.17
35.92
35.69
35.40
34.76
35.62
35.73
35.50
35.45
35.45
33.90
33.74
34.23
34.29
35.00
33.74
34.81
34.36
34.31
34.48
34.31
34.43
34.48
34.92
35.30
35.45
35.57
35.05
35.52
35.69
35.67
35.50
34.95
34.92
34.36
34.64
34.85
34.92
35.16
34.55
35.09
34.73
34.24
34.23
34.66
34.64
35.04
35.14
35.12
35.47
35.88
36.07
36.05
36.26
36.16
36.49
35.97
36.16
35.93
35.52
36.09
35.88
35.40
35.59
35.23
34.95
35.40
35.47
35.81
35.93
36.33
36.24
36.04
36.73
36.24
35.95
36.26
36.61
36.54
36.33
36.24
36.35
36.69
36.71
37.04
37.04
37.06
36.71
36.76
36.85
37.37
37.18
36.88
36.78
36.85
36.61
36.56
36.26
36.47
36.50
36.21
36.49
36.52
36.49
36.35
36.37
36.05
35.61
35.95
36.07
35.95
35.85
35.21
35.74
36.23
35.93
35.48
35.71
35.66
35.95
35.86
35.80
35.76
35.81
35.47
35.35
35.50
35.05
35.43
34.81
34.79
35.40
35.95
36.05
35.83
36.04
35.97
35.40
35.45
35.50
35.83
35.52
35.16
35.38
35.14
35.47
35.11
35.52
35.54
35.38
35.61
35.45
35.73
35.47
35.62
35.99
35.95
35.83
35.92
35.67
35.48
35.61
35.95
36.31
36.37
36.31
36.61
36.14
36.38
36.43
35.85
35.74
35.83
35.62
36.16
36.57
36.45
35.95
36.07
36.43
36.83
36.93
36.78
36.62
36.47
36.47
36.43
36.57
36.47
36.49
36.45
36.31
36.45
36.43
36.49
36.24
35.71
35.99
36.40
36.64
36.30
36.07
36.07
36.43
36.09
36.37
36.85
36.42
37.18
36.92
36.71
37.09
37.28
36.92
37.33
37.30
37.25
36.83
36.68
36.74
37.14
36.88
36.23
35.74
35.66
35.90
35.97
35.93
36.11
35.85
35.74
36.05
36.00
36.12
36.42
36.49
36.59
36.33
36.31
36.74
36.81
36.81
36.97
37.07
37.00
36.90
37.06
37.23
37.25
37.40
37.12
37.37
37.31
37.23
37.63
37.99
37.88
37.92
38.06
37.71
38.07
37.71
37.61
37.61
37.56
38.33
38.14
38.30
38.56
38.75
38.44
38.47
38.68
38.52
38.19
38.28
38.54
38.64
38.42
38.82
38.63
38.35
38.33
38.21
38.26
38.11
37.92
38.18
38.54
38.57
39.28
39.25
39.20
39.23
38.82
38.78
38.61
38.80
38.68
38.78
38.97
38.90
38.80
38.68
39.01
38.80
38.51
38.89
38.70
38.44
38.87
39.04
38.14
38.87
38.52
38.21
37.94
38.19
38.00
37.40
37.61
38.14
37.95
37.61
37.90
38.18
38.16
37.57
37.69
37.23
37.45
38.06
37.80
37.54
37.87
38.33
37.83
37.38
37.59
38.09
38.09
38.33
38.38
38.42
38.42
38.52
38.42
38.56
38.30
38.23
37.76
37.63
38.21
38.16
37.75
38.32
38.04
38.30
38.19
38.28
38.85
38.63
38.37
38.61
38.78
38.80
39.42
39.28
38.97
38.47
38.35
38.35
38.75
39.44
39.39
39.63
39.85
39.25
39.16
39.04
39.47
39.20
39.64
39.77
38.76
38.37
38.71
38.78
39.35
39.52
39.68
39.66
39.07
39.16
39.09
39.20
39.14
39.33
38.95
38.94
39.33
39.21
39.52
39.42
39.11
38.89
39.02
39.33
39.58
39.40
39.47
39.47
39.54
39.58
39.61
39.58
39.64
39.71
39.75
39.80
39.75
40.16
39.78
39.85
40.14
40.04
39.87
39.83
39.52
39.87
39.42
40.02
40.04
40.09
39.78
39.75
39.73
39.54
39.28
39.21
39.37
39.82
40.13
39.99
40.18
40.20
40.37
40.75
40.59
40.09
40.09
39.96
39.73
40.28
40.51
40.71
40.68
40.89
41.09
41.40
41.44
41.63
41.42
41.54
41.47
41.53
41.56
41.85
41.92
40.99
40.96
40.35
40.25
40.49
40.82
41.16
40.58
40.89
41.01
40.89
41.09
40.80
40.33
39.73
39.64
39.49
40.08
39.97
39.85
39.66
39.32
39.61
39.25
39.30
39.28
39.20
39.40
39.32
39.47
39.39
39.45
39.61
39.33
39.44
39.66
39.42
39.18
39.37
39.30
40.01
40.39
40.46
40.54
40.46
40.37
40.27
40.37
40.75
41.27
41.32
41.40
40.94
40.61
40.96
40.40
40.33
40.71
40.92
40.90
41.13
41.11
41.63
41.84
41.25
41.04
41.22
41.20
41.35
41.34
40.99
40.96
40.71
40.71
40.46
40.65
40.96
41.13
41.01
40.94
40.89
41.11
41.63
41.37
41.53
41.56
41.89
42.06
42.27
41.59
41.91
41.85
41.73
40.96
41.08
41.16
40.87
41.22
41.28
41.59
41.44
41.65
41.68
41.65
41.44
41.18
40.94
41.13
41.20
41.04
41.16
41.01
41.30
40.82
41.03
40.89
40.73
40.59
40.90
40.80
40.77
40.30
40.87
40.82
40.73
40.46
40.84
40.40
40.84
40.82
40.89
40.25
40.16
40.25
40.54
40.99
41.11
41.30
41.47
41.30
41.25
41.03
41.23
41.18
41.20
41.56
41.68
42.10
41.92
41.85
41.91
42.08
41.92
42.11
41.87
41.39
40.84
41.08
41.77
42.10
41.97
42.06
41.82
42.01
42.25
42.06
42.15
42.30
42.63
42.87
42.73
42.72
42.80
42.70
42.87
42.66
42.44
42.73
42.53
42.56
42.84
42.94
42.80
42.94
43.11
43.15
42.98
42.84
42.60
42.84
42.63
42.60
42.41
42.06
42.56
42.63
42.01
42.37
41.78
41.96
41.92
41.46
41.84
42.18
41.85
41.65
41.84
41.87
42.11
42.16
41.85
41.87
41.94
41.91
41.94
41.82
41.78
41.78
42.10
42.44
42.39
42.58
42.46
42.35
41.92
41.97
42.08
41.87
41.65
41.47
41.70
41.73
41.82
41.77
42.10
42.11
42.27
42.22
42.23
42.37
42.41
41.82
41.72
41.66
41.89
41.63
41.85
42.23
42.03
42.49
42.77
42.18
42.27
42.32
42.08
42.03
41.44
40.96
41.25
41.59
41.15
41.32
41.42
41.49
41.89
42.16
42.37
42.51
42.46
42.35
42.60
42.63
42.61
42.94
43.01
42.79
42.96
43.06
42.61
42.94
42.92
42.80
42.70
42.53
42.94
42.77
42.73
42.41
42.82
42.72
42.53
42.60
42.49
42.61
42.75
42.92
43.06
42.60
42.87
42.91
43.15
42.99
42.75
42.29
42.73
42.65
42.87
43.08
42.84
42.56
42.20
42.91
43.01
42.84
42.73
42.66
42.34
42.46
42.84
43.01
43.04
42.99
42.80
42.70
42.91
42.98
43.27
43.34
42.77
42.77
43.13
43.32
43.22
43.01
43.70
43.72
43.87
43.61
43.58
43.75
43.61
43.42
43.22
43.27
43.39
43.58
43.15
43.44
43.70
43.80
43.44
43.49
43.51
43.46
43.65
43.72
44.10
44.01
43.55
43.61
44.06
43.87
43.91
44.05
43.99
44.18
44.27
44.22
44.34
44.60
44.36
44.32
44.15
43.44
43.61
43.67
43.73
43.96
43.82
43.41
43.27
43.06
42.87
43.04
43.18
43.03
43.46
43.34
43.41
43.87
44.11
44.34
44.68
44.94
44.75
44.49
44.51
45.06
45.08
44.91
44.68
44.60
44.87
44.62
44.15
44.46
44.58
44.24
44.24
44.37
44.30
44.25
43.94
43.60
43.67
43.82
44.20
44.51
44.56
44.36
44.32
44.44
44.06
43.98
43.92
44.13
44.75
44.68
44.82
44.63
44.46
44.24
44.01
44.03
43.99
43.68
43.53
43.44
43.49
43.17
43.63
43.63
43.63
43.87
43.94
44.05
43.96
43.94
43.84
44.01
44.46
44.62
44.06
44.29
44.06
44.03
44.46
44.58
44.75
44.72
44.51
44.51
44.82
44.80
44.79
44.68
44.49
44.62
44.75
44.93
44.41
44.41
44.34
44.24
44.25
44.25
44.32
44.39
44.44
44.82
44.91
44.82
44.56
44.74
44.79
44.84
44.94
45.17
45.05
44.99
45.27
45.08
44.63
44.67
44.58
44.74
44.79
44.79
45.10
45.22
44.93
45.03
45.13
45.27
45.08
45.10
45.36
45.13
44.46
44.48
44.82
45.31
45.53
45.51
45.46
45.62
45.53
45.36
44.94
45.50
45.74
45.34
44.86
45.05
44.53
44.55
44.37
44.58
44.63
44.72
44.72
45.01
44.70
45.37
45.32
45.12
45.48
44.75
44.62
44.44
44.34
44.34
44.41
44.55
44.39
44.70
44.77
45.10
45.06
45.15
44.91
44.96
44.82
44.91
45.01
44.99
44.80
44.49
44.32
44.46
44.44
44.48
44.65
44.63
45.05
44.98
45.13
45.39
45.65
45.56
45.08
44.70
44.87
44.96
45.17
45.17
44.84
44.37
43.96
44.34
44.46
44.46
44.77
45.03
44.91
44.91
44.87
44.68
44.67
44.27
45.10
44.44
44.11
43.96
44.39
44.82
44.91
44.87
44.65
44.94
44.80
44.63
44.79
45.01
45.50
45.65
45.79
45.75
45.75
45.65
45.82
46.03
46.24
46.27
45.94
45.96
45.81
45.46
45.60
45.53
45.86
45.81
46.08
46.10
46.19
46.17
46.22
46.25
46.31
46.31
46.17
46.10
46.24
46.41
46.39
46.25
46.48
46.48
46.27
46.20
46.39
46.05
45.82
46.01
46.08
46.15
46.32
46.39
46.84
46.46
46.32
46.91
46.89
46.58
46.38
46.25
46.24
45.94
46.41
46.25
46.50
46.60
46.53
46.48
46.43
46.46
46.60
46.46
46.46
46.70
46.88
46.69
46.62
46.86
46.98
47.19
47.07
47.13
47.24
46.93
47.05
47.17
46.67
46.89
46.89
46.89
47.08
47.08
47.26
47.41
47.27
47.36
47.48
46.89
46.70
47.12
47.03
47.29
47.31
47.22
46.81
46.84
47.10
47.29
46.88
46.96
47.15
47.13
47.22
47.46
47.27
47.50
47.60
47.41
47.36
47.12
47.29
47.31
46.86
46.95
46.65
46.20
46.25
46.43
46.65
46.81
46.98
47.05
47.27
47.17
47.38
47.31
47.57
47.72
47.45
47.64
47.64
47.81
47.79
48.03
48.03
47.91
48.08
48.21
48.17
47.77
47.48
47.89
47.96
48.05
48.22
48.05
48.03
48.08
48.00
47.70
47.81
48.21
48.15
48.15
47.98
47.98
47.91
47.67
47.88
47.57
47.55
47.51
47.69
47.60
47.76
47.60
47.50
47.81
48.00
47.89
48.14
48.22
47.81
47.79
47.88
47.88
48.07
48.12
48.31
48.31
48.19
48.64
48.41
48.60
48.90
48.65
48.14
47.98
48.33
48.24
48.38
48.43
48.34
48.46
48.21
48.07
47.98
48.15
47.67
47.70
47.69
48.02
47.77
47.45
47.22
46.95
47.05
47.00
47.13
47.31
47.69
47.93
48.03
48.05
47.67
47.36
47.77
47.89
47.43
47.19
47.51
47.57
47.65
47.34
47.39
47.20
47.13
46.96
47.38
47.50
47.70
47.77
47.36
47.53
47.51
47.48
47.60
47.88
47.93
48.19
48.34
48.08
48.24
48.45
48.34
48.15
48.39
48.24
48.45
48.22
48.24
48.53
48.74
48.53
48.69
48.67
48.74
48.71
49.28
48.95
48.22
48.31
48.71
48.31
48.52
48.71
48.62
48.45
48.34
48.77
48.12
48.05
48.17
48.21
47.89
47.88
48.19
48.19
48.15
48.14
48.29
48.22
48.26
48.24
48.02
48.53
48.65
48.65
48.53
48.48
48.83
48.88
49.03
48.96
49.41
49.10
48.86
48.81
48.76
48.69
48.96
48.79
48.81
48.72
48.67
48.45
48.64
48.33
48.27
48.19
48.07
48.27
48.50
48.46
48.52
48.62
49.07
48.79
49.12
49.00
49.14
49.07
48.72
49.10
48.98
48.88
48.77
48.62
48.55
48.58
48.45
48.31
48.15
48.74
48.64
48.71
48.36
48.29
48.05
48.17
48.12
48.12
48.14
47.83
47.84
48.95
48.95
48.65
48.91
48.74
49.22
48.95
49.55
49.79
49.26
49.33
49.10
48.98
49.21
49.38
49.53
49.21
49.22
49.28
49.34
49.12
49.03
48.77
48.74
48.84
49.09
49.55
49.19
48.83
48.52
48.46
48.74
48.95
49.15
48.93
49.02
48.64
48.26
48.41
48.57
48.50
48.15
47.95
48.50
48.38
48.38
48.07
47.34
46.72
46.93
47.15
47.48
47.48
47.38
47.12
46.55
47.07
46.79
47.12
46.98
47.12
46.70
46.72
46.62
46.96
46.77
46.91
47.07
47.46
47.60
47.88
47.83
47.86
48.24
47.86
47.81
47.72
47.81
47.89
47.86
48.33
48.27
48.03
48.21
48.36
48.38
48.24
47.95
48.27
48.22
48.33
48.26
48.31
48.02
47.88
47.77
47.60
47.93
48.10
47.93
47.86
47.93
48.39
48.58
48.60
48.90
48.74
48.57
48.72
48.69
48.67
48.79
48.88
48.62
48.41
49.10
49.45
49.10
48.53
48.03
47.96
48.41
48.90
49.05
48.65
48.76
48.96
48.72
49.10
49.33
49.64
49.12
49.10
48.88
48.81
48.93
48.77
48.60
48.81
48.91
48.77
48.76
48.81
48.46
48.62
48.79
48.74
49.00
49.07
49.02
48.93
49.26
49.38
49.41
49.40
49.34
48.96
49.05
49.15
48.79
48.62
48.60
48.72
48.69
48.45
48.15
48.15
48.36
48.57
48.52
48.34
48.22
48.79
49.14
48.98
49.17
49.15
49.31
49.34
49.43
49.21
49.26
49.33
49.60
49.19
49.17
48.76
48.72
48.95
49.02
49.07
49.17
48.46
48.57
48.43
48.46
48.17
48.17
47.89
48.05
47.89
48.21
48.43
48.46
48.10
48.26
48.50
48.45
48.57
48.36
48.53
48.62
48.46
48.64
48.95
48.88
49.10
49.03
49.03
49.29
49.62
49.33
49.17
48.95
49.19
49.45
49.52
49.72
49.62
49.67
50.05
50.16
50.05
50.24
50.52
50.14
50.09
50.14
50.17
50.24
50.16
49.98
50.22
50.22
50.38
50.47
50.72
50.57
50.60
50.66
50.57
50.76
50.60
50.35
50.28
50.29
49.90
49.67
49.67
49.60
49.60
49.28
49.26
49.29
49.21
49.36
49.38
49.40
49.69
49.81
49.84
49.86
49.53
49.26
49.00
48.90
49.19
49.60
50.00
49.97
49.91
49.45
49.07
49.05
49.14
49.19
49.21
48.72
48.50
48.81
48.81
48.67
49.29
49.29
49.55
49.45
49.59
49.45
49.78
49.95
49.59
49.38
49.22
49.12
48.88
48.67
48.95
48.64
48.67
48.95
49.07
49.26
49.34
49.24
49.28
49.33
49.28
48.91
49.22
49.22
49.41
49.34
49.14
49.24
49.36
49.40
49.36
48.88
48.33
48.69
48.69
48.90
48.96
48.91
49.21
49.28
49.07
49.05
49.17
48.88
48.91
48.84
48.77
48.88
48.91
48.83
48.71
48.60
48.67
48.62
48.29
48.12
48.55
48.50
48.46
48.52
48.79
49.07
49.21
49.28
49.55
49.36
49.15
49.24
49.31
49.28
49.24
49.33
49.59
49.65
49.41
49.10
49.02
49.03
49.03
49.40
49.31
49.45
49.53
49.31
49.19
49.07
49.38
49.52
49.29
49.05
49.14
48.88
48.95
49.41
49.22
49.31
49.67
49.81
49.91
49.71
49.67
49.53
49.57
49.62
49.62
49.71
49.88
50.28
50.31
49.59
49.17
48.95
49.28
49.50
49.59
49.60
49.53
49.40
49.55
49.78
49.81
49.86
49.91
49.88
50.02
49.84
49.57
49.62
49.55
49.67
49.78
49.67
49.41
49.28
49.45
49.55
49.46
49.28
49.36
49.09
49.22
49.40
49.48
49.36
49.29
49.17
49.40
49.69
49.14
48.71
48.64
48.96
48.90
48.77
48.96
49.26
49.48
49.31
48.69
48.14
48.45
48.31
48.58
48.91
49.21
49.46
49.64
49.46
49.03
49.00
49.03
49.09
49.07
49.71
49.59
49.60
49.57
49.67
49.76
49.64
49.45
49.50
49.81
49.74
49.95
50.07
49.64
49.69
49.93
50.07
50.21
50.10
49.98
49.60
49.52
49.34
49.45
49.64
49.57
49.86
49.55
49.76
50.02
50.41
50.02
49.98
49.83
49.48
49.38
49.24
49.57
48.95
49.02
49.21
49.72
49.74
49.93
49.64
49.71
49.95
50.28
50.07
49.84
49.79
49.69
49.62
49.97
50.21
50.33
50.33
50.12
50.07
49.97
49.97
49.98
50.07
49.86
49.52
49.34
49.64
49.55
49.67
49.69
49.59
49.40
49.40
49.46
49.40
49.21
49.05
49.00
49.31
49.43
49.36
49.50
49.45
48.83
48.95
48.96
48.98
49.14
49.26
49.36
49.43
49.45
49.28
49.48
49.67
49.60
49.72
50.00
49.71
49.64
49.53
49.64
49.62
50.12
49.76
49.79
50.14
50.05
50.00
50.12
50.16
50.14
50.28
50.19
50.28
50.22
49.76
49.76
49.81
49.69
50.07
49.74
49.78
50.03
50.29
50.29
50.47
50.59
50.28
50.50
50.35
50.05
50.02
50.26
50.38
50.57
50.62
50.41
50.33
50.50
50.54
50.59
50.55
51.05
51.31
51.31
51.21
51.07
50.98
50.66
51.02
51.26
51.35
51.35
51.36
51.52
51.45
51.26
51.14
51.05
50.98
51.12
50.91
50.98
50.86
50.90
50.72
50.33
50.74
50.55
50.07
50.17
50.52
50.31
50.54
50.52
50.28
50.22
50.40
50.50
50.55
50.05
50.00
50.36
50.52
50.72
50.72
50.95
51.10
50.86
50.66
50.43
50.24
50.26
50.03
50.00
50.12
49.88
50.02
49.91
49.97
49.57
49.45
50.03
50.05
49.57
49.95
50.19
50.21
50.16
50.45
50.38
50.12
50.10
50.02
50.21
50.07
50.31
50.40
50.38
50.52
50.93
50.78
50.69
50.64
50.85
50.81
50.95
51.09
51.02
51.09
51.14
51.12
51.09
50.83
50.72
50.48
50.45
50.45
50.66
50.86
50.81
50.88
51.33
51.19
50.69
50.35
50.81
51.16
50.93
51.05
51.05
50.43
50.55
50.28
50.33
50.55
50.55
50.64
50.86
50.60
50.55
50.66
50.66
50.59
50.55
50.55
51.17
51.12
50.83
50.71
50.93
50.86
50.97
50.98
51.02
51.29
50.95
50.85
51.09
51.04
51.04
51.10
50.48
50.16
50.43
50.35
50.48
50.62
50.98
51.00
50.90
50.88
50.91
50.97
50.85
50.95
50.97
51.40
51.36
51.24
50.62
50.85
50.86
51.07
51.23
51.14
50.90
50.81
51.00
50.67
50.03
49.90
49.86
50.29
50.47
50.47
50.12
50.09
50.28
50.22
50.66
50.72
50.78
50.83
50.97
50.43
50.69
50.72
50.74
50.69
50.69
50.93
51.00
51.02
50.81
50.67
50.86
50.74
50.85
50.55
50.64
51.19
51.62
51.42
51.38
51.24
51.31
51.19
50.59
50.41
50.31
50.64
50.64
50.88
50.98
50.91
51.19
51.28
51.29
51.16
51.19
51.52
51.50
51.02
50.86
51.00
51.28
51.69
51.57
51.47
51.45
51.59
51.54
51.55
51.31
50.98
51.09
51.19
51.31
51.38
51.52
51.73
51.12
51.31
51.21
51.12
51.19
51.12
51.52
51.00
51.40
51.36
51.33
51.50
51.52
51.54
51.40
51.78
51.90
52.05
52.02
52.14
52.07
51.73
51.48
51.71
51.93
52.05
51.66
51.54
51.62
51.74
51.83
51.21
51.19
51.64
51.57
51.73
51.90
51.95
51.85
52.02
51.95
51.54
51.64
51.74
52.05
51.83
51.43
50.62
50.78
51.10
51.42
51.42
51.50
51.67
51.83
51.98
51.93
52.26
52.11
52.17
51.90
52.04
51.61
51.10
50.52
50.64
50.67
50.36
50.41
50.28
50.41
50.40
50.45
50.59
50.64
50.54
50.52
50.59
50.40
50.29
51.24
51.07
50.47
50.48
50.55
50.64
50.76
50.95
50.79
50.90
51.21
50.86
50.83
50.85
51.04
50.98
51.07
50.90
50.78
50.79
50.85
50.72
50.88
50.66
50.78
50.95
50.59
50.69
50.97
50.81
50.95
51.00
51.19
51.33
50.95
50.78
50.67
50.78
50.81
51.09
51.31
51.38
51.33
51.43
51.43
51.62
51.52
51.35
51.24
51.21
51.17
51.10
51.02
51.31
51.23
51.10
51.29
51.35
51.85
51.93
52.11
51.59
51.42
51.14
50.88
51.19
51.16
51.31
51.40
51.47
51.14
51.26
51.12
50.98
51.09
51.10
51.04
51.02
51.04
50.93
51.00
50.71
50.97
51.21
51.35
51.24
51.12
50.90
50.60
50.69
50.86
50.66
50.67
50.47
50.71
50.93
50.85
50.86
50.71
50.79
51.05
51.36
51.42
51.57
51.57
51.43
51.38
51.52
51.59
51.61
51.47
51.52
51.31
51.10
51.04
51.52
51.54
51.40
51.07
51.04
50.67
51.07
51.28
50.79
51.17
51.26
51.31
51.43
51.47
51.55
51.62
51.73
51.69
51.57
51.57
51.50
51.62
51.48
51.26
51.28
51.28
51.16
50.86
50.97
51.12
51.04
50.85
50.95
50.74
50.62
50.67
50.57
50.36
50.35
50.28
50.12
50.26
50.33
50.54
50.47
50.35
50.47
50.57
50.40
50.19
49.78
50.29
50.85
50.71
50.76
50.48
50.50
50.28
50.29
50.43
50.22
50.28
50.38
50.43
50.47
50.59
50.78
50.98
50.97
51.02
51.09
51.16
51.09
50.93
50.97
51.05
51.26
51.07
51.04
51.09
50.88
50.54
50.36
50.26
50.14
50.57
50.78
51.17
51.07
51.36
50.81
51.05
51.36
51.14
50.90
50.66
50.72
50.85
50.71
51.07
50.91
50.95
50.83
50.90
51.00
51.05
51.19
51.31
51.38
51.61
51.31
51.07
51.48
51.52
51.28
51.33
51.50
51.76
51.85
52.05
51.79
51.52
51.59
51.85
51.93
51.95
51.85
51.83
51.52
51.74
51.73
51.61
51.74
51.78
51.74
51.74
51.78
52.09
52.30
52.40
52.14
52.12
51.88
51.97
52.21
52.17
52.24
51.98
51.81
51.78
51.48
51.45
51.43
51.57
51.62
51.40
51.31
50.93
51.21
50.98
50.90
51.12
50.62
50.74
50.67
50.66
50.36
50.05
50.22
50.43
50.57
50.76
50.83
50.98
51.24
51.00
51.12
51.23
51.33
51.23
51.29
51.45
51.36
51.28
51.38
51.23
51.12
51.17
51.16
51.17
51.28
51.16
51.43
51.24
51.42
51.38
51.24
51.26
51.07
51.14
51.31
51.55
51.55
51.78
51.43
51.09
50.95
51.12
51.16
51.23
51.36
51.38
51.42
51.40
51.62
51.71
51.19
51.31
51.76
51.97
51.55
51.47
51.59
51.57
51.38
51.35
51.42
51.12
51.26
51.31
51.33
51.52
51.47
51.29
51.36
51.33
51.17
51.31
51.52
51.74
51.71
51.73
52.07
52.16
52.26
52.62
52.21
52.33
52.21
52.17
52.31
52.23
52.02
52.11
51.90
51.81
51.92
52.12
52.02
51.93
51.79
51.28
50.98
51.28
51.43
51.19
50.97
51.05
51.05
50.97
51.28
51.52
51.57
51.54
51.16
51.12
51.05
51.07
51.26
51.09
50.91
51.16
51.40
51.57
51.57
51.61
51.59
51.26
51.04
51.09
51.21
51.02
50.66
50.60
50.74
50.83
50.86
50.83
50.90
50.93
50.98
50.98
50.83
50.78
50.72
50.54
50.29
50.31
50.72
50.86
51.05
50.93
51.05
51.28
51.38
51.31
51.57
51.48
51.64
51.71
51.67
51.71
51.59
51.48
51.95
51.59
51.73
51.95
52.04
51.93
52.00
52.21
52.31
52.19
52.16
52.16
52.05
52.04
52.02
51.97
52.14
52.11
51.93
52.04
51.78
51.73
51.95
51.88
52.12
51.52
51.24
51.59
51.31
51.90
51.83
52.04
52.00
52.19
52.23
52.35
52.05
51.78
51.88
52.12
52.05
51.74
51.86
51.61
51.88
51.79
51.98
52.16
52.21
52.14
52.04
52.19
52.19
52.33
52.47
52.31
52.38
51.90
52.07
51.86
51.86
52.21
52.55
52.57
52.73
52.73
52.66
52.64
52.50
52.54
52.69
52.87
52.69
52.71
52.78
53.04
53.23
53.16
52.97
52.80
52.62
52.73
52.95
53.18
53.00
52.92
52.87
52.64
52.66
52.57
52.17
52.47
52.24
52.33
52.40
52.49
52.35
52.28
52.30
52.31
52.43
52.28
52.26
52.47
52.36
52.30
52.24
52.55
52.61
52.30
52.05
51.92
52.19
52.52
52.59
52.92
52.88
52.88
52.57
52.62
52.59
52.49
52.12
52.16
52.55
52.26
52.14
51.66
51.29
51.31
51.43
51.64
51.76
51.57
51.47
51.69
51.86
52.09
51.92
51.62
51.52
51.61
51.97
52.21
52.12
52.02
52.07
52.07
52.21
52.02
52.00
51.78
51.79
52.00
52.23
52.31
52.59
52.45
52.04
51.92
51.62
52.12
52.30
52.14
52.16
51.95
51.66
51.88
52.17
52.33
52.28
52.30
52.35
52.33
52.14
52.19
52.11
51.93
52.07
52.14
52.07
51.95
52.19
52.28
52.30
52.61
52.81
52.73
52.66
52.66
52.55
52.24
52.33
52.57
52.78
52.87
52.74
52.71
52.90
52.90
52.69
52.69
52.95
52.90
52.80
52.92
52.80
52.57
52.30
52.07
51.79
52.04
52.00
51.95
52.23
52.38
52.52
52.68
52.52
52.38
52.62
52.45
52.23
52.35
52.33
52.69
52.69
52.38
52.45
52.33
52.33
52.28
52.40
52.36
52.38
52.16
52.11
52.17
52.11
52.31
52.54
52.66
52.69
52.78
52.99
53.07
52.73
52.81
52.80
52.71
52.73
52.90
53.09
53.09
52.59
52.73
53.04
53.47
53.37
53.23
53.23
53.35
53.07
52.76
52.99
52.83
52.52
52.68
52.62
52.50
52.69
52.87
52.93
52.97
53.07
53.31
53.42
53.52
53.31
52.87
52.52
52.26
52.43
52.59
52.69
52.95
53.02
52.85
53.07
53.09
53.18
53.42
53.19
52.92
52.92
52.76
52.74
52.76
52.78
52.71
52.42
52.76
52.93
53.37
53.40
53.33
53.05
53.21
53.18
53.14
53.05
52.49
53.05
52.42
52.31
52.28
52.59
52.64
52.85
52.71
52.81
52.74
52.83
52.99
53.00
53.19
53.16
53.19
53.09
53.12
53.05
53.00
53.04
53.38
53.50
53.68
53.90
53.62
53.64
53.59
53.52
53.59
53.81
53.71
53.54
53.54
53.62
53.49
53.42
53.50
53.59
53.64
53.61
53.76
53.87
53.95
53.76
53.66
53.75
53.66
53.43
53.28
53.23
53.38
53.71
53.83
53.94
54.09
53.88
53.81
53.90
53.81
54.09
54.19
54.31
54.71
54.95
54.59
54.54
54.07
54.11
54.11
53.81
53.95
53.90
53.92
54.06
54.35
54.26
54.25
54.47
54.28
54.71
54.57
54.23
53.71
53.76
54.21
54.23
54.35
54.35
54.35
54.26
53.97
53.76
54.00
53.76
53.87
53.81
53.78
53.69
53.95
54.18
54.12
54.28
54.35
54.28
54.14
54.12
53.99
54.04
53.99
54.06
53.68
53.45
53.49
53.42
53.37
53.47
53.31
53.38
53.23
53.33
53.47
53.52
53.87
53.88
53.83
53.80
53.68
53.59
53.18
52.85
52.78
52.68
52.85
53.07
52.93
52.93
53.11
53.14
53.12
53.28
53.12
53.12
52.97
52.61
52.52
52.59
52.57
52.74
52.80
52.74
52.81
53.02
53.16
53.00
52.92
53.12
53.50
53.52
53.78
53.87
53.69
53.57
53.68
53.56
53.43
53.45
53.18
53.12
53.09
52.97
52.66
52.87
52.76
52.69
52.80
52.78
52.62
52.69
52.83
53.09
53.12
53.14
53.24
53.24
53.43
53.24
53.19
52.99
53.09
53.16
53.12
53.07
52.99
53.02
52.97
52.97
53.02
52.95
53.09
53.11
53.05
53.12
53.04
53.05
53.11
53.28
53.28
53.16
52.73
53.00
52.92
52.87
53.07
52.85
52.95
52.99
53.21
53.09
52.97
53.04
53.28
53.40
53.52
53.71
53.73
53.75
53.83
53.78
53.87
53.97
54.14
54.11
54.14
54.07
54.21
53.99
53.94
53.90
53.85
53.75
53.59
53.35
53.49
53.07
53.40
53.49
53.56
53.31
53.38
53.71
53.57
53.49
53.42
53.66
53.81
53.88
53.50
54.18
53.92
53.56
53.07
53.31
53.49
53.56
53.69
53.57
53.43
53.37
53.43
53.54
53.37
53.54
53.47
53.80
53.43
53.33
53.18
53.26
53.50
53.35
53.42
53.40
53.73
53.73
53.62
53.73
53.85
53.90
54.09
54.23
54.44
54.50
54.50
54.52
54.52
54.28
54.12
54.09
54.23
54.25
54.25
54.59
54.68
54.63
54.59
54.57
54.66
54.52
54.35
54.31
54.54
54.68
54.69
54.82
54.75
54.83
55.01
54.94
54.90
54.85
54.69
54.61
54.76
54.64
54.56
54.63
54.71
54.52
54.54
54.56
54.66
54.45
54.45
54.12
54.09
53.97
53.81
53.99
54.28
54.18
53.85
54.30
54.33
54.31
54.40
54.35
54.19
54.37
54.28
53.83
54.04
54.31
54.40
54.33
54.47
54.44
54.07
54.23
54.09
54.11
53.88
53.83
53.81
53.75
53.85
53.61
53.76
53.50
53.23
53.37
53.54
53.66
53.43
53.37
53.30
53.30
53.21
53.33
53.87
53.97
53.68
53.85
53.97
54.00
54.06
53.83
53.87
53.92
54.04
54.21
54.31
54.42
54.80
54.69
54.75
54.64
54.69
54.69
54.63
54.52
54.09
54.18
53.87
53.50
53.33
53.33
53.38
53.19
53.38
53.42
53.54
53.66
53.59
53.42
53.42
53.54
53.73
53.92
54.11
54.12
54.14
54.02
53.71
53.97
53.94
54.00
54.02
54.12
53.81
53.49
53.69
53.97
54.00
54.14
54.04
54.09
54.04
53.95
53.78
53.88
53.80
53.88
53.66
53.56
53.64
53.83
53.64
53.57
53.69
54.00
54.07
54.14
54.18
54.09
54.02
53.88
53.83
53.33
53.21
53.04
53.11
53.07
53.12
53.43
53.33
53.09
53.00
53.28
53.35
53.07
53.23
53.26
53.40
53.69
53.66
53.47
53.56
53.47
53.42
53.62
53.75
53.56
53.68
53.83
53.80
54.06
54.23
54.28
54.06
54.11
54.19
54.12
54.21
54.68
54.71
54.82
54.85
54.88
54.85
55.07
54.83
54.68
54.37
54.18
54.12
54.06
53.85
53.71
53.69
53.71
53.73
53.49
53.11
53.37
53.49
53.52
53.35
53.43
53.66
53.66
53.85
53.61
53.49
53.71
53.69
53.66
53.81
53.78
53.73
53.85
53.92
53.85
53.87
53.81
53.76
53.52
53.37
53.47
53.62
53.69
53.78
53.80
53.81
53.66
53.28
53.52
53.92
54.06
54.02
54.18
54.45
54.50
54.64
54.73
54.47
54.78
54.83
54.75
54.69
55.01
55.07
55.42
55.49
55.44
55.40
55.35
55.21
55.30
55.06
55.06
55.04
54.82
54.73
54.71
54.49
54.68
54.64
54.45
54.38
54.68
54.82
54.76
54.71
54.61
54.64
54.57
54.78
54.56
54.52
54.56
54.44
54.35
54.68
54.68
54.71
54.71
54.56
54.52
54.56
54.68
54.61
54.88
55.07
55.37
55.35
55.23
54.90
54.85
54.61
54.47
54.38
54.76
54.80
54.78
54.80
54.52
54.30
54.04
54.12
54.40
54.49
54.49
54.56
54.63
54.68
54.82
55.01
55.09
55.23
55.20
55.54
55.49
55.33
54.95
54.54
54.44
54.42
54.59
54.23
54.16
54.23
53.95
54.14
54.11
54.23
54.52
54.56
54.45
54.59
54.75
54.97
54.87
54.82
54.69
54.80
54.92
55.06
54.87
55.01
55.09
55.01
55.23
55.37
55.38
55.21
55.30
54.95
54.75
54.57
54.12
54.14
54.28
54.16
54.28
54.18
54.18
54.23
54.45
54.68
54.69
54.57
54.59
54.61
54.87
54.80
54.63
54.88
54.95
54.78
54.83
54.82
54.56
54.85
54.87
54.80
54.68
54.66
54.78
55.07
55.37
55.37
55.21
55.18
55.38
55.51
55.76
55.75
55.33
55.45
55.35
55.40
55.44
55.37
55.18
55.14
55.14
54.88
54.30
54.25
54.33
54.61
54.68
54.73
54.82
54.95
55.04
55.14
54.94
55.02
55.04
55.20
55.26
55.32
55.20
55.37
55.44
55.63
55.73
55.78
55.75
55.63
55.35
55.47
55.68
55.52
55.71
55.75
55.82
55.73
55.59
55.66
55.63
55.49
55.45
55.28
55.13
55.06
55.14
54.97
55.07
55.20
55.28
55.37
55.49
55.56
55.26
55.30
55.20
55.25
55.20
55.35
55.37
55.35
55.32
55.30
55.38
55.37
55.45
55.63
55.59
55.57
55.47
55.59
55.73
55.54
55.61
55.90
55.75
55.87
55.52
55.40
55.51
55.42
55.63
55.59
55.47
55.76
55.57
55.57
55.64
55.63
55.71
55.75
55.75
55.75
55.68
55.51
55.57
55.66
55.49
55.42
55.32
55.25
55.04
55.13
55.16
55.09
55.37
55.16
55.45
55.42
55.40
55.56
55.35
55.07
54.85
54.95
54.88
55.13
55.21
55.57
55.85
55.90
55.56
55.35
55.25
55.01
55.11
54.76
55.04
55.18
54.99
54.99
55.16
55.25
55.33
55.63
56.01
55.99
56.20
55.94
56.06
56.08
56.16
55.90
55.97
55.71
55.78
56.04
55.95
56.01
55.75
55.70
55.44
55.18
55.28
55.32
55.59
55.82
55.76
55.92
55.83
55.52
55.59
55.37
55.21
55.42
55.49
55.45
55.32
55.45
55.51
55.23
54.99
55.25
55.54
55.40
55.32
54.99
55.21
55.57
55.26
55.18
55.51
55.61
55.59
55.75
55.83
55.94
56.01
56.08
56.13
56.23
56.28
56.23
56.25
56.30
56.58
56.78
56.87
56.85
56.90
57.01
56.87
56.73
56.75
56.68
56.52
56.73
56.59
56.54
56.77
56.78
56.85
56.64
56.85
56.77
56.49
56.54
56.33
56.27
56.28
56.25
56.25
56.37
56.40
56.56
56.59
56.59
56.66
56.85
56.87
56.85
57.08
56.96
56.99
57.01
56.73
56.59
56.58
56.45
56.21
56.27
56.13
56.16
55.97
56.27
56.28
56.42
56.39
56.37
56.20
56.20
56.28
56.33
56.14
56.32
56.27
55.99
56.06
56.08
55.94
56.18
56.28
56.13
56.06
55.76
55.90
56.09
56.27
56.23
56.51
56.47
56.56
56.39
56.39
55.97
55.89
56.28
56.54
56.40
56.44
56.45
56.64
56.63
56.32
56.44
56.30
56.44
56.37
56.28
56.32
56.21
56.16
56.11
55.78
55.63
55.89
56.33
56.85
56.85
56.70
56.73
56.85
56.97
56.99
56.96
56.87
56.70
56.92
56.63
56.73
56.73
56.83
56.73
56.68
56.49
56.78
56.96
57.20
57.34
57.46
57.49
57.44
57.49
57.37
57.42
57.40
57.39
57.44
57.78
57.97
57.71
57.61
57.71
58.01
57.90
57.90
57.99
57.82
57.61
57.54
57.68
57.73
57.82
57.82
57.77
57.53
57.42
57.16
56.99
57.08
56.92
56.63
56.83
57.01
56.87
56.42
56.64
56.68
56.97
56.96
56.75
56.77
56.80
56.58
56.51
56.89
56.89
56.78
56.92
57.13
57.01
56.97
56.58
56.77
57.06
57.04
56.85
56.68
56.78
57.20
57.42
57.02
57.20
57.04
57.06
56.83
56.85
56.94
57.20
57.25
57.25
57.11
57.13
57.11
57.13
57.04
57.01
56.85
56.73
56.96
57.08
56.90
56.85
56.99
57.37
57.39
57.37
57.42
56.92
56.68
56.66
56.64
56.61
57.08
57.09
57.25
57.28
57.56
57.44
57.23
57.06
57.09
57.49
57.47
57.44
57.25
57.21
57.11
56.90
57.20
57.30
57.34
56.97
56.89
56.83
56.99
57.20
57.23
57.30
57.35
57.13
57.34
56.56
56.90
56.77
56.82
56.94
56.83
56.89
57.06
57.06
57.04
57.08
57.06
57.34
57.53
57.34
57.35
57.56
57.77
57.61
57.09
57.13
57.08
57.06
56.90
56.75
56.82
56.87
56.97
56.90
57.18
57.28
57.30
57.46
57.40
57.32
57.53
57.32
57.15
56.99
57.25
57.32
57.34
57.46
57.51
57.32
57.40
57.63
57.78
57.65
57.71
57.75
57.35
57.23
57.35
57.37
57.40
57.39
57.25
57.23
57.09
57.30
57.25
57.20
57.02
57.09
57.04
57.18
57.08
57.18
57.32
57.44
57.28
57.23
57.18
57.08
57.28
57.40
57.42
57.34
57.34
57.30
57.15
57.02
57.27
57.06
57.16
57.32
57.25
57.16
56.94
56.97
57.01
57.28
57.23
57.40
57.46
57.20
57.35
57.34
57.11
56.92
56.92
57.27
57.25
57.23
57.42
57.40
57.51
57.39
57.23
57.37
57.44
57.59
57.44
57.34
57.21
57.30
56.97
56.92
56.85
57.02
57.06
57.02
56.99
57.06
57.11
57.21
57.25
57.13
57.34
57.34
57.21
57.20
57.25
57.16
57.13
56.96
57.02
56.85
56.99
56.96
56.94
56.82
56.87
57.15
57.40
57.37
57.15
57.08
57.18
57.18
57.15
57.28
57.18
57.16
56.94
57.11
57.39
57.42
57.59
57.40
57.23
57.15
57.27
57.01
57.09
56.89
56.96
56.99
56.77
56.63
56.63
56.82
56.82
56.97
57.02
57.35
57.18
57.20
57.28
57.37
57.18
57.23
57.28
57.11
57.20
57.18
57.18
57.18
57.06
57.09
57.13
57.30
57.09
56.89
56.90
56.92
56.97
56.75
56.45
56.52
56.68
57.11
57.25
56.99
57.09
57.11
57.23
57.20
57.39
57.21
57.28
57.20
56.97
57.21
57.40
57.16
56.90
56.97
57.08
56.92
56.80
56.89
57.01
57.04
57.20
56.97
56.89
56.97
56.89
56.87
56.85
56.66
56.94
56.94
57.23
56.92
56.85
57.01
57.15
57.32
57.23
57.09
57.04
57.11
57.11
57.18
57.25
57.20
57.23
57.21
57.06
56.90
56.92
57.04
57.21
57.01
56.99
56.89
56.75
56.54
56.54
56.49
56.47
56.51
56.59
56.70
56.59
56.27
56.28
56.45
56.59
56.70
56.52
56.52
56.61
56.70
56.80
56.77
56.92
57.40
57.16
57.08
57.37
57.63
57.71
57.56
57.39
57.20
57.16
57.16
57.15
56.82
56.59
56.97
56.92
56.96
57.25
57.34
56.99
56.80
56.42
56.18
56.18
56.23
56.56
56.37
56.37
56.35
56.33
56.40
56.40
56.39
56.21
56.45
56.51
56.56
56.66
56.80
56.47
56.21
56.30
56.39
56.45
56.39
56.42
56.45
56.75
56.61
56.44
56.44
56.44
56.68
56.82
56.37
56.13
56.11
56.49
56.37
56.39
56.37
56.23
56.30
56.13
56.42
56.56
56.58
56.97
56.99
57.15
56.82
56.45
56.63
56.47
56.39
56.35
56.40
56.63
56.45
56.39
56.28
56.42
56.47
56.40
56.68
56.52
56.66
56.80
57.01
56.56
56.70
56.71
56.94
57.16
57.09
57.08
56.92
56.78
57.08
57.28
57.25
57.15
57.39
57.37
57.42
57.20
57.01
57.13
57.39
57.40
57.59
57.42
57.61
57.68
57.59
57.37
57.44
57.53
57.40
57.40
57.58
57.59
57.56
57.70
57.78
57.92
57.77
57.47
57.53
57.75
57.59
57.25
57.08
57.34
57.35
57.53
57.70
57.84
57.90
57.61
57.51
57.40
57.46
57.02
57.09
57.47
57.73
57.70
57.97
58.03
58.09
57.87
57.92
58.03
57.94
57.90
57.85
58.09
58.25
58.32
58.20
57.99
58.04
58.06
58.04
58.22
58.42
58.32
58.15
58.08
58.13
58.22
58.06
57.97
58.32
58.41
58.11
57.84
57.78
58.09
57.68
57.66
57.77
57.68
57.63
57.54
57.53
57.66
57.92
58.04
58.08
58.20
58.32
58.25
58.25
58.41
58.44
58.42
58.51
58.58
58.42
58.28
57.92
58.30
58.53
58.37
57.77
57.59
57.84
57.90
57.99
57.78
57.63
57.82
57.70
57.75
58.11
58.09
57.90
57.92
57.75
57.78
57.70
57.77
57.87
57.97
58.06
58.41
58.47
58.53
58.73
58.60
58.72
58.37
58.30
58.28
58.15
58.44
58.60
58.53
58.78
58.56
58.61
58.60
58.35
58.41
58.47
58.54
58.28
58.27
58.44
58.47
58.56
58.03
57.90
58.11
58.25
58.25
58.20
58.23
57.90
57.73
57.87
57.80
57.46
57.47
57.87
57.80
57.65
57.78
57.75
57.70
57.65
57.61
57.68
57.78
57.53
58.01
58.22
58.09
58.18
58.25
58.41
58.54
58.46
58.28
58.01
58.27
58.28
58.30
58.18
58.37
58.58
58.34
58.34
57.87
57.63
57.82
57.77
57.73
57.90
57.77
57.73
57.58
57.61
57.37
57.53
57.16
57.42
57.42
57.54
57.44
57.27
57.32
57.28
57.63
57.65
57.82
57.70
57.65
57.59
57.42
57.44
57.77
57.68
57.78
57.77
57.54
57.78
57.94
57.94
57.92
58.11
57.96
57.97
57.85
57.73
57.61
57.68
57.77
57.92
57.92
58.04
57.77
57.70
57.87
57.75
57.63
57.78
57.80
57.70
57.65
57.89
57.96
58.06
58.11
58.01
58.03
58.08
57.92
57.99
57.92
58.03
57.90
57.82
58.01
58.03
58.03
57.73
57.65
58.08
58.09
58.42
58.37
58.27
58.18
58.09
58.03
58.06
57.77
58.01
57.85
58.09
58.11
57.89
57.89
57.89
57.90
57.78
57.54
57.47
57.61
57.73
57.66
57.77
57.63
57.66
57.56
57.49
57.77
57.84
57.94
58.03
58.08
58.20
58.15
58.06
58.13
58.34
58.34
58.35
58.11
57.94
57.99
57.97
57.94
58.06
58.13
58.28
58.34
58.08
58.08
58.04
58.22
58.11
58.28
58.41
58.42
58.22
58.37
58.13
58.09
58.23
58.44
58.18
58.15
58.27
58.32
58.25
58.15
58.06
58.11
58.03
58.34
58.51
58.44
58.11
57.94
58.18
58.22
57.84
57.49
57.78
57.92
58.04
58.25
58.22
58.37
58.34
58.15
58.23
58.15
58.20
58.20
58.03
57.97
57.85
57.87
57.87
57.68
57.49
56.97
57.30
57.75
57.68
57.54
57.70
57.80
57.96
58.03
57.94
57.90
57.87
57.89
58.16
58.22
58.30
58.01
57.85
57.97
57.70
