0.50
0.50
0.50
0.50
0.50
0.50
0.50
0.50
0.67
0.92
0.98
1.23
1.42
1.42
1.43
1.47
1.62
1.68
1.82
1.94
2.11
2.17
2.38
2.69
3.15
3.52
3.87
4.38
4.48
4.82
4.82
5.19
5.36
5.58
5.75
5.85
5.96
6.15
6.35
6.40
6.57
6.66
6.77
6.90
6.89
6.95
7.02
7.09
7.07
7.12
7.21
7.28
7.27
7.42
7.55
7.88
8.26
8.42
8.46
8.48
8.55
8.75
8.75
8.84
9.13
9.22
9.39
9.47
9.61
9.63
9.77
9.86
9.97
10.01
10.09
10.27
10.36
10.31
10.66
10.69
10.84
10.96
11.12
11.10
11.13
11.08
11.08
11.00
10.91
10.75
10.55
10.65
10.68
10.68
10.59
10.58
10.69
10.74
10.83
10.81
10.77
10.95
11.07
11.09
11.16
10.95
10.83
10.98
10.95
11.05
11.23
11.52
11.57
11.70
11.66
11.72
11.84
12.19
12.19
12.37
12.21
12.15
12.32
12.56
12.65
12.72
12.93
13.21
13.28
13.49
13.58
13.59
13.35
13.53
13.65
13.48
13.34
13.30
13.22
13.18
13.09
13.11
13.29
13.26
13.40
13.51
13.62
13.72
13.81
14.06
14.07
14.19
14.31
14.65
14.95
15.09
15.03
15.11
15.14
15.09
15.10
15.10
15.12
15.24
15.19
15.13
15.14
15.06
15.29
15.24
15.29
15.31
15.34
15.27
15.35
15.48
15.53
15.53
15.47
15.40
15.62
15.56
15.74
15.72
16.01
16.03
16.00
15.94
16.03
16.06
16.09
16.05
16.07
15.96
15.85
15.86
15.95
15.98
16.15
16.21
16.24
16.33
16.06
15.96
15.96
16.10
16.15
16.57
16.96
17.32
17.58
17.71
17.62
17.60
17.54
17.52
17.67
17.81
17.77
17.83
17.98
18.09
18.03
17.91
17.86
17.63
17.58
17.41
17.79
17.93
17.75
17.81
18.20
18.41
18.36
18.29
18.36
18.33
18.39
18.40
18.46
18.47
18.72
18.76
18.86
19.00
18.99
18.93
18.91
18.73
19.15
19.12
19.25
19.13
19.16
19.28
19.37
19.61
19.69
19.60
19.46
19.49
19.58
19.74
19.72
19.77
19.78
19.87
19.78
19.91
20.11
20.30
20.39
20.77
20.65
20.42
20.39
20.41
20.36
20.32
20.43
20.74
20.67
20.55
20.49
20.53
20.76
20.95
21.01
21.09
21.10
21.27
21.43
21.43
21.49
21.52
21.52
21.46
21.35
21.49
21.27
21.14
21.19
21.29
21.37
21.62
21.77
21.95
21.95
22.02
22.17
22.44
22.16
22.24
22.28
22.29
22.43
22.54
22.72
23.05
22.67
22.54
22.65
22.81
22.93
23.00
23.00
22.90
22.99
22.87
22.75
22.91
22.90
22.68
22.62
22.46
22.60
22.68
22.70
22.72
23.08
22.99
23.14
23.37
23.49
23.57
23.82
24.15
24.09
24.05
23.88
23.89
23.87
23.49
23.61
23.73
23.80
23.78
23.94
23.85
23.90
23.70
23.77
23.63
23.72
23.93
24.01
24.09
23.94
24.04
24.30
24.16
24.40
24.46
24.31
24.32
24.10
24.00
24.20
24.28
24.28
24.46
24.46
24.63
24.64
24.46
24.84
24.91
25.10
25.19
25.15
25.16
25.33
25.09
24.91
24.70
24.79
24.78
24.82
24.48
24.40
24.34
24.33
24.81
25.20
25.23
25.30
25.47
25.36
25.55
25.56
25.74
25.87
25.57
25.37
25.46
25.50
25.87
26.11
26.18
26.08
25.92
25.93
26.24
26.32
26.36
26.44
26.33
25.91
26.20
26.24
26.14
26.41
26.67
26.61
26.71
26.47
26.21
25.95
26.14
26.29
26.17
26.55
26.75
26.78
26.66
26.36
26.35
26.45
27.48
27.48
27.48
27.62
27.60
27.60
27.58
27.27
27.30
27.60
27.77
27.67
27.95
28.00
28.10
28.11
28.27
28.19
28.22
28.31
28.15
28.00
28.03
27.87
27.87
27.81
27.69
27.42
27.40
27.42
27.50
27.74
27.78
27.66
27.68
27.53
27.63
27.88
28.23
28.20
28.20
27.94
27.89
27.91
28.01
28.22
28.37
28.58
28.59
28.39
28.57
28.42
28.49
28.73
28.42
28.15
27.78
28.25
28.55
28.40
28.25
27.97
28.01
28.25
28.40
28.66
28.12
27.74
28.02
27.93
28.26
28.12
28.27
28.46
28.64
28.97
28.85
28.85
28.92
28.96
28.71
28.51
28.97
29.59
29.66
29.55
29.63
29.42
29.64
29.49
29.40
29.27
29.23
29.76
29.49
29.45
29.70
29.58
30.37
30.05
30.26
30.12
29.89
29.85
29.80
29.78
29.89
29.58
29.28
29.76
29.54
29.96
29.94
29.51
29.24
29.43
29.75
29.82
30.07
29.86
29.83
29.64
29.91
29.62
29.44
29.49
29.70
29.55
29.73
30.11
30.09
30.02
29.86
30.14
30.36
30.32
30.15
30.08
30.31
30.34
30.73
30.82
30.91
30.94
30.78
31.00
30.91
30.63
30.18
30.34
30.46
30.38
30.60
30.84
30.76
31.09
30.94
30.93
30.72
30.76
31.05
31.00
31.09
31.34
31.80
31.98
31.85
30.66
31.12
31.07
31.55
31.66
31.61
31.15
31.81
32.02
31.42
31.30
31.42
31.32
31.18
30.92
31.39
31.66
31.61
31.73
31.84
31.40
30.91
30.93
31.19
31.29
31.45
31.57
31.80
31.67
31.67
31.80
30.46
31.12
30.96
31.04
30.64
30.34
30.54
30.90
30.71
30.63
30.78
31.30
31.47
31.63
31.66
31.52
31.20
31.11
31.06
30.31
30.33
30.73
30.88
31.72
31.46
31.05
31.30
31.83
31.86
31.06
31.28
31.33
31.81
31.61
31.73
32.07
31.82
31.48
30.99
31.68
31.68
31.28
31.26
31.16
31.17
31.58
31.53
31.10
30.86
31.32
31.14
31.19
31.30
31.40
30.59
30.73
31.56
31.39
31.21
31.00
31.13
30.76
31.39
31.81
31.60
32.00
32.22
31.77
32.11
32.79
33.13
33.30
33.25
32.99
33.01
32.92
33.29
32.78
33.20
32.62
33.01
33.20
32.80
32.05
32.34
32.75
32.39
32.49
32.54
32.92
32.59
32.39
32.27
32.57
32.52
32.31
32.62
32.74
33.00
32.96
32.45
32.54
32.46
32.76
33.10
32.71
32.75
32.62
33.18
33.39
33.33
32.89
32.76
32.46
32.55
32.92
32.74
32.55
33.02
33.25
33.15
32.84
32.73
32.76
32.37
33.17
33.54
33.78
33.02
33.08
33.08
33.12
33.16
33.08
33.01
33.12
33.09
32.89
32.63
32.76
32.90
33.34
33.86
33.58
33.03
32.95
33.04
33.37
33.26
33.29
33.14
33.41
33.60
33.80
34.00
34.17
34.21
33.82
33.71
33.48
33.97
34.15
34.35
34.17
33.56
32.44
32.51
32.42
32.82
33.24
33.32
34.10
33.76
33.72
34.10
34.86
34.74
34.99
34.82
34.37
34.45
34.21
34.29
34.43
33.84
34.18
34.48
34.49
34.56
34.98
34.71
34.82
34.78
34.83
34.89
35.21
35.40
35.48
34.75
34.37
34.15
34.52
34.80
35.01
34.78
34.89
34.56
34.39
34.91
34.89
34.54
34.24
34.48
34.40
34.17
33.86
34.24
34.53
34.40
34.67
35.00
34.45
34.56
33.94
33.61
33.91
32.76
33.25
33.84
33.93
33.90
33.53
33.71
33.88
33.83
33.78
33.93
33.88
34.05
34.21
34.08
34.22
34.72
34.71
34.28
34.26
34.19
34.68
34.93
34.91
35.28
34.00
34.18
34.36
34.68
35.08
34.47
34.28
34.68
34.73
34.38
33.99
33.93
33.63
34.22
34.35
34.38
33.93
34.40
34.18
34.61
34.71
34.07
34.08
34.05
34.14
34.46
34.42
33.78
34.03
34.36
34.07
33.93
34.28
34.30
34.09
33.85
33.78
33.64
32.38
33.83
34.25
34.00
34.09
34.55
34.26
34.28
34.62
34.93
35.16
35.27
35.32
35.40
35.21
34.94
34.68
34.52
34.62
33.71
34.40
34.35
34.52
34.73
35.24
35.45
35.25
35.41
35.53
35.49
36.22
36.04
35.75
35.17
36.04
36.13
35.85
35.78
35.82
34.26
34.06
34.64
34.73
35.41
34.18
35.24
34.76
34.72
34.87
34.68
34.77
34.82
35.18
35.56
35.74
35.86
35.38
35.83
35.96
35.97
35.84
35.28
35.24
34.68
34.95
35.09
35.17
35.42
34.83
35.41
34.97
34.52
34.51
34.94
34.91
35.32
35.38
35.35
35.71
36.15
36.38
36.33
36.54
36.44
36.77
36.26
36.45
36.20
35.73
36.24
36.06
35.62
35.82
35.47
35.21
35.66
35.70
36.07
36.18
36.55
36.48
36.30
37.03
36.54
36.24
36.56
36.90
36.82
36.57
36.51
36.63
37.01
37.01
37.40
37.37
37.36
37.03
37.05
37.15
37.64
37.44
37.15
37.04
37.07
36.84
36.74
36.45
36.67
36.76
36.49
36.74
36.79
36.74
36.63
36.74
36.44
36.02
36.27
36.44
36.37
36.20
35.59
36.10
36.57
36.22
35.81
36.05
36.04
36.35
36.21
36.14
36.10
36.11
35.78
35.63
35.76
35.30
35.72
35.05
35.02
35.62
36.15
36.22
36.09
36.24
36.18
35.70
35.81
35.82
36.15
35.83
35.48
35.68
35.47
35.80
35.40
35.79
35.80
35.66
35.87
35.76
36.04
35.75
35.91
36.29
36.30
36.19
36.20
35.95
35.72
35.85
36.22
36.56
36.64
36.60
36.89
36.50
36.72
36.69
36.15
36.05
36.14
35.93
36.46
36.88
36.81
36.32
36.41
36.71
37.13
37.21
37.03
36.89
36.74
36.70
36.68
36.83
36.78
36.77
36.71
36.57
36.67
36.66
36.70
36.47
35.92
36.19
36.60
36.83
36.50
36.29
36.28
36.65
36.35
36.64
37.13
36.72
37.47
37.22
36.99
37.33
37.51
37.14
37.54
37.48
37.42
36.94
36.79
37.06
37.48
37.20
36.48
35.98
35.90
36.10
36.15
36.09
36.26
36.00
35.88
36.20
36.18
36.29
36.60
36.65
36.75
36.50
36.47
36.92
37.00
37.00
37.18
37.29
37.25
37.16
37.35
37.49
37.55
37.63
37.32
37.60
37.54
37.45
37.85
38.24
38.16
38.19
38.33
37.99
38.34
37.97
37.87
37.89
37.79
38.54
38.33
38.47
38.76
38.98
38.67
38.70
38.90
38.77
38.43
38.46
38.74
38.88
38.71
39.13
38.97
38.68
38.66
38.54
38.57
38.41
38.19
38.48
38.79
38.82
39.55
39.51
39.42
39.47
39.06
39.05
38.85
39.02
38.89
39.04
39.21
39.12
38.98
38.84
39.12
38.90
38.61
38.98
38.79
38.53
38.88
39.03
38.09
38.85
38.48
38.38
38.06
38.34
38.35
37.77
37.96
38.39
38.16
37.81
38.08
38.37
38.37
37.80
37.88
37.39
37.64
38.24
38.02
37.78
38.04
38.52
38.08
37.65
37.83
38.29
38.26
38.51
38.61
38.58
38.57
38.64
38.53
38.67
38.43
38.36
37.90
37.78
38.32
38.25
37.81
38.52
38.27
38.52
38.46
38.49
39.08
38.87
38.60
38.82
38.92
38.92
39.64
39.48
39.15
38.62
38.49
38.48
38.98
39.64
39.59
39.78
40.06
39.50
39.46
39.25
39.65
39.44
39.92
40.08
39.12
38.74
39.08
39.11
39.67
39.84
39.98
39.97
39.36
39.46
39.50
39.55
39.40
39.73
39.40
39.38
39.73
39.56
39.92
39.80
39.49
39.21
39.34
39.67
39.87
39.71
39.77
39.77
39.87
39.84
39.84
39.81
39.85
39.93
40.00
40.05
40.02
40.43
40.08
40.13
40.33
40.28
40.16
40.15
39.84
40.20
39.75
40.40
40.41
40.42
40.07
40.05
40.01
39.78
39.54
39.49
39.70
40.12
40.49
40.39
40.55
40.51
40.72
41.06
40.88
40.41
40.39
40.15
39.95
40.50
40.74
41.00
40.93
41.09
41.29
41.64
41.68
41.83
41.60
41.77
41.71
41.76
41.78
42.08
42.10
41.26
41.30
40.68
40.56
40.79
41.12
41.44
40.89
41.20
41.28
41.15
41.40
41.12
40.62
40.00
39.92
39.77
40.32
40.22
40.10
39.90
39.56
39.84
39.49
39.54
39.58
39.45
39.61
39.53
39.72
39.61
39.63
39.82
39.55
39.64
39.87
39.64
39.37
39.54
39.48
40.22
40.57
40.67
40.73
40.61
40.46
40.37
40.43
40.80
41.29
41.34
41.48
41.00
40.65
41.01
40.51
40.47
40.83
41.04
41.04
41.22
41.22
41.72
41.93
41.41
41.19
41.34
41.32
41.46
41.48
41.18
41.14
40.91
40.92
40.64
40.83
41.13
41.30
41.17
41.11
41.00
41.22
41.75
41.56
41.68
41.72
42.06
42.23
42.46
41.81
42.11
42.05
41.93
41.15
41.26
41.35
41.03
41.36
41.46
41.77
41.64
41.82
41.83
41.81
41.61
41.34
41.08
41.27
41.33
41.17
41.28
41.13
41.41
40.99
41.18
41.07
40.91
40.78
41.04
40.96
40.96
40.46
41.03
41.03
40.96
40.73
41.12
40.66
41.08
41.07
41.14
40.51
40.43
40.54
40.83
41.28
41.44
41.65
41.82
41.63
41.61
41.38
41.57
41.52
41.55
41.91
42.02
42.39
42.28
42.27
42.30
42.46
42.31
42.50
42.29
41.77
41.20
41.50
42.19
42.49
42.30
42.48
42.26
42.45
42.73
42.57
42.60
42.76
43.09
43.32
43.16
43.17
43.26
43.16
43.34
43.11
42.89
43.21
43.05
43.07
43.30
43.39
43.24
43.36
43.53
43.55
43.37
43.24
43.01
43.19
42.93
42.91
42.73
42.42
42.94
43.02
42.40
42.83
42.18
42.32
42.30
41.77
42.27
42.66
42.33
41.96
42.07
42.08
42.33
42.38
42.07
42.13
42.25
42.26
42.23
42.12
42.08
42.11
42.40
42.74
42.69
42.88
42.75
42.65
42.20
42.24
42.32
42.15
41.98
41.81
42.02
42.06
42.13
42.10
42.41
42.42
42.56
42.49
42.53
42.67
42.73
42.15
42.04
41.98
42.18
41.96
42.24
42.56
42.36
42.84
43.09
42.49
42.62
42.71
42.43
42.38
41.75
41.28
41.54
41.94
41.55
41.70
41.78
41.88
42.24
42.50
42.72
42.85
42.73
42.67
42.93
42.96
42.93
43.24
43.27
43.06
43.23
43.34
42.91
43.21
43.19
43.03
42.93
42.74
43.16
43.05
43.03
42.68
43.06
43.04
42.85
42.97
42.93
43.05
43.16
43.33
43.47
43.00
43.29
43.30
43.55
43.37
43.15
42.69
43.14
43.02
43.24
43.47
43.16
42.85
42.48
43.20
43.26
43.11
42.98
42.97
42.62
42.77
43.20
43.33
43.36
43.34
43.24
43.07
43.25
43.36
43.68
43.77
43.13
43.12
43.48
43.70
43.61
43.46
44.17
44.13
44.29
44.05
44.03
44.22
44.08
43.83
43.53
43.59
43.68
43.85
43.47
43.79
44.03
44.15
43.78
43.85
43.89
43.81
44.01
44.04
44.42
44.31
43.82
43.89
44.30
44.16
44.19
44.31
44.27
44.45
44.53
44.47
44.57
44.82
44.61
44.63
44.46
43.74
43.93
43.96
44.05
44.27
44.14
43.72
43.60
43.45
43.28
43.44
43.57
43.38
43.81
43.68
43.65
44.13
44.35
44.56
44.90
45.28
45.12
44.83
44.82
45.35
45.36
45.18
44.92
44.85
45.12
44.85
44.46
44.78
44.93
44.60
44.58
44.69
44.61
44.48
44.19
43.85
43.94
44.10
44.51
44.79
44.82
44.68
44.65
44.75
44.44
44.37
44.30
44.49
45.08
45.01
45.19
45.01
44.85
44.61
44.38
44.40
44.37
44.07
43.92
43.83
43.88
43.54
44.01
44.03
44.01
44.25
44.30
44.41
44.32
44.34
44.23
44.38
44.82
44.97
44.36
44.59
44.37
44.29
44.72
44.84
45.00
44.96
44.73
44.72
45.04
45.03
45.02
44.94
44.82
44.96
45.11
45.31
44.74
44.76
44.75
44.57
44.62
44.61
44.68
44.73
44.81
45.20
45.29
45.20
44.96
45.07
45.10
45.15
45.23
45.49
45.38
45.33
45.58
45.42
44.99
45.00
44.92
45.11
45.17
45.20
45.50
45.59
45.26
45.37
45.52
45.70
45.46
45.46
45.72
45.47
44.79
44.83
45.14
45.66
45.89
45.87
45.81
45.93
45.86
45.69
45.29
45.82
46.05
45.63
45.09
45.28
44.77
44.83
44.72
44.94
44.97
45.04
44.98
45.34
45.05
45.72
45.58
45.28
45.61
44.92
44.77
44.61
44.52
44.52
44.58
44.73
44.58
44.93
44.99
45.31
45.33
45.40
45.15
45.20
45.06
45.12
45.15
45.19
45.05
44.82
44.67
44.88
44.88
44.94
45.09
45.06
45.46
45.32
45.48
45.71
46.00
45.92
45.40
45.01
45.18
45.25
45.46
45.47
45.17
44.71
44.29
44.66
44.77
44.77
45.05
45.27
45.12
45.12
45.09
44.92
44.88
44.49
45.34
44.71
44.42
44.27
44.68
45.12
45.15
45.10
44.83
45.09
44.95
44.80
44.93
45.19
45.66
45.81
45.90
45.88
45.89
45.75
45.94
46.14
46.38
46.37
46.04
46.06
45.92
45.53
45.65
45.57
45.93
45.89
46.17
46.23
46.32
46.32
46.37
46.38
46.43
46.40
46.27
46.22
46.32
46.53
46.48
46.32
46.56
46.54
46.29
46.25
46.43
46.06
45.83
46.06
46.09
46.19
46.40
46.46
46.92
46.53
46.37
46.95
46.96
46.65
46.44
46.35
46.32
46.01
46.52
46.34
46.57
46.69
46.62
46.61
46.55
46.61
46.77
46.61
46.61
46.90
47.09
46.91
46.82
47.05
47.21
47.42
47.29
47.36
47.42
47.09
47.20
47.23
46.78
47.04
47.00
47.00
47.27
47.29
47.49
47.62
47.49
47.57
47.71
47.11
46.93
47.33
47.25
47.51
47.53
47.48
47.12
47.15
47.42
47.59
47.19
47.27
47.45
47.44
47.54
47.79
47.58
47.80
47.90
47.70
47.65
47.41
47.57
47.61
47.20
47.29
46.97
46.50
46.58
46.74
46.96
47.11
47.32
47.39
47.60
47.50
47.72
47.65
47.96
48.11
47.86
48.04
48.03
48.20
48.20
48.44
48.43
48.31
48.50
48.63
48.58
48.21
47.90
48.31
48.37
48.46
48.62
48.43
48.41
48.45
48.37
48.07
48.18
48.58
48.52
48.55
48.36
48.37
48.29
48.05
48.26
47.94
47.91
47.88
48.08
47.99
48.13
47.97
47.90
48.19
48.39
48.26
48.47
48.54
48.14
48.14
48.24
48.25
48.45
48.50
48.74
48.72
48.58
49.03
48.84
49.03
49.32
49.05
48.51
48.35
48.68
48.61
48.74
48.77
48.68
48.81
48.59
48.42
48.31
48.44
47.96
47.99
47.99
48.32
48.10
47.77
47.54
47.28
47.39
47.36
47.50
47.69
48.05
48.32
48.40
48.39
48.01
47.72
48.14
48.24
47.79
47.55
47.85
47.90
48.00
47.71
47.75
47.56
47.50
47.35
47.75
47.86
48.07
48.15
47.76
47.92
47.89
47.85
47.98
48.28
48.32
48.58
48.72
48.50
48.66
48.86
48.78
48.58
48.82
48.64
48.84
48.61
48.63
48.92
49.15
48.93
49.06
49.05
49.10
49.07
49.66
49.33
48.57
48.59
49.02
48.67
48.86
49.02
48.95
48.83
48.71
49.10
48.39
48.29
48.42
48.50
48.24
48.22
48.55
48.52
48.46
48.43
48.61
48.45
48.48
48.45
48.23
48.75
48.83
48.84
48.70
48.65
49.08
49.13
49.29
49.21
49.65
49.36
49.15
49.12
49.02
48.97
49.28
49.10
49.13
49.08
49.02
48.77
48.95
48.66
48.62
48.53
48.42
48.64
48.86
48.86
48.88
49.01
49.42
49.16
49.48
49.38
49.52
49.46
49.12
49.51
49.38
49.28
49.17
48.99
48.85
48.89
48.74
48.64
48.51
49.17
49.08
49.12
48.79
48.68
48.35
48.41
48.35
48.37
48.41
48.12
48.11
49.24
49.24
48.94
49.17
49.00
49.53
49.28
49.89
50.13
49.59
49.69
49.51
49.35
49.56
49.75
49.95
49.60
49.63
49.73
49.77
49.49
49.38
49.16
49.10
49.20
49.46
49.92
49.58
49.19
48.86
48.80
49.10
49.35
49.57
49.29
49.33
48.92
48.56
48.74
48.87
48.85
48.51
48.29
48.82
48.69
48.69
48.33
47.58
46.98
47.19
47.41
47.74
47.70
47.57
47.38
46.86
47.41
47.13
47.48
47.36
47.46
47.05
47.07
46.98
47.31
47.11
47.35
47.52
47.91
48.05
48.29
48.23
48.25
48.64
48.27
48.19
48.15
48.23
48.32
48.27
48.73
48.71
48.44
48.58
48.75
48.75
48.63
48.35
48.66
48.57
48.68
48.60
48.63
48.34
48.24
48.14
48.00
48.30
48.49
48.30
48.13
48.20
48.62
48.90
48.97
49.29
49.15
48.96
49.10
49.08
49.06
49.19
49.26
49.00
48.80
49.47
49.81
49.47
48.93
48.44
48.35
48.78
49.26
49.40
48.97
49.11
49.33
49.11
49.48
49.72
50.04
49.51
49.50
49.27
49.20
49.29
49.14
48.98
49.15
49.27
49.15
49.13
49.20
48.82
48.97
49.13
49.09
49.34
49.39
49.34
49.24
49.58
49.69
49.71
49.72
49.68
49.25
49.33
49.45
49.05
48.85
48.86
48.97
48.97
48.73
48.46
48.42
48.64
48.80
48.78
48.62
48.50
49.04
49.39
49.25
49.43
49.40
49.56
49.62
49.77
49.57
49.67
49.73
50.00
49.56
49.54
49.14
49.11
49.34
49.44
49.44
49.43
48.72
48.80
48.67
48.81
48.49
48.43
48.17
48.35
48.15
48.47
48.68
48.69
48.33
48.48
48.71
48.65
48.85
48.60
48.77
48.84
48.68
48.82
49.12
49.06
49.27
49.19
49.19
49.46
49.82
49.53
49.35
49.14
49.39
49.64
49.70
49.92
49.77
49.79
50.18
50.30
50.21
50.43
50.68
50.26
50.21
50.28
50.36
50.45
50.35
50.23
50.48
50.48
50.68
50.78
51.04
50.92
50.95
50.96
50.84
51.03
50.86
50.58
50.49
50.55
50.14
49.91
49.86
49.77
49.76
49.48
49.48
49.51
49.41
49.58
49.56
49.52
49.76
49.90
49.97
50.00
49.68
49.43
49.15
48.99
49.30
49.73
50.17
50.13
50.09
49.61
49.17
49.18
49.24
49.30
49.30
48.84
48.63
48.92
48.95
48.79
49.40
49.43
49.70
49.63
49.79
49.72
50.04
50.20
49.82
49.60
49.40
49.27
49.00
48.78
49.08
48.83
48.82
49.15
49.25
49.44
49.52
49.43
49.47
49.50
49.45
49.12
49.41
49.44
49.66
49.60
49.41
49.50
49.62
49.63
49.54
49.03
48.47
48.84
48.84
49.04
49.07
49.02
49.37
49.43
49.11
49.08
49.24
49.00
49.09
49.05
48.99
49.08
49.11
49.03
48.92
48.81
48.87
48.86
48.52
48.30
48.73
48.68
48.69
48.68
48.96
49.28
49.41
49.46
49.74
49.54
49.37
49.47
49.55
49.53
49.50
49.54
49.77
49.82
49.55
49.27
49.19
49.21
49.22
49.64
49.58
49.72
49.82
49.59
49.47
49.35
49.66
49.81
49.56
49.32
49.42
49.17
49.23
49.67
49.48
49.56
49.93
50.07
50.17
49.94
49.91
49.80
49.82
49.84
49.86
49.91
50.11
50.50
50.60
49.75
49.28
49.03
49.36
49.66
49.85
49.87
49.77
49.61
49.79
49.99
49.99
50.02
50.05
49.99
50.13
49.96
49.70
49.75
49.67
49.81
49.91
49.84
49.59
49.42
49.63
49.75
49.69
49.48
49.56
49.29
49.43
49.58
49.68
49.57
49.49
49.36
49.59
49.92
49.42
48.90
48.82
49.17
49.08
48.94
49.12
49.46
49.67
49.51
48.86
48.32
48.57
48.45
48.78
49.10
49.38
49.64
49.82
49.64
49.21
49.18
49.23
49.29
49.27
49.88
49.73
49.71
49.69
49.86
49.93
49.82
49.62
49.68
49.96
49.88
50.09
50.23
49.81
49.82
50.09
50.21
50.36
50.27
50.15
49.78
49.70
49.53
49.62
49.82
49.77
50.07
49.73
49.93
50.18
50.61
50.19
50.14
49.97
49.63
49.52
49.35
49.68
49.12
49.17
49.38
49.89
49.91
50.10
49.80
49.88
50.10
50.45
50.25
50.00
49.92
49.82
49.75
50.12
50.45
50.57
50.52
50.32
50.27
50.14
50.19
50.21
50.30
50.08
49.75
49.60
49.87
49.80
49.91
49.91
49.78
49.60
49.59
49.66
49.60
49.41
49.24
49.25
49.57
49.70
49.64
49.78
49.75
49.12
49.22
49.24
49.23
49.38
49.50
49.59
49.67
49.71
49.51
49.71
49.89
49.85
49.93
50.20
49.86
49.76
49.69
49.83
49.79
50.30
49.92
49.95
50.30
50.21
50.13
50.25
50.27
50.25
50.40
50.31
50.45
50.38
49.92
49.88
49.91
49.79
50.22
49.90
49.93
50.18
50.43
50.45
50.69
50.87
50.54
50.76
50.65
50.32
50.29
50.51
50.62
50.82
50.92
50.69
50.60
50.76
50.80
50.88
50.84
51.34
51.64
51.58
51.47
51.34
51.27
50.96
51.29
51.52
51.59
51.62
51.64
51.83
51.74
51.53
51.41
51.35
51.23
51.37
51.17
51.23
51.07
51.10
50.95
50.62
51.02
50.83
50.38
50.48
50.79
50.62
50.84
50.80
50.58
50.56
50.73
50.83
50.93
50.45
50.37
50.74
50.91
51.18
51.17
51.38
51.53
51.28
51.08
50.85
50.66
50.65
50.44
50.37
50.50
50.26
50.36
50.22
50.28
49.92
49.83
50.44
50.44
49.92
50.23
50.49
50.54
50.47
50.80
50.75
50.50
50.48
50.39
50.57
50.43
50.67
50.75
50.73
50.82
51.27
51.13
51.05
50.97
51.20
51.13
51.25
51.38
51.30
51.36
51.44
51.42
51.39
51.14
51.03
50.78
50.78
50.78
50.99
51.18
51.15
51.23
51.67
51.45
50.87
50.54
50.99
51.36
51.20
51.28
51.24
50.63
50.76
50.50
50.54
50.78
50.79
50.90
51.10
50.79
50.73
50.89
50.86
50.83
50.78
50.79
51.40
51.36
51.11
51.01
51.24
51.17
51.28
51.35
51.38
51.64
51.26
51.14
51.41
51.37
51.37
51.44
50.80
50.51
50.75
50.65
50.76
50.89
51.36
51.38
51.31
51.29
51.33
51.41
51.31
51.40
51.42
51.83
51.70
51.58
50.98
51.23
51.26
51.47
51.62
51.50
51.22
51.14
51.34
51.06
50.41
50.34
50.31
50.75
50.92
50.95
50.62
50.58
50.74
50.66
51.06
51.14
51.18
51.20
51.36
50.85
51.14
51.18
51.21
51.15
51.16
51.40
51.47
51.49
51.27
51.13
51.26
51.14
51.23
50.91
51.00
51.51
51.96
51.73
51.70
51.56
51.64
51.53
50.90
50.72
50.63
50.93
50.97
51.24
51.33
51.27
51.53
51.60
51.61
51.48
51.52
51.84
51.82
51.38
51.24
51.36
51.60
52.01
51.89
51.80
51.77
51.92
51.86
51.91
51.67
51.36
51.47
51.58
51.71
51.76
51.87
52.05
51.46
51.64
51.58
51.48
51.53
51.45
51.85
51.34
51.78
51.77
51.72
51.89
51.92
51.94
51.76
52.15
52.25
52.38
52.37
52.50
52.41
52.11
51.89
52.13
52.36
52.53
52.13
52.02
52.11
52.22
52.32
51.74
51.70
52.13
52.04
52.17
52.35
52.40
52.29
52.49
52.41
52.02
52.12
52.21
52.50
52.26
51.93
51.11
51.25
51.52
51.80
51.80
51.92
52.10
52.23
52.42
52.37
52.67
52.50
52.53
52.26
52.39
51.99
51.47
50.89
51.00
51.02
50.76
50.78
50.64
50.81
50.80
50.84
50.96
51.00
50.90
50.84
50.91
50.68
50.59
51.56
51.38
50.77
50.78
50.85
50.95
51.06
51.25
51.12
51.23
51.53
51.19
51.14
51.11
51.30
51.25
51.35
51.18
51.08
51.10
51.16
51.02
51.19
51.01
51.14
51.25
50.78
50.88
51.24
51.11
51.25
51.33
51.52
51.65
51.28
51.11
51.02
51.12
51.15
51.40
51.62
51.68
51.63
51.71
51.73
51.94
51.84
51.63
51.54
51.50
51.48
51.38
51.27
51.57
51.45
51.35
51.55
51.63
52.10
52.25
52.40
51.89
51.71
51.44
51.19
51.51
51.46
51.64
51.73
51.76
51.44
51.55
51.41
51.24
51.34
51.35
51.29
51.31
51.34
51.23
51.30
50.98
51.24
51.44
51.58
51.49
51.38
51.19
50.90
50.99
51.14
50.95
50.98
50.80
51.04
51.26
51.17
51.19
50.98
51.08
51.33
51.64
51.70
51.88
51.88
51.78
51.70
51.87
51.93
51.92
51.74
51.81
51.60
51.39
51.33
51.80
51.78
51.64
51.32
51.29
50.90
51.29
51.49
51.02
51.43
51.49
51.58
51.78
51.75
51.86
51.91
52.02
51.97
51.89
51.89
51.80
51.90
51.74
51.52
51.51
51.53
51.42
51.15
51.26
51.43
51.36
51.16
51.25
51.04
50.92
51.01
50.91
50.72
50.68
50.59
50.45
50.58
50.64
50.85
50.78
50.66
50.78
50.90
50.67
50.47
50.08
50.61
51.16
51.06
51.10
50.82
50.84
50.59
50.60
50.75
50.54
50.60
50.70
50.74
50.74
50.87
51.06
51.31
51.29
51.35
51.42
51.48
51.42
51.21
51.25
51.34
51.53
51.35
51.31
51.34
51.09
50.75
50.61
50.51
50.40
50.87
51.09
51.47
51.36
51.69
51.11
51.37
51.65
51.40
51.17
50.93
51.03
51.15
51.02
51.34
51.17
51.21
51.06
51.09
51.23
51.31
51.44
51.55
51.62
51.87
51.58
51.33
51.75
51.77
51.49
51.54
51.71
51.98
52.08
52.31
52.06
51.83
51.92
52.16
52.25
52.26
52.19
52.17
51.86
52.09
52.05
51.91
52.04
52.08
52.03
52.03
52.04
52.33
52.51
52.62
52.44
52.46
52.24
52.30
52.57
52.52
52.62
52.37
52.19
52.14
51.83
51.80
51.78
51.91
51.96
51.73
51.62
51.23
51.53
51.31
51.24
51.48
50.97
51.14
51.07
51.06
50.75
50.46
50.67
50.86
51.01
51.23
51.30
51.43
51.66
51.41
51.55
51.64
51.74
51.65
51.71
51.88
51.80
51.70
51.79
51.61
51.51
51.55
51.55
51.62
51.69
51.56
51.80
51.59
51.76
51.73
51.60
51.58
51.41
51.54
51.72
51.96
51.95
52.15
51.81
51.52
51.41
51.60
51.65
51.68
51.82
51.85
51.86
51.72
51.89
51.98
51.48
51.65
52.09
52.31
51.95
51.84
51.92
51.93
51.71
51.67
51.74
51.44
51.52
51.57
51.65
51.85
51.83
51.66
51.72
51.71
51.57
51.70
51.92
52.13
52.09
52.12
52.44
52.54
52.64
53.01
52.64
52.76
52.63
52.61
52.75
52.64
52.41
52.48
52.29
52.20
52.27
52.46
52.43
52.38
52.21
51.72
51.44
51.73
51.88
51.62
51.38
51.48
51.50
51.40
51.71
51.93
51.96
51.97
51.55
51.51
51.45
51.49
51.71
51.52
51.36
51.58
51.85
51.98
52.03
52.05
52.05
51.72
51.50
51.55
51.65
51.45
51.08
51.00
51.16
51.24
51.29
51.27
51.34
51.37
51.44
51.44
51.27
51.18
51.11
50.91
50.67
50.69
51.07
51.19
51.37
51.25
51.35
51.57
51.68
51.60
51.84
51.76
51.85
51.85
51.81
51.90
51.80
51.72
52.16
51.82
52.01
52.25
52.31
52.22
52.36
52.55
52.65
52.51
52.48
52.48
52.39
52.38
52.36
52.30
52.48
52.46
52.28
52.38
52.09
52.03
52.22
52.15
52.41
51.82
51.58
51.92
51.68
52.28
52.22
52.43
52.37
52.56
52.60
52.70
52.41
52.14
52.28
52.52
52.48
52.17
52.29
52.00
52.29
52.19
52.38
52.55
52.62
52.55
52.45
52.58
52.58
52.72
52.87
52.70
52.76
52.20
52.36
52.18
52.22
52.57
52.90
52.91
53.06
53.06
52.99
52.98
52.86
52.88
53.05
53.23
53.02
53.04
53.12
53.37
53.56
53.49
53.30
53.10
52.95
53.08
53.28
53.51
53.36
53.27
53.21
53.01
53.03
52.97
52.58
52.84
52.61
52.70
52.76
52.83
52.67
52.64
52.66
52.69
52.86
52.71
52.66
52.87
52.75
52.69
52.64
52.94
52.97
52.63
52.39
52.28
52.59
52.91
52.97
53.29
53.26
53.25
52.93
52.98
52.94
52.82
52.48
52.50
52.90
52.57
52.43
51.92
51.59
51.63
51.73
51.91
52.08
51.92
51.75
51.99
52.17
52.38
52.14
51.91
51.81
51.87
52.27
52.51
52.43
52.31
52.34
52.33
52.49
52.35
52.34
52.07
52.09
52.31
52.55
52.63
52.88
52.72
52.30
52.19
51.91
52.45
52.64
52.52
52.47
52.26
52.00
52.25
52.55
52.70
52.63
52.64
52.68
52.66
52.48
52.53
52.45
52.31
52.45
52.55
52.45
52.34
52.56
52.60
52.63
52.99
53.16
53.05
53.00
53.03
52.90
52.58
52.63
52.88
53.12
53.21
53.10
53.07
53.28
53.30
53.08
53.08
53.31
53.26
53.20
53.29
53.15
52.92
52.70
52.50
52.14
52.43
52.41
52.41
52.65
52.78
52.88
52.99
52.86
52.73
53.01
52.85
52.64
52.78
52.74
53.09
53.11
52.83
52.90
52.80
52.82
52.77
52.87
52.82
52.85
52.61
52.57
52.63
52.58
52.78
53.00
53.11
53.14
53.23
53.43
53.51
53.17
53.24
53.23
53.14
53.16
53.34
53.53
53.52
53.04
53.20
53.49
53.90
53.81
53.69
53.68
53.77
53.49
53.19
53.40
53.25
52.93
53.11
53.09
52.98
53.14
53.28
53.36
53.41
53.50
53.72
53.82
53.93
53.74
53.26
52.93
52.67
52.86
53.03
53.14
53.40
53.46
53.28
53.51
53.52
53.56
53.82
53.60
53.34
53.33
53.17
53.14
53.18
53.19
53.13
52.83
53.16
53.33
53.72
53.74
53.68
53.45
53.60
53.54
53.48
53.32
52.77
53.33
52.72
52.59
52.55
52.89
52.96
53.15
53.03
53.13
53.08
53.16
53.33
53.34
53.52
53.50
53.52
53.42
53.45
53.39
53.35
53.42
53.72
53.85
54.04
54.26
53.99
54.02
54.00
53.92
54.02
54.19
54.05
53.85
53.83
53.97
53.80
53.73
53.82
53.93
53.98
53.91
54.06
54.14
54.27
54.11
54.02
54.08
54.06
53.84
53.63
53.56
53.73
54.05
54.17
54.29
54.45
54.31
54.27
54.36
54.26
54.48
54.55
54.68
55.05
55.29
54.96
54.89
54.42
54.48
54.50
54.20
54.29
54.24
54.27
54.39
54.71
54.63
54.60
54.78
54.58
55.03
54.87
54.55
54.06
54.14
54.57
54.59
54.69
54.70
54.69
54.61
54.30
54.12
54.36
54.12
54.25
54.18
54.16
54.09
54.35
54.62
54.58
54.73
54.81
54.74
54.60
54.58
54.45
54.50
54.46
54.50
54.10
53.83
53.88
53.79
53.72
53.83
53.68
53.76
53.61
53.69
53.84
53.90
54.20
54.22
54.16
54.14
54.02
53.95
53.57
53.25
53.18
53.07
53.24
53.47
53.33
53.34
53.54
53.56
53.56
53.70
53.53
53.52
53.35
52.97
52.88
52.96
52.94
53.10
53.16
53.13
53.18
53.40
53.52
53.39
53.31
53.50
53.88
53.89
54.12
54.17
54.02
53.89
53.98
53.85
53.76
53.75
53.49
53.46
53.42
53.32
53.02
53.22
53.11
53.04
53.16
53.14
53.00
53.06
53.19
53.46
53.49
53.51
53.60
53.60
53.80
53.60
53.54
53.35
53.45
53.51
53.48
53.43
53.34
53.37
53.31
53.31
53.37
53.36
53.53
53.56
53.47
53.52
53.41
53.45
53.50
53.67
53.66
53.57
53.14
53.41
53.34
53.29
53.50
53.27
53.38
53.41
53.62
53.51
53.39
53.42
53.67
53.80
53.89
54.07
54.11
54.13
54.23
54.18
54.27
54.38
54.54
54.51
54.54
54.48
54.63
54.41
54.34
54.31
54.24
54.14
53.99
53.73
53.87
53.46
53.79
53.86
53.94
53.68
53.74
54.08
53.99
53.89
53.85
54.11
54.25
54.32
53.94
54.57
54.27
53.87
53.41
53.65
53.82
53.89
54.02
53.99
53.88
53.77
53.80
53.94
53.72
53.89
53.81
54.14
53.79
53.68
53.52
53.60
53.85
53.68
53.75
53.73
54.04
54.03
53.93
54.03
54.15
54.20
54.37
54.46
54.66
54.71
54.71
54.74
54.73
54.49
54.35
54.30
54.46
54.50
54.50
54.84
54.92
54.87
54.83
54.80
54.89
54.74
54.58
54.54
54.77
54.92
54.96
55.06
55.00
55.08
55.27
55.20
55.17
55.13
54.96
54.88
55.04
54.91
54.82
54.88
54.94
54.75
54.81
54.80
54.93
54.74
54.74
54.43
54.39
54.28
54.15
54.32
54.61
54.50
54.17
54.60
54.64
54.63
54.71
54.68
54.51
54.65
54.54
54.08
54.26
54.54
54.63
54.56
54.70
54.69
54.32
54.45
54.33
54.35
54.13
54.08
54.07
53.99
54.10
53.87
54.03
53.87
53.57
53.71
53.87
54.02
53.80
53.76
53.67
53.67
53.58
53.69
54.23
54.32
54.03
54.19
54.30
54.34
54.38
54.14
54.18
54.23
54.35
54.55
54.65
54.75
55.15
55.06
55.11
55.00
55.04
55.02
54.95
54.84
54.41
54.48
54.19
53.84
53.70
53.71
53.74
53.54
53.74
53.75
53.86
53.97
53.91
53.73
53.74
53.86
54.07
54.27
54.47
54.48
54.50
54.39
54.09
54.37
54.35
54.43
54.45
54.53
54.21
53.86
54.08
54.36
54.42
54.55
54.45
54.48
54.42
54.36
54.13
54.27
54.17
54.27
54.08
53.92
53.97
54.16
53.99
53.93
54.05
54.35
54.41
54.49
54.55
54.47
54.39
54.23
54.18
53.69
53.57
53.40
53.47
53.44
53.50
53.81
53.69
53.42
53.34
53.64
53.71
53.44
53.61
53.65
53.78
54.07
54.04
53.87
53.93
53.81
53.79
53.99
54.11
53.93
54.04
54.19
54.17
54.44
54.57
54.60
54.37
54.42
54.50
54.43
54.53
55.00
55.02
55.13
55.15
55.20
55.13
55.35
55.12
54.97
54.67
54.52
54.46
54.37
54.15
54.02
54.00
53.99
54.00
53.75
53.37
53.64
53.77
53.82
53.64
53.74
53.96
53.98
54.18
53.93
53.88
54.10
54.08
54.04
54.20
54.17
54.12
54.23
54.26
54.20
54.23
54.19
54.12
53.87
53.77
53.88
54.04
54.07
54.14
54.15
54.16
54.01
53.64
53.86
54.23
54.39
54.37
54.53
54.81
54.92
55.08
55.11
54.80
55.10
55.16
55.09
55.06
55.35
55.43
55.79
55.89
55.84
55.80
55.76
55.63
55.70
55.43
55.42
55.39
55.17
55.03
55.03
54.80
55.06
55.03
54.83
54.78
55.08
55.22
55.14
55.08
54.97
55.01
54.94
55.08
54.88
54.77
54.80
54.68
54.59
54.96
54.97
55.01
55.00
54.85
54.80
54.84
54.93
54.89
55.16
55.37
55.65
55.63
55.46
55.13
55.10
54.85
54.73
54.69
55.04
55.06
55.02
55.02
54.75
54.58
54.32
54.37
54.66
54.77
54.74
54.79
54.86
54.91
55.06
55.26
55.39
55.54
55.50
55.85
55.78
55.64
55.24
54.81
54.70
54.68
54.84
54.47
54.44
54.50
54.27
54.45
54.42
54.55
54.81
54.84
54.70
54.84
54.97
55.18
55.08
55.07
54.97
55.07
55.20
55.34
55.17
55.27
55.35
55.22
55.44
55.58
55.63
55.46
55.55
55.21
55.00
54.83
54.38
54.38
54.53
54.41
54.53
54.44
54.44
54.50
54.71
54.91
54.88
54.77
54.80
54.81
55.07
54.99
54.82
55.12
55.17
55.00
55.05
55.07
54.83
55.11
55.14
55.08
54.95
54.96
55.08
55.36
55.65
55.62
55.47
55.47
55.70
55.82
56.05
56.01
55.59
55.70
55.64
55.68
55.70
55.62
55.46
55.40
55.42
55.15
54.58
54.50
54.57
54.86
54.94
55.01
55.10
55.22
55.30
55.41
55.18
55.26
55.31
55.45
55.54
55.60
55.48
55.66
55.74
55.91
56.01
56.07
56.05
55.94
55.66
55.76
56.03
55.87
56.05
56.06
56.13
56.05
55.92
55.97
55.94
55.80
55.77
55.58
55.41
55.35
55.44
55.28
55.39
55.51
55.60
55.67
55.78
55.86
55.57
55.61
55.49
55.54
55.48
55.64
55.65
55.63
55.63
55.61
55.69
55.67
55.74
55.89
55.87
55.85
55.75
55.86
56.05
55.83
55.91
56.21
56.05
56.18
55.83
55.70
55.82
55.70
55.91
55.87
55.76
56.08
55.91
55.90
55.96
55.96
56.06
56.08
56.09
56.09
56.02
55.85
55.92
55.98
55.80
55.73
55.63
55.58
55.38
55.48
55.52
55.45
55.72
55.49
55.79
55.75
55.71
55.87
55.62
55.34
55.10
55.21
55.15
55.37
55.48
55.83
56.09
56.20
55.88
55.65
55.54
55.31
55.44
55.10
55.36
55.48
55.25
55.24
55.42
55.52
55.58
55.89
56.26
56.27
56.46
56.19
56.32
56.31
56.40
56.13
56.19
55.93
56.02
56.26
56.18
56.24
55.98
55.91
55.67
55.39
55.53
55.58
55.85
56.07
56.01
56.16
56.08
55.78
55.84
55.62
55.46
55.69
55.79
55.76
55.63
55.79
55.83
55.57
55.33
55.59
55.87
55.70
55.61
55.24
55.49
55.92
55.62
55.50
55.84
55.93
55.92
56.11
56.19
56.31
56.37
56.43
56.50
56.60
56.66
56.63
56.65
56.70
56.98
57.16
57.22
57.17
57.23
57.32
57.13
56.99
56.99
56.91
56.75
57.00
56.85
56.79
57.02
57.03
57.10
56.88
57.09
57.01
56.72
56.76
56.56
56.52
56.56
56.52
56.51
56.64
56.69
56.85
56.88
56.89
56.85
57.05
57.07
57.05
57.29
57.19
57.23
57.23
56.98
56.85
56.86
56.77
56.51
56.56
56.43
56.43
56.23
56.56
56.60
56.72
56.70
56.67
56.47
56.46
56.56
56.64
56.44
56.59
56.53
56.26
56.31
56.34
56.20
56.43
56.55
56.39
56.31
56.03
56.19
56.35
56.53
56.49
56.76
56.74
56.84
56.67
56.65
56.25
56.16
56.54
56.80
56.65
56.68
56.68
56.86
56.84
56.54
56.67
56.52
56.70
56.63
56.56
56.59
56.49
56.44
56.39
56.06
55.93
56.17
56.58
57.09
57.08
56.93
56.97
57.10
57.21
57.22
57.21
57.12
56.93
57.18
56.89
56.99
56.99
57.10
56.96
56.94
56.78
57.04
57.21
57.47
57.60
57.72
57.72
57.68
57.72
57.61
57.66
57.64
57.62
57.67
58.02
58.20
57.91
57.82
57.93
58.24
58.13
58.12
58.21
58.01
57.81
57.75
57.92
57.97
58.08
58.08
57.98
57.72
57.66
57.42
57.24
57.33
57.20
56.91
57.09
57.26
57.13
56.68
56.90
56.94
57.23
57.21
57.00
57.01
57.06
56.85
56.80
57.16
57.16
57.06
57.21
57.41
57.29
57.25
56.86
57.06
57.35
57.32
57.12
56.94
57.04
57.44
57.66
57.28
57.44
57.28
57.33
57.12
57.13
57.22
57.47
57.49
57.49
57.39
57.43
57.43
57.41
57.38
57.31
57.16
57.06
57.26
57.39
57.26
57.22
57.30
57.67
57.71
57.67
57.73
57.27
57.03
56.99
56.96
56.92
57.38
57.40
57.57
57.61
57.85
57.74
57.53
57.35
57.38
57.76
57.75
57.71
57.53
57.51
57.42
57.26
57.57
57.67
57.68
57.31
57.20
57.15
57.32
57.52
57.55
57.61
57.66
57.43
57.67
56.93
57.27
57.12
57.13
57.22
57.11
57.15
57.34
57.35
57.35
57.37
57.36
57.64
57.82
57.64
57.64
57.87
58.10
57.98
57.46
57.49
57.44
57.42
57.24
57.07
57.14
57.22
57.31
57.20
57.47
57.56
57.58
57.73
57.68
57.61
57.81
57.57
57.39
57.20
57.46
57.53
57.58
57.71
57.76
57.57
57.65
57.88
58.03
57.89
57.95
57.98
57.56
57.45
57.55
57.56
57.60
57.56
57.42
57.41
57.26
57.47
57.46
57.41
57.23
57.28
57.29
57.45
57.35
57.42
57.57
57.69
57.56
57.50
57.45
57.35
57.54
57.66
57.68
57.59
57.59
57.56
57.41
57.28
57.51
57.28
57.40
57.54
57.47
57.37
57.14
57.14
57.20
57.49
57.45
57.60
57.64
57.36
57.54
57.52
57.32
57.12
57.15
57.49
57.48
57.46
57.63
57.62
57.70
57.58
57.44
57.53
57.60
57.74
57.60
57.49
57.37
57.45
57.14
57.09
57.01
57.18
57.21
57.19
57.15
57.21
57.26
57.36
57.39
57.27
57.47
57.48
57.37
57.34
57.38
57.31
57.27
57.12
57.18
57.01
57.15
57.12
57.09
56.92
56.96
57.23
57.48
57.46
57.28
57.23
57.34
57.34
57.32
57.44
57.35
57.33
57.10
57.27
57.54
57.57
57.74
57.54
57.40
57.30
57.45
57.20
57.27
57.06
57.13
57.17
56.95
56.81
56.82
57.00
56.99
57.17
57.19
57.53
57.35
57.37
57.45
57.51
57.34
57.39
57.45
57.29
57.38
57.35
57.34
57.34
57.21
57.23
57.26
57.44
57.26
57.05
57.05
57.05
57.13
56.92
56.65
56.74
56.88
57.32
57.45
57.18
57.25
57.27
57.41
57.36
57.55
57.36
57.43
57.34
57.12
57.35
57.54
57.30
57.05
57.11
57.22
57.06
56.95
57.03
57.15
57.16
57.34
57.12
57.04
57.13
57.05
57.02
57.01
56.83
57.11
57.12
57.40
57.11
57.05
57.19
57.34
57.51
57.43
57.25
57.20
57.27
57.30
57.35
57.42
57.36
57.40
57.38
57.20
57.04
57.05
57.18
57.37
57.15
57.14
57.05
56.91
56.69
56.67
56.64
56.65
56.70
56.78
56.89
56.79
56.44
56.51
56.65
56.76
56.90
56.74
56.73
56.81
56.89
56.99
56.98
57.12
57.60
57.35
57.24
57.55
57.80
57.89
57.72
57.56
57.36
57.33
57.31
57.29
56.97
56.74
57.12
57.07
57.09
57.39
57.47
57.13
56.95
56.58
56.33
56.34
56.42
56.75
56.56
56.56
56.52
56.50
56.55
56.55
56.54
56.37
56.63
56.66
56.70
56.77
56.92
56.56
56.31
56.35
56.45
56.55
56.51
56.54
56.59
56.86
56.73
56.56
56.57
56.57
56.83
56.96
56.55
56.31
56.27
56.66
56.53
56.54
56.55
56.46
56.52
56.36
56.63
56.75
56.75
57.15
57.19
57.31
56.92
56.55
56.72
56.57
56.48
56.45
56.50
56.76
56.59
56.53
56.47
56.60
56.66
56.58
56.86
56.71
56.85
56.95
57.18
56.73
56.84
56.88
57.10
57.32
57.27
57.25
57.09
56.95
57.23
57.42
57.39
57.28
57.54
57.53
57.60
57.37
57.18
57.29
57.55
57.56
57.75
57.60
57.80
57.86
57.77
57.52
57.59
57.67
57.54
57.56
57.73
57.76
57.72
57.85
57.94
58.09
57.91
57.64
57.69
57.92
57.80
57.45
57.30
57.52
57.57
57.74
57.89
58.00
58.08
57.80
57.69
57.57
57.63
57.19
57.25
57.62
57.88
57.78
58.10
58.14
58.21
58.01
58.05
58.15
58.06
58.01
57.95
58.23
58.39
58.47
58.34
58.12
58.16
58.17
58.15
58.32
58.51
58.41
58.24
58.18
58.22
58.31
58.18
58.10
58.45
58.56
58.24
57.96
57.92
58.25
57.83
57.82
57.94
57.83
57.75
57.65
57.65
57.76
58.02
58.16
58.20
58.33
58.48
58.40
58.39
58.55
58.59
58.58
58.66
58.74
58.58
58.45
58.10
58.48
58.70
58.55
57.96
57.79
58.06
58.11
58.18
57.97
57.80
57.99
57.87
57.91
58.27
58.25
58.07
58.04
57.88
57.88
57.76
57.82
57.90
58.01
58.10
58.44
58.53
58.58
58.77
58.62
58.74
58.41
58.35
58.35
58.23
58.54
58.70
58.63
58.90
58.67
58.72
58.69
58.46
58.52
58.58
58.65
58.40
58.41
58.57
58.68
58.76
58.25
58.15
58.37
58.49
58.50
58.45
58.48
58.15
57.99
58.14
58.06
57.66
57.70
58.10
58.04
57.90
58.02
57.99
57.93
57.87
57.83
57.94
58.04
57.83
58.32
58.53
58.41
58.49
58.55
58.70
58.83
58.72
58.54
58.27
58.55
58.56
58.57
58.45
58.63
58.83
58.60
58.60
58.15
57.91
58.08
58.03
58.00
58.15
58.03
58.00
57.86
57.91
57.69
57.81
57.44
57.67
57.67
57.77
57.63
57.45
57.53
57.49
57.84
57.90
58.06
57.93
57.88
57.81
57.66
57.70
58.01
57.90
57.99
57.95
57.72
57.95
58.11
58.11
58.10
58.28
58.12
58.15
58.03
57.91
57.79
57.85
57.91
58.05
58.08
58.24
57.97
57.91
58.08
57.98
57.86
58.04
58.05
57.94
57.91
58.15
58.22
58.32
58.38
58.28
58.28
58.35
58.17
58.22
58.13
58.27
58.12
58.04
58.27
58.31
58.32
57.99
57.89
58.33
58.33
58.66
58.60
58.53
58.42
58.33
58.27
58.32
58.05
58.28
58.13
58.37
58.40
58.18
58.18
58.15
58.16
58.04
57.81
57.75
57.89
58.00
57.94
58.03
57.90
57.93
57.81
57.75
58.01
58.06
58.16
58.23
58.31
58.43
58.37
58.29
58.36
58.56
58.56
58.57
58.33
58.17
58.20
58.17
58.11
58.25
58.31
58.47
58.51
58.27
58.27
58.24
58.41
58.32
58.48
58.61
58.63
58.40
58.53
58.29
58.27
58.43
58.64
58.40
58.36
58.49
58.54
58.49
58.39
58.34
58.39
58.27
58.56
58.71
58.63
58.28
58.10
58.34
58.39
58.00
57.69
57.97
58.11
58.23
58.43
58.43
58.57
58.55
58.39
58.47
58.37
58.40
58.40
58.24
58.19
58.07
58.09
58.09
57.90
57.71
57.20
57.54
57.99
57.93
57.79
57.94
58.05
58.20
58.28
58.18
58.15
58.12
58.15
58.42
58.46
58.53
58.23
58.06
58.19
57.91
