0.50
0.50
0.50
0.50
0.50
0.50
0.50
0.50
0.60
0.78
0.92
0.83
1.03
1.20
1.40
1.45
1.63
1.77
1.89
2.08
2.21
2.34
2.57
2.81
3.22
3.51
3.81
4.44
4.59
4.72
5.10
5.35
5.60
5.76
5.72
5.96
6.14
6.28
6.31
6.39
6.36
6.44
6.60
6.87
6.97
6.95
7.05
7.13
7.20
7.16
7.29
7.19
7.40
7.45
7.65
7.92
8.25
8.34
8.30
8.38
8.42
8.52
8.56
8.70
8.95
9.17
9.26
9.28
9.18
9.31
9.26
9.39
9.45
9.54
9.67
9.80
9.91
10.00
10.17
10.47
10.66
10.73
10.76
10.70
10.79
10.73
10.94
11.04
10.88
10.72
10.52
10.57
10.65
10.53
10.48
10.53
10.60
10.55
10.51
10.46
10.46
10.64
10.66
10.60
10.74
10.91
10.96
10.71
10.77
10.83
10.92
11.10
11.23
11.47
11.31
11.48
11.61
11.69
11.83
11.95
11.75
11.78
12.07
12.16
12.20
12.50
12.83
12.85
12.98
13.01
12.96
12.96
13.06
13.24
13.30
13.47
13.42
13.11
13.00
12.92
12.87
12.90
13.00
13.07
13.03
13.03
13.01
13.18
13.40
13.59
13.79
13.92
14.05
14.31
14.59
14.89
15.08
15.16
14.97
14.96
15.00
15.03
14.88
14.89
14.98
14.88
15.08
14.99
15.00
15.08
15.04
15.18
15.35
15.21
15.37
15.30
15.28
15.50
15.52
15.50
15.43
15.48
15.56
15.57
15.78
15.73
15.80
15.65
15.66
15.78
15.68
15.78
15.89
15.84
15.81
15.97
16.07
15.98
15.93
16.10
16.21
16.31
16.03
15.98
16.08
16.13
16.23
16.21
16.36
16.53
16.55
16.79
17.09
17.19
17.28
17.44
17.34
17.20
17.14
17.14
17.11
17.40
17.37
17.40
17.28
17.51
17.32
17.12
17.37
17.27
17.27
17.34
17.33
17.50
17.65
17.74
17.88
17.77
17.91
17.82
18.28
18.48
18.50
18.65
18.78
19.05
19.05
18.79
18.55
18.42
18.50
18.93
19.01
18.69
18.65
18.91
19.28
19.31
19.50
19.55
19.54
19.69
19.69
19.57
19.61
19.83
19.97
19.86
20.04
20.13
20.40
20.69
20.78
20.79
20.73
20.78
20.49
20.30
20.23
20.17
20.04
19.91
19.91
19.80
19.78
19.69
19.80
20.06
20.44
20.51
20.64
20.72
20.70
20.77
20.71
20.70
20.64
20.49
20.63
20.75
20.49
20.46
20.59
20.57
20.74
20.92
21.13
21.07
20.74
20.67
20.51
20.90
20.81
20.70
20.79
20.77
20.91
21.10
21.26
21.46
21.36
21.60
21.63
21.58
21.75
21.84
21.97
22.15
22.17
22.15
21.82
21.65
21.54
21.84
21.96
22.19
21.98
21.85
21.81
21.51
21.57
21.71
22.06
22.31
22.39
22.44
22.58
22.96
23.25
23.13
23.18
23.16
23.21
23.26
23.26
23.49
23.36
23.19
23.19
23.23
23.12
23.11
22.93
22.78
22.74
22.52
22.78
22.90
22.97
23.05
23.38
23.46
23.67
23.72
23.89
23.67
23.46
23.19
23.29
23.62
23.66
23.76
24.08
24.08
24.11
24.04
24.07
24.16
24.31
24.31
24.47
24.72
24.85
24.97
24.93
24.70
24.63
24.45
24.39
24.34
23.95
23.69
23.82
23.73
23.91
23.87
23.87
23.88
23.69
23.88
24.00
24.50
24.46
24.65
24.54
24.54
24.50
24.72
24.78
24.79
25.07
24.94
24.88
25.08
25.36
25.46
25.45
25.34
25.11
25.08
25.24
25.20
25.11
25.29
25.24
25.37
25.15
24.72
24.32
24.30
24.51
24.47
24.69
24.84
25.00
25.33
25.52
25.31
25.03
25.12
25.88
25.93
25.75
25.65
25.97
26.30
26.47
26.55
26.59
26.39
26.19
26.39
26.48
26.26
25.88
25.95
26.27
26.49
26.41
26.58
26.53
26.30
26.22
26.39
26.03
25.40
25.39
25.27
25.47
25.53
26.14
26.43
26.54
26.57
26.45
26.19
26.49
26.67
26.89
27.05
27.37
27.51
27.54
27.31
27.23
27.20
26.80
26.79
27.18
27.44
27.49
27.67
27.71
27.63
27.36
27.45
27.77
28.11
28.32
28.14
28.46
28.43
28.62
28.66
28.23
27.80
27.96
27.59
27.23
27.35
27.32
27.12
27.62
27.74
27.92
28.23
28.36
28.12
28.09
27.65
27.61
28.00
28.09
28.09
28.28
28.71
28.52
28.63
28.91
28.90
28.81
28.70
28.43
28.31
28.50
29.06
29.12
29.23
28.95
28.91
28.84
28.61
28.25
28.71
29.09
29.52
29.55
29.51
29.39
29.36
29.65
29.82
29.86
29.82
30.01
30.11
30.24
30.34
30.23
29.85
29.68
29.10
29.14
28.95
29.31
29.56
29.07
28.40
28.08
27.93
28.08
28.38
28.85
29.24
29.26
29.53
29.45
28.98
28.83
29.00
29.93
29.53
29.19
29.08
28.99
28.78
29.02
29.03
28.82
28.19
28.17
28.19
28.40
28.32
28.59
28.96
28.90
29.20
29.36
29.19
28.79
28.76
28.73
28.87
29.27
29.11
29.12
29.33
29.30
29.23
28.83
28.94
28.65
28.59
28.90
28.85
29.00
28.86
28.86
29.01
29.08
28.99
29.37
29.63
29.88
29.71
29.92
29.50
29.27
29.35
29.51
29.13
29.13
29.14
29.42
29.09
29.29
29.39
29.87
29.98
30.21
30.33
30.14
29.83
29.68
29.60
29.35
29.43
29.55
29.42
29.78
29.74
29.52
29.71
30.23
29.52
29.44
29.69
29.70
29.86
29.18
29.35
30.17
30.45
30.69
30.38
30.18
30.08
30.28
30.20
30.90
31.03
31.09
30.87
30.47
30.01
29.91
30.02
30.33
30.84
31.28
31.24
31.11
31.10
30.83
30.93
30.95
31.42
31.44
30.89
30.45
30.85
30.96
30.87
30.62
30.84
30.61
30.68
30.11
29.84
30.13
30.72
30.75
30.60
30.60
30.70
30.61
30.85
30.80
31.26
31.25
31.35
31.49
31.43
31.34
31.00
30.58
30.22
30.13
30.17
30.26
30.18
30.13
29.98
30.37
30.41
30.47
30.34
30.12
29.59
29.55
30.24
30.16
29.97
30.20
30.59
30.77
30.99
31.17
31.19
31.14
31.21
30.85
30.83
30.78
31.20
31.20
31.17
31.69
31.64
31.63
31.88
31.87
31.58
31.77
31.73
31.75
32.09
32.22
31.80
31.53
30.91
30.73
31.12
31.16
31.14
30.93
31.10
30.98
31.09
31.15
31.09
31.28
31.33
31.40
31.49
31.61
31.81
32.19
32.44
32.61
32.24
32.25
32.64
32.87
32.66
32.25
32.14
32.44
32.77
32.73
33.07
33.01
33.07
32.84
32.82
32.45
32.23
32.52
32.94
33.33
33.51
33.42
33.05
33.13
33.18
32.85
32.28
31.38
31.65
32.21
32.58
32.82
33.05
33.39
33.67
33.77
33.41
33.28
33.22
33.26
33.17
33.56
33.92
34.25
34.52
34.35
34.59
34.54
34.01
34.09
34.23
34.41
34.50
34.32
33.76
33.63
33.66
33.39
33.34
33.02
32.74
32.81
32.90
33.29
33.36
33.32
33.12
33.07
33.10
33.18
33.19
32.95
33.24
33.52
33.34
33.14
33.00
32.71
32.25
32.60
32.77
32.63
32.65
32.47
32.12
32.10
32.44
32.80
32.95
33.01
32.80
32.72
32.95
32.90
33.26
33.28
33.24
33.40
33.41
33.28
33.59
33.47
33.80
33.41
33.56
33.47
33.44
32.98
32.67
31.84
32.00
31.99
32.79
32.76
32.82
32.77
32.63
32.46
32.26
32.19
32.24
32.42
32.62
32.60
32.35
31.98
32.12
32.18
32.42
32.09
31.94
31.99
32.35
33.00
33.13
33.04
33.13
33.14
33.10
32.99
33.14
33.07
33.09
33.19
32.93
32.86
32.67
32.45
32.49
32.89
32.94
33.16
33.06
33.21
33.32
33.68
33.81
33.85
33.88
33.98
34.12
34.25
34.20
33.89
34.16
34.08
34.19
34.21
33.89
33.71
33.60
33.69
33.76
33.63
34.00
33.91
33.57
33.61
33.67
33.65
33.61
33.21
32.71
32.52
32.60
32.82
32.99
33.29
33.71
33.83
33.79
34.23
33.99
33.59
33.44
33.47
33.77
33.72
33.42
33.11
33.09
33.33
33.67
33.55
33.36
33.45
33.21
32.95
32.67
32.58
32.62
32.80
32.83
33.00
33.22
33.49
33.41
33.41
33.36
33.14
33.05
33.82
33.67
33.81
34.04
33.99
33.80
33.75
33.92
33.67
33.55
33.29
32.80
32.75
32.73
33.03
33.06
33.06
33.09
33.33
33.90
34.05
34.19
34.40
34.56
34.37
34.03
33.99
33.67
33.85
34.32
34.31
34.56
34.71
34.15
34.08
33.92
34.12
34.18
34.46
34.13
34.10
33.67
33.74
34.33
34.47
34.66
34.60
34.21
34.30
34.43
34.80
34.99
34.86
35.04
35.01
35.06
35.46
35.41
35.30
35.48
35.24
34.71
34.18
34.10
34.15
34.07
34.01
34.06
34.02
33.90
33.63
33.74
33.53
33.42
33.16
33.31
33.40
33.66
34.16
34.36
34.31
34.25
34.17
33.73
33.32
33.59
33.85
33.98
33.57
33.45
33.28
33.40
33.08
32.62
32.88
33.00
33.25
33.59
33.60
33.48
33.38
33.93
34.25
34.12
34.06
34.14
34.16
34.10
33.76
33.26
33.34
33.31
33.54
33.99
33.91
33.55
33.51
33.54
33.88
34.09
33.81
34.08
34.35
34.50
34.42
34.71
34.71
34.84
34.50
34.43
34.42
34.32
34.36
34.37
34.79
34.74
34.72
34.75
34.89
34.66
35.18
35.39
35.57
35.10
34.88
34.74
34.97
35.10
34.88
35.06
34.94
35.16
35.29
35.40
35.47
34.97
34.88
34.48
34.55
34.29
34.41
34.48
34.59
34.80
35.00
34.83
34.72
34.64
34.74
34.71
34.65
34.87
35.35
35.45
35.64
35.70
35.31
34.94
35.03
35.00
35.11
35.34
35.43
35.69
35.35
35.66
35.51
35.70
35.69
35.57
35.49
34.90
35.04
35.13
35.55
35.86
35.95
35.85
35.84
36.06
36.51
36.52
36.40
36.44
36.43
36.35
36.13
35.41
35.15
35.50
36.11
36.05
36.32
36.12
35.99
36.13
35.94
35.90
35.86
35.94
36.19
36.42
36.55
36.61
36.98
37.13
36.98
36.71
36.30
35.96
36.15
36.02
36.05
36.50
36.05
35.61
35.44
35.43
35.27
35.39
35.81
35.70
35.83
35.42
35.31
35.33
35.46
35.30
35.55
35.69
35.63
36.14
36.16
35.98
36.15
35.55
35.19
34.92
35.17
34.63
34.30
35.07
35.87
35.89
35.52
35.58
35.88
36.12
36.23
36.34
36.34
36.24
36.25
36.23
36.53
36.55
36.55
36.47
36.94
36.82
36.58
36.63
36.75
36.98
36.83
36.84
36.84
36.50
36.37
36.19
36.38
36.51
36.73
36.58
36.87
36.99
37.30
37.61
37.86
37.58
37.69
37.52
37.42
37.61
37.19
36.99
37.13
37.16
37.36
37.56
37.63
37.38
37.05
37.55
37.42
36.82
36.58
36.65
36.49
36.88
36.73
36.72
36.62
36.69
36.63
36.62
36.81
37.28
37.16
37.19
37.24
37.62
37.73
37.44
38.02
38.06
37.97
37.58
37.38
37.27
37.63
37.38
36.86
37.42
37.98
38.02
37.87
37.71
37.66
37.62
37.17
36.85
37.32
37.59
37.63
37.80
37.71
38.08
38.01
38.10
38.19
38.10
38.06
38.13
38.24
38.33
38.51
38.52
37.98
38.15
38.47
38.72
38.94
38.76
38.89
38.79
38.46
38.37
38.46
38.60
38.26
38.43
38.35
38.31
38.12
38.04
38.09
38.08
38.04
38.02
37.88
37.98
38.15
37.79
37.57
37.40
36.84
36.54
36.19
36.63
37.31
37.76
37.95
38.04
38.00
38.04
38.03
37.95
37.40
37.68
37.73
37.92
37.71
37.66
37.76
37.75
37.35
37.41
37.41
37.46
37.42
37.18
36.85
36.80
36.33
36.12
36.31
36.80
37.38
37.47
37.51
37.98
37.93
37.87
37.33
37.10
36.98
36.50
36.38
36.43
36.94
36.83
37.07
37.38
37.44
37.50
37.64
37.65
37.59
37.81
37.76
37.39
37.68
37.77
37.96
38.13
38.16
38.07
37.75
37.40
37.32
37.51
37.71
37.75
38.02
38.10
38.19
37.71
37.54
37.68
37.91
38.36
38.58
38.52
38.39
38.17
37.97
38.10
37.90
37.98
37.76
38.10
38.34
38.41
38.50
38.59
38.73
39.06
38.82
38.63
38.62
38.50
38.31
38.25
38.62
38.82
38.90
38.65
38.43
38.74
39.02
39.05
39.00
38.84
38.76
38.55
38.62
38.67
38.80
38.73
38.53
38.43
38.24
38.25
38.42
38.47
38.19
38.42
38.68
38.69
39.13
39.08
38.56
38.45
38.43
38.53
38.76
38.49
38.70
38.84
39.01
38.93
39.04
38.99
38.84
38.36
38.19
38.22
38.75
38.93
38.73
38.94
39.44
39.66
39.69
39.62
39.45
38.99
38.83
39.00
38.81
38.52
38.43
38.84
38.94
39.01
38.99
39.21
39.41
39.54
39.07
38.81
39.12
38.79
38.89
39.12
39.53
39.72
39.80
40.08
40.00
39.99
40.03
40.06
40.16
40.35
40.41
40.21
39.96
40.00
39.76
39.87
40.02
40.00
39.96
40.12
40.13
40.48
40.53
40.02
39.95
39.96
40.37
40.75
40.56
40.48
40.26
40.15
39.99
40.11
40.45
39.86
39.73
40.05
40.18
40.29
40.46
40.27
40.17
39.99
39.61
39.72
39.79
39.68
40.12
40.31
39.78
39.59
40.08
40.29
40.23
40.38
40.44
39.77
39.45
39.28
38.95
38.63
38.58
39.02
39.28
39.10
38.98
38.93
38.85
38.99
39.26
39.38
39.23
39.06
39.27
39.49
39.61
39.62
39.75
40.17
40.24
40.19
39.98
39.89
40.03
39.96
40.16
40.17
40.17
40.07
40.09
39.83
39.78
39.88
39.91
40.16
40.41
40.61
40.69
40.62
40.91
40.99
40.87
40.74
40.55
40.49
40.64
40.62
40.53
40.75
40.88
40.65
40.37
40.15
40.36
40.38
40.43
40.48
40.59
40.36
40.15
40.17
40.06
39.87
39.23
38.71
39.26
39.70
39.89
39.83
39.84
39.97
40.35
40.39
40.37
40.27
40.44
40.68
40.79
40.76
41.05
41.36
41.46
41.53
41.71
41.64
41.21
41.00
40.79
40.70
40.58
40.95
40.98
41.20
41.20
41.33
41.71
41.78
41.55
41.36
41.04
40.70
40.47
40.53
40.72
40.51
40.24
40.54
40.88
41.26
41.18
41.08
41.45
41.53
41.60
42.21
42.56
42.73
42.51
42.44
42.24
42.01
41.73
41.74
41.56
41.61
41.56
41.38
41.47
41.32
41.14
41.02
40.68
40.19
40.44
40.11
39.93
39.79
40.20
40.61
40.82
41.11
41.16
41.25
41.11
40.86
41.07
41.30
41.41
41.52
41.64
41.77
42.18
42.05
41.86
41.72
41.61
41.38
41.63
42.02
42.47
42.79
43.17
42.95
42.87
42.86
42.85
43.04
43.47
43.32
43.22
42.92
42.69
42.47
42.03
42.17
41.99
42.26
41.84
41.44
41.76
41.92
41.95
41.89
41.76
41.98
42.31
42.10
42.04
42.16
42.39
42.33
42.64
42.78
42.72
42.53
42.18
42.22
42.22
42.22
42.22
42.17
41.82
41.66
41.78
41.98
42.40
42.15
42.32
41.81
41.61
41.36
41.80
41.95
41.71
41.58
41.91
42.37
42.62
42.54
42.39
42.49
42.51
42.57
42.42
42.62
42.78
42.64
42.47
42.29
42.34
42.23
42.19
42.26
42.07
42.09
42.42
42.51
42.62
43.06
43.39
43.39
43.80
43.53
43.29
43.17
42.90
42.97
42.90
43.07
43.03
41.80
41.71
42.16
42.67
42.99
43.64
43.83
43.90
43.90
43.32
43.10
43.41
43.78
44.03
44.21
44.31
43.94
43.49
43.14
43.47
43.43
43.54
43.47
43.23
43.39
43.61
43.91
43.65
43.18
43.01
43.18
43.38
43.37
43.32
43.16
43.07
43.28
43.56
43.36
43.19
43.26
43.16
43.16
43.21
43.07
43.16
43.16
43.16
43.39
42.96
42.65
42.57
42.43
42.48
42.44
42.54
42.44
42.27
42.04
41.85
42.21
42.73
43.13
43.09
43.04
42.81
42.78
42.72
42.69
42.39
42.17
42.14
42.30
42.48
42.94
43.15
42.69
42.53
42.78
42.76
42.66
42.71
43.07
43.14
43.11
43.07
43.05
42.87
43.14
43.08
42.97
42.92
43.04
42.61
42.62
42.41
42.57
42.69
42.88
43.11
43.08
43.00
42.90
42.75
42.68
42.66
42.81
42.97
42.90
42.73
42.75
42.73
42.91
43.15
43.27
43.13
42.83
42.63
42.72
42.71
42.47
42.60
42.38
42.53
42.69
42.27
41.95
41.94
41.93
42.06
42.35
42.14
42.11
42.17
41.95
41.87
41.93
42.11
42.26
42.43
42.54
42.60
42.17
41.83
41.89
42.17
42.69
42.45
42.38
42.29
42.59
42.85
42.93
42.93
43.08
43.16
43.31
43.25
43.27
43.02
42.84
42.78
42.74
42.45
42.45
42.68
42.86
42.89
43.03
43.08
43.05
42.82
42.86
43.14
43.58
43.42
43.59
43.19
43.08
43.38
43.05
43.20
43.06
43.32
43.27
43.42
43.39
43.39
43.46
43.64
43.81
43.78
43.85
43.98
44.54
44.45
44.32
44.23
44.26
44.07
44.25
44.33
44.09
43.90
44.44
44.34
44.37
44.27
44.23
44.59
44.65
44.74
44.61
44.51
44.59
44.48
44.49
44.17
44.11
43.95
43.71
43.60
43.61
43.92
44.36
44.35
44.38
43.85
43.52
43.71
43.70
43.57
43.69
43.74
43.61
43.63
43.60
43.71
43.23
43.35
43.04
43.63
43.77
43.85
43.76
43.96
44.03
43.87
43.74
43.41
43.31
43.44
43.85
43.87
44.09
44.20
44.07
43.94
43.71
43.54
43.70
43.69
43.81
43.95
43.93
43.59
43.28
43.12
43.19
43.14
43.15
43.19
43.43
43.99
44.22
44.26
44.01
44.50
44.74
44.65
44.56
44.58
44.56
44.85
44.59
44.50
44.42
44.43
44.51
44.33
44.47
44.38
44.60
44.76
45.01
44.95
45.04
45.26
44.88
44.50
44.38
43.96
44.02
44.23
44.15
43.69
43.51
43.50
43.39
43.69
43.58
44.05
44.15
44.07
44.11
44.28
44.62
44.97
45.20
45.12
44.86
44.66
44.47
44.13
44.37
44.40
44.57
44.52
44.40
44.40
44.74
44.85
45.01
44.97
45.09
45.24
45.39
45.12
45.27
45.23
45.45
45.62
45.63
45.81
45.82
45.71
45.85
45.77
45.51
45.19
44.97
44.87
44.97
44.91
45.03
45.28
45.21
45.07
44.93
45.05
45.03
44.82
44.69
44.66
45.29
45.58
45.36
45.23
45.36
45.30
44.88
44.51
44.48
44.83
45.38
45.73
45.85
45.99
46.01
45.58
45.53
45.54
45.37
45.32
45.34
45.54
45.89
45.82
45.97
45.96
45.84
45.59
45.33
45.14
45.11
45.49
45.42
45.05
45.20
45.23
45.21
45.10
45.40
45.66
45.56
45.48
45.47
45.40
45.52
45.88
46.00
45.96
45.69
45.65
45.47
45.54
45.26
45.42
45.60
45.56
45.44
45.67
45.77
45.75
45.68
45.95
46.13
45.95
45.98
46.21
46.35
46.46
46.48
46.20
46.03
46.25
46.21
45.98
45.95
45.86
46.21
45.93
45.80
45.84
45.93
45.99
46.09
46.12
46.08
46.12
46.07
46.20
46.01
46.19
46.26
45.72
45.75
45.99
45.98
46.24
46.37
46.40
46.60
46.64
46.90
46.90
46.82
46.58
46.37
46.07
45.98
45.68
45.40
45.65
45.70
45.84
45.86
45.92
45.88
45.83
45.88
45.87
46.07
46.28
46.05
46.21
45.97
46.33
46.55
46.72
46.76
46.68
47.17
47.15
47.00
46.84
46.76
46.88
46.47
46.45
46.54
46.60
46.62
47.24
47.27
46.95
46.64
46.23
45.99
46.39
46.30
46.09
46.06
45.94
45.67
45.71
46.00
46.00
45.77
45.53
45.09
44.68
44.95
45.11
44.89
44.48
44.69
44.85
44.82
44.85
44.49
44.42
44.83
44.65
44.54
44.94
45.32
45.47
45.48
45.62
45.85
45.89
45.82
45.67
45.64
45.26
45.41
45.28
45.29
45.18
45.32
44.89
45.12
45.03
45.01
45.01
45.42
45.60
45.73
45.90
45.89
45.81
45.82
45.60
45.75
45.97
46.27
46.29
46.39
46.49
46.39
46.22
46.14
45.94
45.94
45.93
46.05
46.11
46.06
46.01
45.94
46.33
46.29
46.42
46.37
46.59
46.61
46.67
46.46
46.57
46.55
46.48
46.18
46.32
46.67
46.81
46.40
46.35
46.41
46.65
46.66
46.79
46.79
46.85
46.72
46.64
46.97
46.86
46.68
46.42
45.69
45.41
46.04
46.32
46.38
46.71
47.10
47.08
46.98
46.96
46.68
46.56
46.48
46.87
46.85
46.79
46.53
46.32
46.15
46.03
46.22
46.31
46.29
46.06
46.02
46.11
46.15
46.42
46.61
46.54
46.56
46.58
46.67
46.83
46.87
46.74
46.69
46.89
46.69
46.29
46.18
45.99
46.16
45.91
45.87
46.05
46.06
46.28
45.99
46.03
46.03
46.00
46.24
46.54
46.29
46.49
46.29
46.51
46.52
46.71
46.59
46.51
46.60
46.48
46.48
46.81
46.98
47.24
47.00
47.17
47.22
47.22
46.92
46.68
46.42
46.86
46.78
46.51
46.24
46.55
46.76
46.74
46.87
46.77
46.78
46.66
46.58
46.28
46.28
46.01
46.27
45.72
45.71
45.89
46.07
46.22
46.46
45.97
45.65
45.43
45.94
46.00
46.11
46.30
46.12
46.06
46.31
46.65
46.64
46.88
46.72
46.57
46.33
46.15
45.83
45.38
45.46
45.63
45.73
45.99
46.46
46.68
47.08
47.13
46.84
46.77
46.96
47.21
47.39
47.07
46.81
46.60
46.61
46.58
46.51
46.61
46.76
46.88
46.94
46.92
46.90
46.66
46.72
46.19
45.73
46.26
46.49
46.16
46.17
45.96
45.76
45.80
45.95
45.80
45.92
45.70
45.63
45.39
45.50
45.75
45.65
45.58
45.46
45.42
45.31
45.74
46.20
46.68
46.44
46.22
46.06
46.22
45.90
45.61
45.76
45.96
46.19
46.47
46.65
46.88
46.78
46.68
46.89
47.11
46.93
46.36
46.28
46.48
46.29
46.29
46.24
46.21
46.37
46.14
46.16
46.24
46.27
46.19
46.41
46.38
46.69
46.86
46.94
47.11
47.29
47.48
47.35
47.07
47.06
46.70
46.90
46.78
46.70
46.76
46.73
46.66
46.58
46.64
46.75
46.89
47.07
47.30
47.29
47.08
46.82
46.83
46.81
46.96
47.16
47.41
47.79
47.90
47.81
47.82
47.69
47.49
47.53
47.11
46.62
46.57
46.80
47.05
47.26
47.14
47.18
47.51
47.88
47.88
47.69
47.91
48.03
47.98
47.94
47.99
47.57
47.76
47.84
47.98
47.81
47.72
47.36
47.23
47.36
47.43
47.40
47.08
47.13
47.22
47.29
47.44
47.36
47.45
47.41
47.40
47.43
47.69
47.73
47.55
47.50
47.54
47.57
47.50
47.45
47.08
47.00
47.08
47.08
46.93
46.86
46.69
46.66
46.77
47.09
47.21
47.19
47.30
47.21
47.20
47.28
47.06
47.11
47.24
47.26
47.53
47.66
47.79
48.12
48.18
48.23
48.08
47.99
47.78
47.74
47.54
47.31
47.24
47.38
47.55
47.61
47.59
47.59
47.62
47.46
47.46
47.58
47.76
47.62
47.72
47.93
48.14
48.05
47.96
48.04
47.88
47.81
47.99
48.07
48.18
48.36
48.21
47.93
47.27
46.90
46.54
46.99
47.13
47.41
47.60
47.74
47.99
48.17
48.39
48.50
48.51
48.29
47.93
47.99
48.07
48.25
48.39
48.23
48.16
48.00
47.61
47.51
47.43
47.69
47.99
47.93
47.84
47.64
47.69
48.11
48.32
47.81
47.61
47.46
47.63
47.78
48.15
48.05
48.36
48.20
48.24
48.25
48.34
48.13
47.91
47.78
47.67
47.32
47.46
47.22
47.28
47.13
47.06
47.24
47.20
47.45
47.57
47.53
47.44
47.45
47.57
47.56
47.26
47.28
47.36
47.67
47.83
47.86
47.97
48.00
47.61
47.62
47.83
47.59
47.54
47.45
47.32
47.46
47.89
48.07
48.22
48.15
47.91
47.92
47.96
47.89
48.17
48.26
48.22
48.38
48.02
48.09
48.20
48.49
48.46
48.35
48.73
48.83
48.96
48.58
47.95
48.18
48.29
48.53
48.70
48.57
48.71
48.84
48.95
48.90
48.92
48.74
48.89
49.19
49.16
49.20
49.29
49.15
49.18
49.13
49.24
49.05
49.24
49.16
49.14
48.58
48.00
47.89
48.30
49.05
49.13
49.34
49.58
49.63
49.75
49.76
49.36
49.19
49.03
48.96
49.00
49.15
49.28
48.95
48.50
48.63
48.72
49.37
49.80
49.28
49.25
49.12
49.40
49.47
49.51
49.45
49.29
48.91
48.47
48.95
48.99
48.98
48.92
49.17
49.05
49.10
49.17
49.42
49.37
49.42
49.33
49.42
49.54
49.58
49.90
49.99
49.85
49.92
49.83
49.25
49.29
49.21
48.98
48.72
48.83
49.04
49.03
48.64
48.93
49.13
49.83
49.50
49.59
49.65
49.82
49.65
49.46
49.18
49.06
49.18
49.17
49.29
49.83
49.94
49.70
49.71
49.80
50.24
50.19
50.14
49.82
49.79
49.59
49.79
49.43
49.45
49.17
49.01
48.97
49.21
49.50
49.57
49.78
49.83
49.83
49.90
49.70
49.70
49.63
49.59
49.43
49.48
49.61
49.52
49.41
49.41
49.67
49.86
50.12
50.11
50.01
50.41
50.27
50.09
50.17
49.83
49.86
49.51
49.76
49.62
49.73
49.69
49.55
49.58
49.52
49.61
49.52
49.59
49.45
49.37
49.40
49.32
49.15
49.19
49.07
49.60
49.42
49.36
49.36
49.48
49.77
49.82
50.05
50.10
50.11
49.91
50.02
50.02
49.95
50.29
50.39
50.53
50.71
50.97
50.95
50.73
50.71
50.72
50.87
50.74
50.87
50.65
50.52
50.63
50.64
50.68
50.27
50.00
49.74
49.87
49.98
50.08
50.31
50.26
50.47
50.47
50.53
50.46
50.46
50.28
50.27
50.31
50.59
50.55
50.51
50.43
50.32
50.06
50.18
50.21
49.98
49.90
49.98
49.77
49.43
49.66
49.91
49.81
49.90
49.62
49.72
49.67
49.77
49.94
49.82
49.73
49.75
49.84
49.90
49.70
49.48
49.49
49.43
49.46
49.38
49.55
49.50
49.47
49.69
49.84
49.71
49.76
49.92
49.71
49.51
49.36
49.27
49.11
48.80
48.65
48.75
48.99
49.23
49.28
49.23
49.15
49.31
49.31
49.49
49.43
49.43
49.56
49.67
49.71
49.76
49.63
49.68
49.64
49.70
49.85
49.98
49.85
50.16
50.30
50.44
50.32
49.98
49.62
49.13
49.31
49.60
50.02
50.00
49.77
49.67
50.03
49.98
49.54
49.60
49.47
49.72
49.52
49.49
49.72
49.92
50.10
50.16
50.47
50.51
50.58
50.77
50.78
50.59
50.68
50.52
50.46
50.25
50.24
50.42
50.28
49.98
49.70
49.50
49.41
49.69
49.72
49.51
49.40
50.11
50.01
50.00
49.87
49.90
50.10
50.01
49.77
49.66
49.59
49.26
49.26
49.42
49.46
49.31
49.18
49.43
49.58
49.38
49.55
49.60
49.82
49.87
49.94
50.02
49.56
49.30
49.32
49.50
49.70
49.30
49.40
49.37
49.43
49.37
49.38
49.37
49.50
49.49
49.45
49.36
49.49
49.19
49.10
49.30
49.26
49.18
49.27
49.14
49.10
49.26
49.34
49.31
49.28
49.49
49.54
49.41
49.47
49.66
49.64
49.68
49.68
49.73
49.96
50.16
49.98
49.83
49.65
49.51
49.50
49.63
50.01
50.06
50.00
50.06
50.09
50.08
49.91
50.16
50.25
50.47
50.53
49.87
49.67
49.56
49.48
49.76
50.24
50.24
50.35
50.52
50.56
50.42
50.24
49.90
49.87
49.98
49.99
49.93
50.09
50.31
50.40
50.26
50.30
50.35
50.38
50.20
50.63
50.56
50.49
50.44
50.29
50.26
50.41
50.39
49.98
49.74
49.68
49.81
50.10
50.29
50.58
50.85
50.77
50.82
50.75
50.64
50.50
50.23
50.10
50.06
50.23
50.78
51.10
50.86
50.74
50.16
49.87
49.60
49.61
49.79
49.80
50.07
50.24
50.14
49.70
49.14
48.90
49.19
49.57
49.64
49.69
49.76
49.78
49.39
49.30
49.34
49.32
49.53
49.68
49.55
49.62
49.59
49.78
50.00
50.46
50.51
50.18
50.04
50.31
50.36
50.15
50.04
49.95
49.84
49.73
49.86
49.88
50.37
50.32
50.24
50.17
50.07
50.09
50.32
50.33
50.25
50.32
50.31
50.32
50.19
50.06
50.06
49.98
50.15
50.20
50.13
50.12
50.02
49.98
49.80
49.80
49.82
50.08
50.02
49.83
49.76
49.65
49.65
49.57
49.65
49.81
49.94
50.04
49.94
49.70
49.36
49.27
49.31
49.41
49.28
49.31
49.45
49.56
49.37
49.59
49.43
49.49
49.47
49.38
49.57
49.48
49.41
49.58
49.55
49.65
49.69
49.80
49.76
49.55
49.46
49.37
49.35
49.26
48.94
48.81
48.88
49.02
49.23
49.78
49.85
49.90
50.00
49.92
50.26
50.13
49.71
49.77
49.67
49.64
49.68
49.83
49.84
49.74
49.63
49.67
49.71
50.09
50.11
50.44
50.70
50.62
50.66
50.83
50.91
50.95
50.87
50.88
50.58
50.53
51.14
51.30
51.20
50.92
50.97
50.56
50.39
50.01
49.94
50.02
50.33
50.31
50.29
50.22
50.04
50.28
50.31
50.36
50.48
50.37
50.79
50.95
50.89
50.63
50.44
50.53
50.49
50.26
50.09
49.81
49.76
50.10
50.11
49.98
50.04
50.11
50.60
50.96
50.75
50.70
50.65
50.53
50.33
50.04
50.14
50.27
50.57
50.56
50.61
50.81
51.02
50.77
50.65
50.57
50.72
50.97
51.23
51.15
50.91
51.05
50.94
50.97
51.01
50.97
51.01
51.37
51.41
51.29
51.26
51.14
51.14
50.96
50.78
50.96
51.02
51.11
51.27
51.36
51.53
51.61
51.78
51.62
51.66
51.52
51.27
51.28
51.02
51.12
51.31
51.22
51.30
51.22
51.15
51.22
51.23
50.97
51.17
51.17
51.03
51.01
51.02
51.25
51.02
51.26
51.57
51.57
51.40
51.60
51.65
51.34
51.30
51.39
51.44
51.55
51.31
51.27
51.53
51.45
51.43
51.61
51.64
51.44
51.61
51.43
51.41
51.25
51.46
51.56
51.65
51.55
51.73
51.82
51.57
51.40
51.33
51.27
51.28
51.07
50.85
50.84
50.96
51.15
51.40
51.21
51.32
51.45
51.54
51.59
51.66
51.30
51.25
51.17
51.19
51.17
51.23
51.44
51.15
51.35
51.00
51.16
51.13
51.17
51.29
51.56
51.52
51.52
51.48
51.42
51.43
51.57
51.51
51.28
51.28
51.47
51.29
51.32
51.24
51.30
51.34
51.16
51.08
51.20
51.45
51.75
51.63
51.72
51.73
51.76
51.67
51.57
51.29
51.24
51.48
51.31
51.33
51.03
51.26
51.25
51.32
51.31
51.50
51.83
51.93
52.05
52.18
52.06
52.14
52.11
52.15
51.98
51.97
52.14
52.41
52.46
52.68
52.68
52.74
52.65
52.53
52.34
52.27
52.30
52.22
51.89
52.08
51.98
51.96
51.62
51.50
51.75
51.68
52.00
52.00
51.76
51.21
50.97
50.98
51.14
51.61
51.74
51.84
52.02
52.15
52.23
51.91
51.63
51.77
51.79
51.78
51.88
51.86
51.86
51.96
51.81
52.01
51.91
51.78
51.70
51.38
51.43
51.65
51.95
51.98
51.89
51.63
51.67
51.47
51.92
52.00
52.11
51.99
52.26
52.01
52.04
52.16
52.47
52.53
52.68
52.66
52.84
52.77
52.57
52.60
52.84
52.91
52.88
52.56
52.39
52.40
52.53
52.28
52.18
52.02
51.99
52.12
51.74
51.31
51.32
51.62
51.94
52.18
52.01
51.97
51.93
51.75
51.66
51.67
51.99
51.93
51.77
51.94
52.07
52.20
52.09
52.28
52.25
52.00
51.89
52.13
52.32
52.27
52.08
51.73
51.75
51.92
52.14
52.10
52.13
52.16
51.83
51.99
52.05
52.25
52.13
52.21
51.67
51.73
51.71
51.80
51.69
51.77
51.97
52.04
51.92
51.86
51.86
51.96
51.82
51.71
51.79
51.69
51.91
52.00
51.58
51.56
51.31
51.63
51.35
51.60
51.66
51.66
52.01
51.97
51.76
51.91
51.85
51.75
51.63
51.72
51.69
51.51
51.76
51.62
51.80
51.97
51.85
51.69
51.50
51.35
51.04
51.22
51.22
51.24
51.15
51.04
51.06
51.05
51.07
51.08
51.22
51.23
51.22
51.33
51.48
51.41
51.68
51.64
52.01
52.09
52.17
52.19
52.14
51.99
51.94
51.74
51.75
51.87
51.91
51.91
51.86
51.86
51.75
51.86
51.79
52.03
52.23
52.39
52.38
52.01
51.93
51.54
51.53
51.64
51.63
51.75
51.57
51.67
51.71
51.58
51.67
51.87
51.86
51.80
51.51
51.40
51.56
51.36
51.47
51.46
51.45
51.39
51.29
51.30
51.62
51.51
51.50
51.81
51.81
51.74
51.61
51.61
51.37
51.28
51.33
51.28
51.63
51.58
51.39
51.43
51.55
51.52
51.62
51.51
51.64
51.54
51.42
51.23
51.29
51.29
51.18
51.22
51.19
51.17
51.18
51.00
51.01
51.00
51.06
51.20
51.43
51.65
51.32
51.15
51.24
51.20
51.43
51.44
51.65
51.69
51.72
51.80
51.69
51.35
51.42
51.30
51.27
51.81
51.95
52.15
51.92
51.82
51.30
51.23
50.94
51.10
51.15
50.91
50.94
51.46
51.54
51.49
51.29
51.22
51.24
50.91
50.92
51.03
50.95
50.84
50.81
50.83
50.89
51.22
51.29
51.26
51.27
51.38
51.48
51.54
51.44
51.45
51.52
51.53
51.62
51.69
51.79
51.78
51.90
51.99
51.82
51.85
51.67
51.40
51.23
51.44
51.35
51.51
51.56
51.79
51.72
51.79
51.62
51.59
51.62
51.40
51.29
51.16
51.18
51.14
50.98
51.09
51.02
51.12
51.17
51.04
51.20
51.34
51.47
51.54
51.46
51.55
51.53
51.55
51.40
51.46
51.83
52.20
52.03
52.25
52.51
52.59
52.68
52.68
52.62
52.44
52.06
51.83
51.67
51.82
51.85
51.54
51.58
51.95
52.04
52.17
52.03
51.82
51.67
51.49
51.48
51.68
51.52
51.51
51.83
52.38
52.35
52.85
53.12
53.03
52.93
52.90
52.51
52.28
52.19
52.25
52.18
52.06
52.17
51.94
51.97
51.87
51.66
51.83
52.00
51.98
51.96
51.99
51.83
51.79
51.78
51.79
51.54
51.34
51.34
51.08
50.94
50.92
50.91
50.69
50.72
50.69
50.71
50.78
50.76
51.09
51.25
51.25
50.99
50.74
50.85
50.81
51.01
51.00
50.90
50.87
50.88
50.87
51.23
51.07
51.26
51.43
51.29
51.49
51.43
51.43
51.70
51.66
51.81
52.13
51.95
51.88
51.83
51.83
51.91
51.86
51.88
51.83
51.99
51.84
51.85
51.90
51.79
51.91
51.91
51.98
52.02
52.08
52.01
51.66
51.69
51.63
51.76
51.71
51.68
51.74
51.61
51.27
51.31
51.18
51.46
51.44
51.47
51.64
51.63
51.52
51.74
51.60
51.48
51.55
51.37
51.37
51.36
51.08
51.01
50.94
51.09
51.09
51.09
51.11
51.07
51.30
51.41
51.41
51.13
51.06
51.09
51.20
51.41
51.31
51.32
51.26
51.28
51.29
51.40
51.40
51.33
51.67
51.52
51.32
51.32
51.20
51.26
51.38
51.44
51.86
52.06
52.13
52.16
52.26
52.17
52.38
52.31
52.29
52.38
52.18
52.00
51.96
51.91
51.77
51.38
51.15
51.22
51.45
51.59
51.40
51.39
51.45
51.31
51.38
51.23
51.33
51.14
51.24
51.29
51.49
51.61
51.59
51.69
51.81
51.74
51.72
51.56
51.60
52.07
52.30
52.11
52.03
52.04
52.32
52.46
52.53
52.62
52.52
52.37
51.79
51.64
51.56
52.05
52.07
52.15
52.17
52.12
52.15
51.98
52.13
51.82
52.04
51.96
52.10
52.12
52.00
51.89
51.92
51.68
51.61
52.01
52.02
52.19
52.26
52.03
51.98
52.00
51.86
51.94
52.04
52.12
52.14
51.99
52.04
52.03
52.21
52.49
52.66
53.18
53.11
53.22
53.07
53.12
53.31
52.84
52.65
52.39
52.44
52.50
52.52
52.39
52.36
52.50
52.36
52.41
52.34
52.38
52.45
52.44
52.38
52.17
51.98
51.80
51.71
51.99
51.77
51.85
51.77
51.51
51.61
51.70
51.64
51.79
52.04
52.10
52.52
52.51
52.29
52.39
52.40
52.79
53.01
52.93
53.00
52.98
52.91
53.18
53.19
53.07
52.92
52.93
53.01
53.02
53.00
52.86
53.02
52.92
52.80
52.65
52.55
52.30
52.35
52.39
52.41
52.57
52.74
52.92
53.28
53.31
53.32
53.09
53.11
53.11
53.13
53.18
52.97
52.89
52.81
52.81
52.65
52.56
52.55
52.60
52.42
52.20
52.26
52.21
52.34
51.87
52.02
52.13
52.11
52.50
52.62
52.61
52.61
52.32
52.30
52.12
52.49
53.12
53.24
53.34
53.18
53.13
53.17
53.03
53.03
52.90
52.90
52.69
52.71
52.73
52.92
53.28
53.60
53.65
53.40
53.06
52.42
52.30
52.26
52.23
52.02
52.09
52.08
51.99
51.96
52.11
52.24
52.27
52.44
52.56
52.47
52.44
52.44
52.30
52.35
52.36
52.44
52.49
52.36
52.43
52.27
51.87
51.83
51.88
51.81
51.87
51.91
52.15
52.18
52.56
52.55
52.56
52.61
52.74
52.74
52.77
52.61
52.95
53.18
53.26
53.46
53.21
53.26
53.28
53.28
53.52
53.73
53.52
53.57
53.65
53.50
53.42
53.57
53.64
53.74
53.83
53.89
53.60
53.54
53.56
53.63
53.49
53.54
53.56
53.40
53.48
53.64
53.21
53.14
53.13
53.27
53.29
53.09
52.97
52.96
52.88
52.91
53.00
53.09
52.98
52.96
52.98
53.13
53.36
53.45
53.52
53.39
53.37
53.30
53.20
53.31
53.42
53.33
53.60
53.60
53.68
53.73
53.69
53.66
53.68
53.73
53.99
53.73
53.76
53.69
53.64
53.48
53.61
53.52
53.32
53.27
53.40
53.52
53.59
53.62
53.55
53.57
53.48
53.51
53.51
53.60
53.65
53.72
53.67
53.57
53.46
53.57
53.69
53.67
53.89
53.87
53.57
53.51
53.56
53.73
53.78
53.83
53.81
53.80
53.66
53.63
53.57
53.64
53.68
53.70
53.86
53.77
53.71
53.83
53.90
53.98
53.92
53.90
53.92
53.89
54.02
53.67
53.56
53.74
53.88
53.89
53.96
54.01
53.93
53.89
53.82
53.94
53.85
53.68
53.68
53.65
53.67
53.85
54.00
53.98
53.99
53.96
54.02
53.88
53.77
53.82
53.91
53.68
53.64
53.72
53.87
53.86
53.63
53.77
53.61
53.60
53.74
53.90
53.89
53.89
53.91
54.11
54.03
54.33
53.93
53.91
53.75
53.67
53.69
53.74
53.63
53.63
53.82
53.90
53.89
54.20
54.25
54.22
54.15
54.01
53.86
53.94
54.23
54.03
54.08
53.91
54.06
54.00
54.00
54.11
54.26
54.04
53.97
54.01
54.04
54.07
54.12
53.93
54.02
54.00
53.91
54.02
53.72
53.42
53.53
53.67
53.79
53.95
54.03
54.27
54.48
54.77
54.68
54.75
54.88
54.85
54.84
54.67
54.59
54.58
54.60
54.31
54.14
54.35
54.65
54.83
54.98
55.01
55.12
55.00
54.94
54.74
54.81
55.04
54.94
55.06
54.65
54.69
54.77
54.54
54.25
54.02
54.10
54.12
54.26
54.48
54.64
54.57
54.66
54.54
54.41
54.26
54.45
54.57
54.75
54.71
54.71
54.62
54.56
54.69
54.72
54.75
54.78
54.59
54.65
54.53
54.54
54.26
54.19
53.98
54.07
53.96
53.98
53.96
53.95
53.87
53.83
53.95
54.01
54.26
54.33
53.65
53.43
53.30
53.48
53.99
54.16
54.42
54.45
54.53
54.63
54.41
54.39
54.53
54.70
54.95
54.92
54.52
54.48
54.48
54.80
54.62
54.58
54.64
54.92
54.97
54.77
54.63
54.60
54.58
54.31
54.27
54.22
54.35
54.39
54.67
54.86
54.89
54.63
54.58
54.66
54.44
54.21
54.23
54.19
54.22
54.26
54.40
54.57
54.50
54.50
54.65
54.63
54.41
54.36
54.22
54.16
54.08
53.92
54.02
54.02
54.17
54.18
54.11
54.31
54.24
54.28
54.48
54.65
54.66
54.61
54.50
54.52
54.49
54.64
54.63
54.68
54.59
54.61
54.60
54.58
54.66
54.71
54.74
54.67
54.82
54.78
54.69
54.70
54.65
54.73
54.79
54.87
55.01
55.00
55.02
55.01
54.84
54.82
54.61
54.58
54.62
54.67
54.79
54.82
54.81
54.74
54.76
54.65
54.26
54.44
54.39
54.43
54.35
54.54
54.69
54.80
54.96
54.99
55.11
54.97
55.02
55.02
54.77
54.66
54.56
54.65
54.68
54.57
54.60
54.45
54.32
54.47
54.48
54.48
54.58
54.58
54.40
54.51
54.55
54.41
54.51
54.93
54.90
54.82
54.90
54.68
54.67
54.66
54.71
54.61
54.60
54.72
54.77
54.83
54.88
54.94
54.89
54.78
54.73
54.72
54.95
54.90
54.91
55.10
54.98
54.88
54.69
54.70
54.57
54.51
54.31
54.36
54.57
54.42
54.39
54.24
54.17
54.29
54.42
54.53
54.59
54.57
54.54
54.46
54.60
54.78
54.94
54.99
55.12
55.13
55.34
55.24
55.17
55.11
55.34
55.32
55.19
55.32
55.25
55.14
55.18
55.24
55.28
55.10
55.13
55.15
55.10
55.38
55.27
55.56
55.59
55.49
55.61
55.62
55.37
55.14
54.99
54.88
54.92
54.94
54.97
54.97
55.06
55.12
55.01
55.04
55.05
55.14
55.03
55.24
55.48
55.70
55.55
55.64
55.70
55.83
55.86
56.03
55.86
55.70
55.58
55.64
55.70
55.67
55.53
55.69
55.98
55.96
55.87
55.88
55.79
55.64
55.55
55.56
55.58
55.72
55.60
55.76
55.55
55.62
55.67
55.60
55.50
55.61
55.56
55.61
55.77
55.86
55.73
55.68
55.76
55.77
55.69
55.85
55.82
55.97
56.16
55.93
55.86
55.98
56.04
56.14
56.33
56.61
56.58
56.56
56.50
56.29
56.03
55.75
55.71
55.66
55.61
56.08
55.94
55.97
55.99
56.10
55.99
55.98
56.11
56.28
56.27
56.39
56.33
56.45
56.36
56.31
56.20
56.18
56.22
56.28
56.08
55.81
55.64
55.69
55.86
55.86
55.94
55.81
55.74
55.73
56.00
56.28
56.12
56.17
56.24
56.26
56.05
55.82
55.64
55.74
55.59
55.52
55.59
55.56
55.55
55.33
55.18
54.97
55.31
55.13
55.44
55.58
55.66
55.74
55.55
55.64
55.69
55.75
55.77
55.39
55.66
55.86
55.73
55.72
55.81
55.57
55.41
55.46
55.55
55.59
55.76
56.07
56.28
56.55
56.47
56.34
56.33
56.41
56.46
56.44
56.47
56.51
56.66
56.72
56.83
56.97
56.91
56.69
56.74
56.85
56.82
56.82
56.59
56.52
56.64
56.61
56.59
56.28
56.16
55.71
55.77
56.04
56.36
56.46
56.52
56.52
56.61
56.15
55.77
55.76
56.00
56.16
56.06
55.94
56.03
56.06
56.03
56.04
56.01
55.97
56.11
56.53
56.41
56.30
56.14
56.17
56.02
56.14
56.13
56.32
56.31
56.00
56.03
56.05
55.92
55.89
55.87
55.96
55.83
55.69
55.75
55.88
55.96
56.14
56.09
56.00
56.37
56.58
56.55
56.40
56.25
56.32
56.34
56.32
56.51
56.67
56.81
56.63
56.52
56.59
56.52
56.51
56.26
56.18
56.37
56.31
56.48
56.67
56.62
56.63
56.40
56.43
56.25
56.10
56.03
56.05
56.23
56.12
56.03
55.87
55.73
55.61
55.43
55.35
55.71
55.80
55.75
55.89
55.81
55.69
55.76
55.94
55.93
56.08
56.04
56.21
56.33
56.41
56.38
56.26
56.15
56.29
56.40
56.31
56.39
56.35
56.15
55.95
55.93
55.84
55.79
55.73
55.76
56.03
56.33
56.33
56.32
56.32
56.22
56.08
56.15
56.45
56.53
56.46
56.48
56.44
56.38
56.34
56.38
56.42
56.51
56.55
56.50
56.71
56.76
56.85
56.60
56.54
56.56
56.62
56.73
56.67
56.41
56.25
56.03
55.61
55.32
55.12
55.15
55.36
55.54
55.60
55.72
55.78
55.91
55.79
55.68
55.76
55.70
55.88
56.03
56.41
56.56
56.88
56.82
56.82
56.75
56.70
56.70
56.72
56.82
56.82
56.86
56.78
56.88
56.92
56.78
56.78
56.87
57.14
57.21
57.27
57.40
57.47
57.26
57.50
57.35
57.04
57.19
56.94
56.99
56.97
56.88
56.85
56.93
56.93
56.99
57.14
57.17
56.83
56.87
56.84
57.02
57.00
56.73
56.83
56.81
56.61
56.41
56.25
56.22
56.41
56.46
56.44
56.36
56.59
56.64
56.65
56.35
56.60
56.48
56.44
56.47
56.56
56.56
56.51
56.62
56.66
56.59
56.94
56.86
56.87
56.85
56.90
56.88
56.90
56.76
56.74
56.62
56.70
56.67
56.63
56.70
57.03
56.91
56.96
56.99
57.04
57.02
57.15
57.19
57.18
57.05
57.05
57.23
57.34
57.45
57.38
57.32
57.25
57.26
57.00
57.11
57.24
57.26
57.05
56.98
56.82
56.84
56.92
56.88
56.87
56.81
56.92
56.82
57.00
56.98
56.96
57.12
57.12
57.11
57.19
57.26
57.33
57.46
57.45
57.42
57.45
57.38
57.44
57.33
57.39
57.50
57.64
57.58
57.56
57.60
57.43
57.53
57.33
57.47
57.66
57.66
57.38
57.16
56.95
56.80
56.72
57.10
57.05
56.84
56.76
56.83
56.62
56.75
56.84
56.79
56.86
56.88
57.00
56.97
56.87
56.84
56.89
56.91
56.73
56.67
56.53
56.28
56.27
56.33
56.53
56.61
56.68
56.46
56.48
56.46
56.26
56.22
56.05
55.83
55.99
55.86
55.98
56.04
56.11
56.29
56.42
56.52
56.36
56.47
56.32
56.46
56.48
56.29
56.33
56.23
56.36
56.16
56.06
56.00
56.05
56.17
56.17
56.16
56.20
56.23
55.96
55.86
55.84
55.70
55.68
55.84
56.20
56.23
56.35
56.53
56.64
56.58
56.49
56.49
56.56
56.71
56.91
56.68
56.53
56.32
56.51
56.32
56.27
56.41
56.41
56.63
56.67
56.64
56.87
57.01
56.97
57.11
57.07
57.02
56.95
56.89
56.87
56.92
56.80
56.79
57.07
57.23
57.45
57.37
57.15
57.38
57.55
57.66
57.47
57.22
57.13
57.18
57.07
57.15
57.07
57.08
57.15
57.30
57.25
57.20
57.12
56.80
56.48
56.47
56.46
56.56
57.11
57.03
56.88
56.76
56.87
56.71
56.86
56.87
56.93
56.89
56.90
56.75
56.61
56.49
56.52
56.71
56.88
56.98
56.99
57.07
57.13
57.04
57.19
57.03
57.17
57.19
57.20
57.37
57.35
57.40
57.26
57.16
57.14
57.14
57.13
56.68
56.52
56.41
56.42
56.60
56.28
56.48
56.61
56.35
56.35
56.45
56.71
56.54
56.55
56.83
56.68
56.65
56.68
56.72
56.74
56.69
56.76
56.42
56.29
56.31
56.24
56.41
56.49
56.51
56.49
56.28
56.44
56.53
56.74
56.45
56.36
56.40
56.57
56.48
56.38
56.23
56.03
56.08
56.03
55.88
55.98
56.05
55.92
56.04
56.11
56.18
56.27
56.19
56.48
56.37
56.25
56.18
55.99
56.02
55.86
55.92
56.01
56.06
56.07
56.54
56.53
56.37
56.44
56.48
56.72
56.90
57.03
56.85
56.40
56.56
56.72
56.84
56.99
56.93
57.16
57.12
57.14
56.98
57.00
56.81
56.94
57.05
56.83
56.75
56.60
56.41
56.44
56.64
56.57
56.60
56.63
56.84
57.09
57.05
56.77
56.72
57.22
57.28
57.20
57.15
56.87
56.70
56.25
56.21
56.40
56.42
56.49
56.63
56.50
56.11
55.97
55.80
55.94
56.00
56.15
56.15
56.31
56.56
56.82
56.80
56.85
56.78
56.57
56.73
56.66
56.68
56.65
56.73
56.49
56.55
56.74
56.70
56.51
56.60
56.34
56.31
56.75
56.91
57.13
57.38
57.55
57.76
57.61
57.44
57.48
57.89
57.99
58.10
57.92
57.78
57.59
57.60
57.56
57.49
57.40
57.32
57.27
57.33
57.37
57.57
57.45
57.49
57.20
57.53
57.55
57.69
57.75
57.86
57.93
58.03
57.94
57.91
57.76
57.51
57.35
57.30
57.18
57.15
57.02
56.85
56.69
56.73
56.73
57.03
56.99
57.20
57.06
57.35
57.50
57.87
57.70
57.45
57.46
57.31
57.41
57.69
57.69
57.83
57.87
57.91
57.73
57.48
57.26
56.89
56.89
56.70
56.46
56.53
56.52
56.37
56.39
56.71
56.81
56.63
56.57
56.70
56.74
56.88
57.05
57.26
57.42
57.59
57.57
57.70
57.81
57.81
58.10
57.97
57.65
57.60
57.59
57.76
57.91
57.88
57.76
57.92
57.81
57.93
57.74
57.81
57.81
57.94
57.93
58.11
58.14
58.00
57.95
58.01
58.09
58.16
58.10
57.90
57.71
57.50
57.65
57.48
57.37
57.22
57.11
57.08
57.26
57.37
57.42
57.68
57.56
57.52
57.48
57.41
57.46
57.47
57.60
57.73
57.88
57.87
57.64
57.29
57.18
57.04
57.02
57.34
57.57
57.46
57.43
57.35
57.25
57.30
57.28
57.29
57.27
57.45
57.64
57.68
57.75
57.74
57.74
57.64
57.33
57.15
57.13
57.34
57.09
57.08
56.63
56.34
56.45
