0.50
0.50
0.50
0.50
0.50
0.50
0.50
0.50
0.50
0.50
0.50
0.47
0.38
0.48
0.50
0.50
0.50
0.50
0.50
0.50
0.50
0.50
0.50
0.50
0.50
0.50
0.50
0.50
0.50
0.50
0.50
0.50
0.50
0.50
0.50
0.53
0.60
0.65
0.75
0.77
0.73
0.70
0.77
0.77
0.75
0.75
0.75
0.75
0.73
0.73
0.73
0.73
0.73
0.73
0.73
0.72
0.72
0.72
0.70
0.68
0.68
0.68
0.68
0.70
0.70
0.68
0.70
0.72
0.73
0.82
0.87
0.91
0.95
0.99
1.01
1.06
1.10
1.13
1.11
1.11
1.10
1.08
1.06
1.06
1.06
1.08
1.12
1.13
1.13
1.13
1.13
1.12
1.12
1.15
1.23
1.33
1.42
1.53
1.55
1.62
1.60
1.60
1.58
1.58
1.58
1.58
1.58
1.58
1.58
1.58
1.58
1.58
1.58
1.58
1.58
1.58
1.58
1.58
1.58
1.58
1.58
1.60
1.60
1.60
1.62
1.64
1.72
1.80
1.88
1.99
2.03
2.03
2.03
2.10
2.10
2.13
2.15
2.15
2.15
2.15
2.17
2.17
2.17
2.15
2.15
2.15
2.13
2.15
2.15
2.17
2.17
2.17
2.18
2.18
2.18
2.15
2.18
2.39
2.51
2.54
2.50
2.43
2.34
2.14
2.05
2.06
2.01
2.00
1.95
1.96
1.98
2.05
2.08
2.08
2.15
2.18
2.18
2.21
2.27
2.34
2.34
2.47
2.56
2.53
2.60
2.60
2.60
2.62
2.71
2.90
2.97
2.66
2.54
2.51
2.51
2.49
2.46
2.42
2.47
2.50
2.52
2.63
2.63
2.68
2.74
2.85
2.88
2.86
2.84
2.89
2.91
2.93
2.95
2.97
2.97
2.97
2.98
2.98
3.03
3.11
3.12
3.21
3.28
3.31
3.34
3.37
3.36
3.33
3.28
3.22
3.22
3.20
3.20
3.20
3.21
3.21
3.21
3.26
3.25
3.25
3.26
3.24
3.24
3.26
3.24
3.24
3.29
3.29
3.31
3.36
3.41
3.58
3.63
3.35
3.30
3.34
3.39
3.42
3.59
3.70
3.70
3.68
3.67
3.67
3.67
3.73
3.72
3.70
3.70
3.70
3.72
3.73
3.72
3.72
3.72
3.72
3.75
3.77
3.82
3.95
4.01
4.00
3.93
3.88
3.76
3.76
3.72
3.71
3.73
3.73
3.76
3.88
3.93
3.96
3.94
3.97
3.97
3.99
3.97
3.98
4.00
4.06
4.07
4.05
4.17
4.17
4.14
4.03
4.00
4.00
3.94
3.97
3.94
3.90
3.90
3.80
3.82
3.75
3.68
3.66
3.73
3.85
3.90
3.95
4.03
4.07
4.11
4.11
4.11
4.16
4.16
4.16
4.21
4.21
4.19
4.21
4.19
4.24
4.36
4.41
4.52
4.47
4.49
4.47
4.48
4.56
4.57
4.59
4.61
4.61
4.59
4.58
4.61
4.58
4.59
4.62
4.62
4.64
4.64
4.67
4.69
4.73
4.73
4.71
4.74
4.74
4.81
4.94
5.01
4.94
4.81
4.74
4.58
4.50
4.48
4.40
4.37
4.32
4.36
4.44
4.43
4.47
4.50
4.59
4.61
4.64
4.66
4.69
4.68
4.68
4.71
4.71
4.73
4.70
4.68
4.70
4.70
4.67
4.69
4.87
5.04
5.15
5.24
5.29
5.18
5.15
5.17
5.17
5.14
5.16
5.22
5.22
5.26
5.25
5.27
5.29
5.29
5.32
5.30
5.33
5.32
5.32
5.26
5.29
5.26
5.29
5.36
5.45
5.57
5.45
5.44
5.29
5.18
5.20
5.15
5.23
5.30
5.36
5.40
5.50
5.50
5.51
5.51
5.53
5.53
5.53
5.53
5.61
5.65
5.65
5.68
5.73
5.73
5.77
5.80
5.81
5.83
5.93
6.05
6.06
6.18
6.18
6.08
5.92
5.80
5.66
5.56
5.60
5.59
5.60
5.60
5.69
5.79
5.84
5.92
6.02
6.09
6.05
6.09
6.13
6.11
6.13
6.18
6.28
6.31
6.35
6.36
6.40
6.43
6.43
6.49
6.45
6.45
6.48
6.56
6.56
6.55
6.50
6.53
6.57
6.61
6.64
6.64
6.68
6.69
6.71
6.73
6.71
6.70
6.71
6.71
6.75
6.75
6.75
6.70
6.72
6.73
6.79
6.96
7.03
7.03
7.00
7.05
7.05
7.00
7.02
7.02
7.14
7.12
7.12
7.06
7.05
7.05
6.94
6.88
6.90
6.88
6.88
6.90
6.88
6.88
6.90
6.94
6.93
6.96
6.96
6.96
6.95
6.97
7.02
7.09
7.22
7.28
7.32
7.29
7.29
7.29
7.32
7.38
7.36
7.39
7.40
7.42
7.40
7.39
7.44
7.47
7.48
7.56
7.57
7.56
7.58
7.60
7.61
7.61
7.53
7.43
7.55
7.72
7.72
7.78
7.83
7.80
7.80
7.76
7.73
7.67
7.59
7.59
7.60
7.63
7.72
7.76
7.78
7.82
7.84
7.84
7.82
7.88
7.91
7.94
7.94
7.96
7.91
7.91
7.91
7.93
7.96
8.01
8.11
8.22
8.30
8.37
8.40
8.40
8.31
8.25
8.19
8.16
8.11
8.04
8.05
8.08
8.11
8.07
8.07
8.06
8.11
8.17
8.20
8.20
8.24
8.29
8.29
8.34
8.36
8.55
8.56
8.68
8.72
8.74
8.59
8.47
8.47
8.49
8.56
8.65
8.76
8.75
8.78
8.79
8.79
8.81
8.79
8.82
8.82
8.82
8.82
8.81
8.81
8.84
8.90
8.91
8.91
8.91
8.89
8.86
8.96
8.89
8.85
8.83
8.63
8.47
8.36
8.39
8.43
8.51
8.68
8.80
8.92
9.00
9.05
9.02
9.08
9.11
9.13
9.13
9.12
9.12
9.12
9.15
9.15
9.21
9.20
9.17
9.21
9.21
9.25
9.29
9.27
9.34
9.18
9.06
9.06
9.00
8.95
8.97
9.01
9.05
9.12
9.04
9.08
9.06
9.13
9.13
9.13
9.06
9.06
9.08
9.12
9.18
9.20
9.20
9.24
9.24
9.20
9.20
9.22
9.29
9.20
9.22
9.20
9.23
9.25
9.34
9.39
9.37
9.38
9.38
9.36
9.31
9.30
9.31
9.21
9.25
9.17
9.15
9.14
9.21
9.20
9.32
9.29
9.34
9.23
9.18
9.30
9.02
8.91
8.84
8.83
9.02
9.19
9.26
9.33
9.34
9.37
9.46
9.56
9.60
9.60
9.57
9.60
9.62
9.63
9.67
9.63
9.60
9.60
9.56
9.51
9.47
9.43
9.56
9.57
9.59
9.55
9.64
9.60
9.58
9.49
9.48
9.45
9.47
9.54
9.51
9.60
9.64
9.61
9.68
9.66
9.68
9.69
9.69
9.68
9.74
9.71
9.76
9.75
9.68
9.68
9.61
9.63
9.61
9.63
9.68
9.84
9.81
9.62
9.57
9.79
9.77
9.90
9.88
10.01
9.98
10.01
9.96
10.02
10.00
10.06
10.10
10.06
10.01
9.97
9.94
9.88
9.92
9.96
9.98
9.95
9.96
9.93
9.99
10.02
10.07
10.37
10.42
10.21
10.16
10.13
10.11
10.13
10.05
10.00
10.05
10.13
10.17
10.17
10.14
10.08
10.18
10.28
10.35
10.36
10.32
10.38
10.36
10.44
10.49
10.48
10.50
10.62
10.68
10.53
10.34
10.30
10.23
10.21
10.28
10.40
10.53
10.56
10.47
10.44
10.44
10.49
10.60
10.63
10.62
10.66
10.64
10.65
10.68
10.72
10.66
10.68
10.70
10.73
10.76
10.80
10.72
10.67
10.67
10.60
10.56
10.76
10.80
10.89
10.70
10.60
10.58
10.56
10.60
10.73
10.73
10.91
10.94
10.93
10.95
10.91
10.93
10.90
10.87
10.91
10.86
10.79
10.82
10.85
10.88
10.87
10.93
10.96
10.92
11.01
10.91
10.85
10.83
10.70
10.74
10.83
10.89
10.94
11.04
11.05
11.05
11.02
11.02
11.00
11.07
11.07
11.04
11.04
11.01
10.98
10.97
10.95
10.92
10.92
10.92
10.85
10.93
10.98
11.20
11.19
11.14
11.08
11.07
10.94
10.77
10.75
10.91
10.98
11.05
11.18
11.19
11.17
11.17
10.99
10.94
10.86
10.79
10.83
10.96
10.95
11.07
11.05
11.09
11.09
11.10
11.15
11.14
11.12
11.19
11.27
11.36
11.56
11.57
11.40
11.27
11.18
11.10
11.20
11.26
11.37
11.43
11.45
11.50
11.53
11.51
11.56
11.63
11.68
11.69
11.73
11.73
11.80
11.77
11.72
11.79
11.77
11.71
11.76
11.66
11.65
11.81
11.87
11.85
11.81
11.84
11.83
11.83
11.86
11.86
11.94
11.99
12.03
12.09
12.07
12.10
12.16
12.11
12.09
12.03
12.06
12.07
12.02
12.10
12.05
12.06
12.05
12.16
12.23
12.27
12.25
12.25
12.31
12.44
12.50
12.48
12.51
12.52
12.44
12.43
12.46
12.46
12.52
12.57
12.60
12.62
12.60
12.64
12.62
12.64
12.67
12.69
12.72
12.74
12.69
12.71
12.68
12.73
12.74
12.72
12.64
12.62
12.65
12.77
12.71
12.62
12.53
12.62
12.78
12.85
12.85
12.87
12.83
12.86
12.92
12.90
12.91
12.89
12.93
12.92
12.89
12.83
12.86
12.86
12.84
12.91
12.89
12.88
12.92
12.96
12.90
12.80
12.90
12.83
12.71
12.49
12.53
12.53
12.37
12.30
12.31
12.27
12.36
12.43
12.50
12.69
12.76
12.82
12.84
12.86
12.82
12.75
12.64
12.60
12.65
12.55
12.66
12.72
12.78
12.77
12.86
12.91
12.95
13.02
12.94
12.99
13.00
12.87
13.03
13.11
13.10
12.97
12.93
12.91
12.98
13.07
12.98
13.03
12.97
12.96
12.93
12.81
12.88
12.85
12.99
12.98
12.94
12.94
12.89
12.89
13.08
13.06
13.17
13.17
12.98
12.80
12.85
12.75
12.69
12.66
12.78
12.80
12.76
12.78
12.74
12.83
12.95
13.01
13.00
13.13
13.18
13.17
13.19
13.22
13.23
13.28
13.30
13.31
13.30
13.35
13.35
13.33
13.36
13.43
13.22
13.15
13.14
13.16
13.22
13.24
13.37
13.53
13.67
13.68
13.71
13.69
13.69
13.71
13.81
13.81
13.81
13.80
13.82
13.80
13.85
13.75
13.74
13.71
13.67
13.63
13.63
13.90
13.76
13.57
13.68
13.65
13.74
13.85
13.96
14.00
14.04
14.12
14.10
14.12
14.17
14.13
14.07
14.06
13.95
13.85
13.96
13.89
13.87
13.82
13.87
13.89
13.89
14.12
14.03
14.09
14.02
13.94
13.78
13.72
13.67
13.57
13.62
13.57
13.73
13.85
13.94
14.01
13.95
13.91
13.86
13.81
13.77
13.73
13.78
13.75
13.86
13.77
13.86
13.66
13.78
13.78
13.75
13.73
13.79
13.91
14.03
13.90
13.80
13.68
13.24
12.98
13.10
13.57
13.75
13.67
13.74
13.72
13.69
13.62
13.51
13.44
13.47
13.60
13.67
13.81
13.75
13.84
13.89
13.91
13.86
13.90
13.92
14.08
14.13
14.11
13.93
13.90
13.91
14.06
14.11
14.16
14.24
14.21
14.22
14.22
14.28
14.45
14.51
14.46
14.46
14.55
14.53
14.62
14.69
14.72
14.70
14.73
14.62
14.67
14.68
14.69
14.68
14.69
14.68
14.81
14.84
15.05
15.13
14.84
14.65
14.45
14.54
14.75
15.10
15.16
15.13
15.14
15.09
15.10
15.05
15.05
15.02
15.05
15.04
14.97
14.94
14.92
14.90
14.92
15.03
15.05
15.05
15.07
15.02
14.99
14.81
14.98
14.78
14.65
14.76
14.94
15.15
15.13
15.09
15.11
15.13
15.22
15.25
15.21
15.10
15.17
15.14
15.24
15.25
15.23
15.21
15.17
15.17
15.14
15.20
15.16
15.19
15.28
15.41
15.48
15.48
15.66
15.76
15.85
15.82
15.77
15.74
15.69
15.66
15.67
15.58
15.44
15.42
15.35
15.36
15.41
15.50
15.46
15.44
15.51
15.54
15.61
15.67
15.77
15.75
15.77
15.75
15.77
15.73
15.76
15.73
15.71
15.83
15.89
15.54
15.32
15.19
15.32
15.68
15.87
15.92
15.90
15.86
15.77
15.67
15.47
15.24
15.18
15.06
15.02
15.08
15.11
15.16
15.21
15.22
15.43
15.50
15.47
15.54
15.72
15.80
15.67
16.07
15.90
15.93
15.92
15.99
16.11
16.30
16.30
16.34
16.41
16.44
16.42
16.52
16.55
16.57
16.56
16.53
16.48
16.46
16.48
16.47
16.52
16.49
16.54
16.52
16.54
16.42
16.36
16.50
16.65
16.42
16.39
16.43
16.48
16.42
16.39
16.48
16.38
16.43
16.43
16.47
16.52
16.54
16.57
16.57
16.49
16.32
16.41
16.49
16.41
16.35
16.45
16.66
16.28
16.23
16.32
16.41
16.60
16.89
16.72
16.77
17.01
17.17
17.16
17.21
17.16
17.12
17.06
16.97
16.97
16.97
17.05
17.05
17.04
17.07
17.06
17.04
16.90
16.98
17.02
17.10
17.14
17.20
17.16
17.21
17.09
17.08
16.97
17.23
17.25
17.27
17.21
17.24
17.42
17.44
17.54
17.52
17.49
17.47
17.40
17.42
17.42
17.47
17.55
17.42
17.34
17.25
17.20
17.21
17.18
17.21
17.23
17.27
17.42
17.57
17.46
17.32
17.08
16.88
16.80
16.87
17.13
17.01
17.11
17.17
16.97
17.00
17.29
17.41
17.48
17.58
17.56
17.58
17.63
17.71
17.62
17.59
17.42
17.32
17.27
17.23
17.38
17.50
17.61
17.49
17.23
17.20
17.18
17.03
16.81
17.26
17.36
17.33
17.32
17.38
17.47
17.62
17.62
17.64
17.64
17.65
17.74
17.68
17.74
17.81
17.84
17.84
17.88
17.82
17.77
17.72
17.74
17.72
17.76
17.81
17.64
17.59
17.50
17.47
17.13
17.44
17.42
17.60
17.71
17.68
17.66
17.86
17.74
17.64
17.68
17.72
17.87
17.98
18.00
17.93
17.95
17.98
17.94
17.84
17.90
17.82
17.69
17.66
17.66
17.78
17.86
18.01
18.02
18.02
17.67
17.70
17.87
17.95
18.08
17.99
17.97
18.07
18.29
18.09
18.12
18.01
17.86
17.77
17.87
17.80
17.85
17.85
17.81
17.45
17.56
17.63
17.78
17.85
17.77
17.86
17.95
18.05
18.04
18.12
18.29
18.05
17.91
18.14
18.29
18.49
18.48
18.46
18.52
18.62
18.71
18.78
18.80
18.74
18.47
18.40
18.37
18.41
18.55
18.69
18.73
18.77
18.89
18.89
18.92
18.88
18.95
18.76
18.82
18.77
18.58
18.66
18.78
18.81
18.82
19.01
18.91
18.67
18.70
18.78
18.81
18.82
18.84
18.95
18.94
18.90
18.97
19.01
18.98
19.01
19.01
19.04
18.96
19.03
18.88
18.92
18.89
18.95
19.11
19.08
19.29
19.43
19.25
19.28
19.09
18.94
18.90
18.87
19.03
18.92
18.60
18.30
18.61
18.53
18.64
18.67
18.79
18.76
18.95
18.94
18.86
18.89
18.98
18.87
18.80
18.88
18.80
18.90
18.89
18.85
18.76
18.92
19.08
19.10
19.11
18.99
19.20
19.20
19.18
19.18
19.26
19.24
19.21
19.27
19.33
19.36
19.35
19.25
19.23
19.24
19.23
19.25
19.27
19.25
19.37
19.46
19.53
19.68
19.68
19.55
19.39
19.43
19.38
19.34
19.12
19.06
18.96
18.81
18.90
19.19
19.31
19.41
19.29
19.22
19.25
19.35
19.32
19.33
19.39
19.43
19.57
19.61
19.70
19.82
19.79
19.69
19.64
19.65
19.63
19.61
19.62
19.44
19.46
19.62
19.66
19.55
19.30
19.37
19.29
19.35
19.33
19.35
19.44
19.42
19.48
19.51
19.65
19.55
19.49
19.55
19.67
19.71
19.83
19.85
19.81
19.89
19.91
20.16
20.07
19.70
19.44
19.19
19.39
19.75
19.68
19.69
19.48
19.52
19.71
19.69
19.67
19.67
19.74
19.79
19.87
19.82
19.66
19.51
19.46
19.62
19.70
19.64
19.53
19.62
19.70
19.70
19.72
19.91
19.78
19.65
19.68
19.60
19.92
19.75
19.67
19.66
19.77
19.90
19.91
19.81
19.84
19.70
19.73
19.71
19.77
19.77
19.80
19.89
19.94
19.87
19.87
20.01
19.91
19.90
19.89
19.92
19.94
20.04
20.25
20.38
20.17
20.03
20.10
20.16
20.13
20.30
20.23
20.15
20.15
20.23
20.28
20.35
20.33
20.27
20.29
20.30
20.22
20.12
20.13
20.16
20.33
20.23
20.24
20.19
20.34
20.34
20.60
20.59
20.47
20.33
20.21
20.28
19.99
20.05
20.11
20.24
20.38
20.42
20.39
20.45
20.49
20.50
20.47
20.42
20.50
20.56
20.70
20.69
20.70
20.76
20.79
20.74
20.81
20.80
20.79
20.77
20.83
20.83
21.01
21.03
20.90
20.84
20.83
20.79
20.75
20.69
20.67
20.64
20.78
20.59
20.52
20.59
20.51
20.62
20.54
20.62
20.65
20.63
20.72
20.75
20.77
20.75
20.75
20.79
20.81
20.87
20.81
20.80
20.85
20.72
20.86
20.81
20.74
20.76
20.67
20.72
20.77
20.80
20.89
20.84
20.95
20.98
20.84
20.89
20.80
20.81
20.91
20.99
20.97
21.00
21.05
21.20
21.28
21.29
21.31
21.29
21.26
21.26
21.20
21.50
21.44
21.56
21.58
21.58
21.68
21.73
21.73
21.79
21.96
22.01
22.03
21.97
22.06
22.19
22.14
22.14
22.17
22.12
22.22
22.12
22.16
22.22
22.23
22.22
22.19
22.23
22.09
22.04
21.97
21.86
21.97
21.46
21.42
21.53
21.71
21.54
21.41
21.55
21.70
21.64
21.40
21.25
21.31
21.22
20.98
20.74
20.71
20.79
20.84
21.09
21.15
21.34
21.40
21.43
21.41
21.35
21.32
21.45
21.55
21.46
21.38
21.10
21.10
20.75
20.87
21.08
20.82
20.93
21.09
21.19
21.18
21.23
21.20
21.17
21.14
21.23
21.11
21.09
20.91
21.03
21.14
21.21
21.29
21.32
21.37
21.45
21.42
21.47
21.35
21.58
21.68
21.67
21.61
21.50
21.51
21.56
21.47
21.50
21.56
21.58
21.64
21.66
21.62
21.67
21.76
21.82
21.82
21.81
21.83
21.86
21.91
21.88
21.93
21.95
21.97
22.01
22.10
22.29
22.19
22.11
22.02
22.09
22.07
21.80
22.01
22.15
22.14
22.19
22.20
22.25
22.25
22.19
22.00
22.04
22.05
22.19
22.28
22.35
22.30
22.35
22.37
22.55
22.65
22.62
22.77
22.71
22.65
22.71
22.74
22.84
22.82
22.61
22.37
22.37
22.52
22.60
22.49
22.46
22.77
22.93
23.04
22.82
22.71
22.43
22.50
22.50
22.66
22.92
23.08
23.16
23.31
23.37
23.35
23.37
23.40
23.35
23.28
22.98
22.98
23.21
22.94
23.05
22.97
23.03
22.98
23.04
23.05
23.03
23.06
23.07
23.00
23.16
23.26
23.21
23.28
23.22
23.04
23.01
23.08
23.06
23.16
23.18
23.20
23.29
23.30
23.33
23.37
23.24
23.19
23.07
22.72
22.96
22.86
22.71
22.75
22.70
22.66
22.61
22.78
22.65
22.78
23.20
23.16
23.21
23.19
23.10
22.96
22.92
22.94
22.89
22.84
22.64
22.76
22.84
23.06
23.11
23.10
23.09
23.06
23.50
23.03
23.06
23.11
23.28
23.19
23.01
22.91
22.84
22.48
22.49
22.43
22.82
23.10
22.86
22.84
22.56
22.40
22.48
22.74
23.03
23.27
23.31
23.27
23.39
23.36
23.35
23.53
23.92
23.94
24.08
23.82
23.81
23.87
23.94
23.83
23.83
23.84
23.81
23.54
23.53
23.77
23.91
23.92
23.94
23.97
23.98
24.07
24.10
24.12
24.22
24.29
24.47
24.49
24.49
24.48
24.51
24.50
24.51
24.16
24.22
24.17
23.29
23.70
24.08
24.16
23.88
24.15
24.10
24.17
24.17
24.09
24.07
24.16
24.09
24.18
24.02
24.12
24.14
24.13
23.95
23.83
23.75
24.17
24.14
24.26
24.21
24.19
24.34
24.30
24.27
24.08
24.08
24.19
24.31
24.40
24.39
24.46
24.55
24.50
24.57
24.60
24.64
24.68
24.67
24.71
24.72
24.56
24.68
24.74
24.80
24.75
24.74
24.84
24.87
24.90
24.80
24.92
24.80
24.88
24.87
24.72
24.56
24.62
24.54
24.45
24.16
24.19
24.26
24.49
24.58
24.68
24.54
24.64
24.74
24.43
24.55
24.44
24.58
24.52
24.51
24.59
24.67
24.66
24.59
24.51
24.51
24.71
24.58
24.85
24.89
24.79
24.56
24.63
24.70
24.98
25.02
24.99
24.95
24.95
25.06
25.23
25.31
25.39
25.34
25.37
25.30
25.35
25.33
25.40
25.49
25.52
25.60
25.58
25.62
25.56
25.63
25.32
25.10
24.99
24.98
24.52
24.89
24.95
25.08
24.92
25.07
25.13
25.17
25.16
25.07
25.12
25.01
25.39
25.55
25.63
25.55
25.55
25.50
25.09
24.90
24.91
25.06
25.15
25.15
25.30
25.47
25.54
25.52
25.70
25.63
25.41
25.32
25.38
25.43
25.46
25.62
25.62
25.75
25.86
25.95
25.97
26.05
26.03
26.09
26.09
26.17
26.16
26.21
26.18
26.16
26.17
26.12
26.15
25.90
26.05
26.10
26.01
25.98
25.90
25.67
25.62
25.21
25.58
25.66
25.64
25.97
26.06
25.83
25.66
26.16
26.06
25.78
25.90
25.77
25.92
25.96
26.26
26.05
25.65
25.70
26.12
26.05
26.17
26.14
25.66
25.49
25.38
25.65
26.34
26.05
25.90
25.48
25.68
25.51
25.34
25.11
25.25
25.25
25.53
25.32
24.97
24.84
24.97
25.17
25.31
25.43
25.38
25.65
25.76
25.83
26.02
26.06
26.00
25.90
25.91
25.81
25.91
26.03
26.11
25.96
26.00
25.47
25.31
25.81
25.93
26.11
26.19
26.38
26.54
26.57
26.53
26.59
26.63
26.48
26.58
26.60
26.64
26.89
26.97
27.00
27.14
27.11
27.07
26.97
27.14
27.09
27.04
27.14
27.11
27.16
27.04
27.45
27.27
27.30
27.33
27.32
27.41
27.47
27.60
27.72
27.74
27.72
27.82
27.79
27.90
27.90
27.98
28.00
28.03
28.03
28.06
28.12
28.12
28.06
28.12
28.30
28.07
27.95
27.84
27.70
27.28
27.30
27.52
27.55
27.55
27.58
27.61
27.65
27.66
27.68
27.82
27.80
27.90
27.86
27.91
28.02
27.99
28.11
27.90
27.90
27.90
27.91
28.02
28.02
28.07
28.07
28.17
28.18
28.20
28.15
27.81
27.14
27.09
27.05
27.35
27.19
27.06
27.09
27.19
27.40
27.38
27.20
27.34
27.43
27.36
27.28
27.12
27.10
27.11
26.55
26.28
26.46
26.66
26.85
26.63
26.93
27.31
26.96
27.05
27.25
27.31
27.50
27.71
27.84
27.81
27.94
27.81
27.96
28.22
28.15
28.21
28.10
27.97
28.01
27.95
28.12
27.75
27.81
28.07
27.76
27.71
27.91
27.95
28.08
28.09
28.05
28.24
28.10
28.31
28.32
28.19
27.89
28.18
28.30
28.43
28.45
28.38
28.50
28.44
28.45
28.64
28.95
28.76
28.78
28.76
28.90
28.90
28.29
27.84
27.93
27.76
27.81
27.93
28.42
28.83
28.64
28.41
28.42
28.44
28.79
28.12
28.06
28.10
28.24
28.01
28.05
28.08
28.15
28.13
28.29
28.38
28.46
28.46
28.47
28.35
28.23
28.21
28.22
28.31
28.27
28.36
28.41
28.41
28.53
28.51
28.63
28.62
28.61
28.43
28.61
28.47
28.06
27.92
28.00
28.42
28.47
28.76
28.82
28.75
28.70
28.54
28.53
28.60
28.62
28.69
28.91
28.93
28.90
28.95
29.04
29.11
29.07
29.09
29.10
29.10
29.13
29.24
29.47
29.00
28.74
28.46
28.31
28.20
28.33
28.19
28.44
28.71
28.81
28.91
28.97
28.97
29.02
29.07
29.07
28.71
29.11
29.27
29.20
29.21
29.25
29.32
29.33
29.41
29.36
29.27
28.90
28.69
28.86
29.03
28.72
28.88
29.05
29.23
29.04
29.10
29.13
29.07
29.00
28.90
29.26
29.54
29.36
29.42
29.49
28.33
28.37
28.83
28.99
28.96
28.95
28.87
28.52
28.70
28.62
28.23
28.33
28.80
29.41
29.63
29.27
28.90
28.60
28.84
29.14
29.20
29.30
29.49
29.18
29.31
29.51
29.79
29.79
29.83
29.86
30.02
30.30
30.35
30.22
30.28
30.29
30.24
30.28
29.95
29.78
30.00
30.11
30.24
30.29
29.90
30.11
29.75
29.26
29.29
29.96
30.12
30.09
30.07
30.10
29.85
29.43
29.41
29.22
29.26
29.42
29.62
29.82
29.84
29.89
29.94
29.85
29.81
29.85
29.88
29.93
29.97
29.92
29.97
30.23
30.27
30.51
30.43
30.28
30.16
30.17
30.25
30.18
30.09
30.07
30.09
30.28
30.31
30.45
30.65
30.80
30.83
30.80
30.75
30.76
30.71
30.76
30.76
30.80
30.86
30.78
30.81
30.86
30.95
30.89
30.88
30.72
30.36
30.44
30.53
30.58
30.54
30.51
30.21
30.24
30.50
30.42
30.18
30.19
30.49
30.64
30.69
30.66
30.52
30.76
30.91
31.05
31.07
31.23
30.92
31.04
31.13
31.18
31.11
31.06
30.75
30.47
30.45
30.76
30.92
30.79
30.75
30.73
30.91
30.64
30.56
30.97
30.89
30.72
30.86
30.89
30.89
30.33
30.22
29.95
30.54
30.82
30.64
30.38
30.10
29.90
30.35
30.11
29.74
30.33
30.36
30.03
29.20
29.35
29.42
29.40
29.19
28.66
28.63
29.00
29.09
28.93
28.33
28.70
29.03
29.02
28.97
29.09
29.18
28.91
28.76
28.96
29.18
29.12
28.76
28.69
28.94
29.35
29.66
29.58
29.61
29.90
30.07
30.10
30.24
29.86
29.86
29.95
29.61
29.55
29.87
30.01
30.02
29.95
29.80
29.75
29.56
29.65
29.72
29.91
30.00
30.04
29.92
29.90
30.01
30.23
30.10
30.09
29.94
29.94
29.82
30.13
29.92
29.99
29.84
30.14
30.28
30.05
30.27
30.19
30.15
30.19
30.00
30.15
30.01
30.15
30.14
30.06
30.11
30.22
30.36
30.24
30.00
30.04
30.07
30.24
30.50
30.40
30.28
30.17
29.99
29.94
29.79
29.78
29.73
29.95
30.06
30.21
30.34
30.39
30.70
30.77
30.70
30.58
30.47
30.35
30.08
29.92
29.86
29.88
29.96
30.21
30.39
30.53
30.49
30.46
30.50
30.70
30.67
30.53
30.14
30.10
30.20
30.40
30.47
30.36
30.45
30.50
30.57
30.46
30.48
30.49
30.24
30.48
30.37
30.32
30.48
30.48
30.73
30.68
30.73
30.63
30.70
30.59
30.66
30.63
30.60
30.70
30.37
30.39
30.20
30.36
30.16
30.17
30.37
30.42
30.23
30.31
30.25
30.35
30.32
30.42
30.54
30.60
30.48
30.38
30.68
30.77
30.58
30.66
30.80
30.87
30.98
30.69
30.85
30.91
30.76
30.83
30.78
30.46
30.27
30.41
30.48
30.71
30.35
30.56
30.72
30.85
31.12
31.21
31.40
31.52
31.23
30.93
30.09
30.39
30.84
30.85
31.08
31.11
31.23
31.08
30.82
30.83
30.85
31.06
31.25
31.52
31.34
31.26
31.09
31.06
31.15
31.40
31.35
31.36
31.47
31.44
31.56
31.79
31.82
31.93
31.96
31.85
31.76
31.80
31.86
32.10
32.00
31.98
31.92
32.10
32.12
32.20
32.38
32.33
32.44
32.48
32.31
32.44
32.25
32.22
31.95
32.09
32.15
32.24
32.07
32.12
32.21
32.27
32.18
32.31
32.30
32.33
32.38
32.35
32.49
32.54
32.55
32.43
32.47
32.56
32.48
32.21
32.32
32.35
32.23
32.38
32.31
32.15
31.68
31.19
31.05
31.88
31.80
31.79
32.04
31.96
31.95
32.10
32.10
32.21
32.28
32.41
32.30
32.15
32.12
31.89
31.81
32.06
32.28
32.55
32.53
32.47
32.60
32.57
32.32
32.23
32.09
32.01
31.97
31.64
31.51
31.53
31.50
31.65
32.19
32.08
32.17
32.39
32.39
32.34
32.38
32.40
32.36
32.37
32.32
32.31
32.33
32.48
32.39
32.40
32.40
32.53
32.63
32.66
32.64
32.60
32.75
32.71
32.54
32.41
32.22
32.16
32.11
32.50
32.70
32.82
33.01
33.04
32.86
32.54
32.35
31.85
32.03
31.93
32.12
32.36
32.30
32.61
32.72
32.80
32.88
32.93
33.05
32.89
32.82
32.91
32.98
33.10
32.85
32.96
32.57
32.83
32.90
32.99
32.81
32.60
32.87
32.69
32.87
32.91
32.53
32.37
32.38
32.39
32.58
32.60
32.91
33.04
33.19
33.29
33.25
33.29
33.39
33.44
33.50
33.61
33.60
33.85
33.26
32.91
32.96
33.25
32.94
33.04
33.56
33.65
33.79
33.94
33.88
33.72
33.44
33.50
33.74
33.72
33.68
33.58
33.64
33.70
33.63
33.96
34.06
34.04
33.90
33.47
33.21
33.35
33.45
33.37
33.30
33.20
32.94
33.31
33.24
33.05
33.11
33.11
33.23
33.38
33.47
33.34
33.28
33.31
33.40
33.41
33.42
33.92
33.92
34.05
33.97
33.92
33.66
33.62
33.42
33.62
33.61
33.71
33.65
33.61
33.57
33.42
33.62
33.60
33.50
33.85
33.82
33.81
33.70
33.67
33.45
33.32
33.10
33.60
33.79
33.70
33.74
33.75
33.64
33.50
33.33
33.25
33.37
33.56
33.76
34.04
34.26
34.49
34.52
34.53
34.48
34.26
34.10
34.26
34.12
34.16
34.34
34.47
34.54
34.00
33.88
33.89
33.71
33.83
33.83
33.81
33.78
33.50
33.54
33.76
33.79
33.87
33.87
33.92
33.68
33.77
33.60
33.81
34.06
34.28
34.00
33.50
33.20
33.17
33.25
33.59
33.50
33.71
33.55
33.67
33.92
34.01
34.16
34.12
34.10
34.29
34.13
34.10
34.10
34.06
34.11
34.30
34.31
34.35
34.40
34.31
34.37
34.36
34.36
34.32
34.15
34.01
34.33
34.37
34.16
34.34
34.27
34.25
34.01
33.71
33.44
33.79
33.35
33.18
33.25
33.31
33.32
33.51
33.65
33.58
33.71
34.14
34.13
34.32
34.07
33.75
33.75
33.57
33.72
33.97
34.32
33.97
34.02
34.05
34.51
34.53
34.48
34.53
34.61
34.52
34.16
34.18
34.10
34.15
34.26
34.54
34.71
34.75
34.61
34.36
34.10
33.71
33.78
33.75
33.84
33.90
34.04
34.16
34.06
33.98
34.22
33.87
33.83
33.86
33.95
34.22
34.17
34.30
34.33
34.33
34.53
34.42
34.61
34.53
34.51
34.55
34.62
34.72
34.67
34.71
34.74
34.77
34.87
34.53
34.61
34.61
34.77
34.61
34.71
34.72
34.49
34.44
34.49
34.41
34.49
34.59
34.82
34.53
34.48
34.41
34.64
34.59
34.79
34.88
34.79
34.77
34.89
34.78
34.75
34.85
34.86
34.80
34.94
34.96
35.07
35.13
35.13
35.16
34.93
35.08
35.39
35.73
35.85
36.00
35.90
35.97
35.71
35.65
35.87
35.83
35.62
35.60
35.55
35.59
35.77
35.79
35.67
35.64
35.50
35.29
35.44
35.55
35.51
35.42
35.64
35.46
35.40
35.33
35.38
35.61
35.42
35.45
35.54
35.82
35.94
35.99
36.09
36.09
35.61
35.59
35.82
36.01
36.01
36.04
36.14
36.02
35.99
35.60
36.00
36.07
36.01
35.88
35.69
35.34
35.37
35.45
35.65
35.78
35.69
35.56
35.46
35.18
35.36
35.63
35.44
35.45
35.50
35.53
35.73
35.87
35.89
36.07
35.91
35.92
35.63
35.79
35.69
35.78
35.77
35.89
35.72
35.37
35.77
35.92
36.25
36.18
36.24
36.26
36.33
36.29
36.30
35.42
35.32
35.30
35.42
35.50
35.34
35.73
35.74
35.91
35.53
35.61
35.13
35.04
35.14
35.24
35.39
35.39
35.55
35.60
35.91
36.01
35.86
35.96
35.89
36.11
35.76
35.32
35.44
35.38
35.25
35.16
35.44
35.41
35.45
35.70
35.84
35.76
35.62
35.43
35.63
35.72
35.82
35.59
35.53
35.44
35.58
35.59
35.67
35.31
35.43
35.97
36.20
35.92
35.75
35.66
35.66
35.79
35.66
35.36
35.26
35.38
35.08
34.83
35.04
35.03
34.93
34.76
34.83
34.74
34.80
34.91
34.66
34.97
34.96
35.34
35.40
35.22
34.99
35.24
35.19
35.46
35.55
35.64
35.68
35.79
35.77
35.73
35.70
35.64
35.43
35.51
35.75
35.61
35.42
35.18
35.39
35.52
35.39
35.25
35.87
36.08
36.19
36.05
36.12
36.10
36.16
35.98
36.30
36.45
36.42
36.36
36.27
36.29
36.37
36.25
36.09
36.16
36.32
36.06
36.28
36.14
36.16
36.21
36.18
36.02
36.18
36.32
36.05
35.77
35.87
36.30
36.38
36.34
36.26
36.21
35.89
35.72
35.45
35.39
35.41
35.72
35.79
35.67
35.66
36.04
35.58
35.50
35.21
35.47
36.02
36.17
36.33
36.27
36.24
36.42
36.65
36.66
36.48
36.65
36.78
37.00
36.82
36.83
36.81
37.06
37.00
36.98
36.93
37.01
36.91
36.89
37.03
37.24
36.86
36.64
36.48
36.38
36.19
36.28
36.10
36.29
36.17
36.51
36.18
36.72
36.90
36.93
37.05
37.14
36.83
36.61
36.45
36.36
36.41
36.55
36.61
36.63
36.66
36.71
36.80
36.97
36.96
36.85
37.18
37.06
37.11
37.31
37.28
36.96
36.61
36.45
36.52
36.57
36.59
36.50
36.67
36.55
36.61
36.34
36.44
36.25
36.39
36.23
36.31
36.30
36.31
36.40
36.21
36.21
36.33
35.95
35.82
36.01
35.92
35.34
35.46
36.20
36.41
36.13
35.85
35.68
35.61
35.66
35.76
35.67
35.87
35.53
35.55
35.74
35.80
35.85
36.21
36.30
36.63
36.66
36.69
36.79
36.64
35.89
36.25
36.58
36.67
36.69
36.85
36.70
36.87
36.93
37.22
37.49
37.48
37.37
37.28
36.91
36.94
36.72
36.49
36.54
36.25
36.21
36.18
35.77
35.83
35.90
35.85
36.46
36.59
36.12
36.04
35.87
35.99
35.95
36.06
36.58
36.75
36.67
36.63
36.47
36.17
36.08
36.21
36.24
36.05
36.11
35.87
35.87
36.34
36.86
37.17
37.25
37.29
36.70
36.90
36.68
36.52
36.46
36.84
37.01
37.08
36.72
36.98
37.23
37.33
37.48
37.23
37.17
36.79
36.58
36.74
36.66
36.45
35.71
35.51
35.52
36.04
36.46
36.61
36.66
36.71
36.76
37.09
36.82
36.89
37.05
37.16
37.15
37.07
36.99
37.04
37.15
37.32
37.24
37.31
37.31
37.37
37.66
37.54
37.55
37.79
37.92
37.97
37.72
37.62
37.70
37.34
37.44
37.53
37.65
37.70
37.96
38.10
38.32
38.31
38.37
38.27
38.36
38.33
38.18
38.10
38.24
38.24
38.03
37.75
37.72
37.89
37.72
37.97
37.70
37.80
37.62
37.50
37.51
37.96
38.32
38.23
38.31
38.26
38.48
38.51
38.46
38.29
38.32
38.50
38.36
38.49
38.41
38.48
38.45
38.37
38.18
38.20
38.11
38.12
38.03
38.18
38.11
38.09
38.42
38.52
38.15
38.03
37.51
37.36
37.40
37.55
37.59
37.89
37.81
37.86
37.79
37.89
37.84
38.08
38.01
37.96
38.06
38.25
38.26
38.29
38.49
38.56
38.65
38.84
38.64
38.72
38.61
38.39
38.42
38.36
38.17
38.20
38.39
38.16
37.98
37.74
37.89
37.84
38.09
38.26
38.23
38.06
38.18
38.18
38.31
38.21
37.58
37.50
37.37
37.62
37.94
37.96
38.12
38.05
37.89
38.02
37.97
38.03
37.74
37.46
37.61
37.73
37.59
37.13
37.29
37.65
37.98
37.69
37.80
37.81
37.77
37.92
38.07
38.28
38.48
37.96
38.04
37.90
37.98
38.03
37.97
38.02
38.04
38.10
38.04
38.37
38.45
38.51
38.42
38.10
38.05
37.74
37.55
37.62
37.59
37.78
37.75
37.97
37.97
38.09
38.39
38.22
38.32
38.37
38.44
38.42
38.42
38.48
38.56
38.78
38.84
38.88
38.86
38.91
38.96
38.71
38.64
38.72
38.55
38.68
38.79
38.87
38.84
38.68
38.64
38.85
38.78
38.81
38.69
38.50
38.60
38.56
38.83
38.67
38.75
38.66
38.64
38.75
38.59
38.56
38.79
38.73
38.63
38.49
38.24
38.25
38.17
38.51
38.44
38.24
38.26
38.11
38.16
37.77
38.11
38.23
38.15
38.34
38.42
38.65
38.71
38.83
38.62
38.64
38.61
38.72
38.55
38.62
38.19
38.46
38.24
38.35
38.46
38.46
38.60
38.66
38.71
38.58
38.56
38.35
37.93
37.81
38.53
38.66
38.18
38.14
38.17
38.29
38.46
38.51
38.87
39.26
39.14
39.07
38.96
39.14
39.10
39.19
39.39
39.35
39.30
39.32
39.46
39.44
39.39
39.23
39.08
39.10
38.92
38.69
38.42
38.07
38.31
38.86
39.05
39.17
39.26
38.88
39.10
38.98
38.73
38.65
38.45
38.46
38.54
38.86
38.94
38.71
38.59
38.90
39.13
39.21
39.56
39.43
39.46
39.52
39.78
39.62
39.33
39.45
39.83
39.66
39.89
39.90
39.77
39.63
39.84
39.87
39.89
40.07
40.21
40.22
39.88
39.39
39.65
39.73
39.85
39.82
39.90
39.66
39.54
39.81
39.88
40.03
40.06
40.08
40.08
40.06
39.47
39.20
39.70
39.36
39.32
39.14
39.19
39.47
39.54
39.83
39.95
39.64
39.38
39.42
39.72
39.91
39.72
39.87
39.93
40.13
40.15
39.98
39.98
40.14
39.80
39.78
39.86
39.55
39.79
39.96
40.19
39.60
39.58
39.55
39.59
39.67
39.73
39.51
39.40
39.59
39.78
39.95
39.86
39.90
40.33
40.30
40.23
40.14
40.04
40.13
40.07
40.06
40.24
40.26
39.92
39.93
39.91
39.89
40.09
39.67
39.94
39.50
39.41
39.10
39.39
39.39
39.44
39.64
39.30
38.69
38.97
39.36
39.77
39.66
39.79
39.71
39.42
39.31
39.54
39.73
40.04
40.08
39.98
39.95
39.92
40.15
39.98
40.03
39.96
40.06
39.69
39.89
39.68
39.40
39.88
39.79
39.68
39.36
39.54
39.69
39.82
39.99
39.70
39.96
40.01
40.00
40.03
40.00
39.81
39.84
39.92
40.28
40.25
40.22
40.12
40.29
40.43
40.63
40.54
40.33
40.47
40.51
40.45
40.18
40.17
40.32
40.20
40.14
40.23
40.32
40.38
40.30
40.22
40.21
40.29
40.38
40.45
40.41
40.45
40.60
40.71
40.86
40.70
40.68
40.55
40.27
40.21
40.10
40.07
40.14
39.51
39.41
39.62
39.83
39.95
39.94
39.92
39.92
39.99
40.29
40.33
40.61
40.61
40.82
40.95
41.09
41.07
41.07
40.91
41.03
41.17
41.33
41.39
41.59
41.60
41.22
41.23
41.31
41.41
41.57
40.95
40.97
40.72
40.86
41.12
41.07
41.13
41.00
41.02
41.01
40.80
40.85
41.12
41.66
41.50
41.32
41.10
41.06
41.11
40.83
40.76
40.73
41.17
41.35
41.37
41.23
41.07
41.50
41.26
40.91
40.28
39.39
39.84
40.70
40.54
40.36
40.41
40.53
40.91
41.38
41.35
41.39
41.45
41.52
41.71
41.67
41.91
42.17
42.23
42.09
42.17
42.16
42.19
42.10
42.18
42.16
42.11
42.16
41.80
41.64
41.46
41.28
41.47
41.32
40.77
40.62
41.22
41.32
41.40
41.41
41.44
41.63
41.61
41.64
41.45
41.32
41.41
41.63
41.60
41.59
41.74
41.78
41.60
41.74
41.76
41.88
41.86
41.95
42.00
41.97
41.78
41.08
41.27
41.63
42.07
42.10
42.15
42.15
41.98
42.06
42.29
42.42
41.88
41.79
42.06
42.18
42.09
42.27
42.28
42.45
42.38
42.53
42.58
42.77
42.82
42.72
42.56
42.60
42.55
41.95
41.88
41.81
41.72
41.50
41.30
41.36
41.41
41.59
41.59
41.63
41.60
41.50
41.84
41.63
41.65
41.99
41.57
41.76
41.77
41.48
41.34
41.56
41.62
41.52
41.73
42.08
42.20
42.06
42.12
41.96
41.95
41.65
41.47
41.97
41.84
42.09
41.70
41.49
41.58
41.83
41.74
41.40
41.49
41.76
41.66
41.78
41.53
41.54
41.19
41.36
41.76
41.77
41.87
41.86
42.06
41.90
41.77
41.99
41.89
41.89
41.66
41.69
41.47
41.99
41.69
42.01
41.75
42.20
42.05
41.81
41.75
41.63
41.73
41.97
41.97
41.92
42.38
42.39
42.43
42.58
42.73
42.83
42.96
43.16
43.13
43.20
43.07
42.72
42.73
42.52
42.83
42.87
43.29
43.37
43.54
43.27
42.98
43.08
43.25
43.31
43.18
42.78
42.90
43.39
43.55
43.36
43.32
43.50
43.53
43.51
43.48
43.53
43.60
43.56
43.49
43.38
43.34
43.72
44.03
44.06
43.84
43.05
42.77
43.24
43.61
43.03
43.31
43.62
43.72
43.93
44.02
43.82
43.94
43.98
44.17
44.20
44.13
44.05
43.53
43.40
43.66
43.95
43.99
43.89
43.98
43.27
43.04
43.35
43.88
44.25
44.41
44.28
43.98
43.91
44.08
43.76
43.56
43.66
43.67
43.49
43.53
43.85
44.02
44.56
44.75
44.71
44.27
43.96
44.06
43.83
43.65
43.83
44.51
44.52
44.71
44.48
44.18
44.37
44.17
43.79
43.59
43.17
42.94
43.28
43.02
43.60
43.91
44.21
43.95
43.86
43.72
44.08
43.91
43.93
43.64
44.09
44.03
44.20
44.12
44.35
44.60
44.46
44.47
44.55
44.94
44.76
44.74
44.92
44.72
44.76
44.18
44.01
43.78
43.81
44.05
43.82
44.20
44.37
44.37
44.14
44.24
44.13
44.05
44.01
44.25
44.45
44.51
44.63
44.73
44.58
44.36
44.38
44.21
44.19
44.27
44.55
44.70
44.53
44.56
44.47
44.35
44.29
44.38
44.57
44.39
44.50
44.71
44.94
44.86
45.07
44.92
44.94
45.06
45.18
45.09
44.85
44.51
44.49
44.72
44.77
44.85
45.07
44.99
45.17
44.94
44.58
44.98
45.21
45.16
44.79
44.76
44.70
44.58
44.62
44.69
45.11
45.23
44.95
44.86
44.41
44.77
45.06
45.25
45.23
45.42
45.39
44.93
44.67
44.84
44.81
45.27
45.13
45.14
45.23
45.51
45.56
45.85
45.68
45.66
45.52
45.06
44.50
44.25
44.32
44.67
44.83
44.88
44.38
44.55
44.62
44.55
44.41
44.59
44.92
45.01
44.90
44.88
45.06
45.07
44.94
44.84
44.88
44.88
44.97
44.79
44.77
44.94
45.32
45.13
44.90
44.78
45.10
45.00
44.92
44.94
44.94
44.74
44.90
45.08
44.95
44.97
45.05
45.11
45.47
45.48
45.35
45.50
45.48
45.56
45.54
45.47
45.56
45.69
45.69
45.68
45.71
45.91
45.96
46.01
46.04
45.92
45.58
45.45
45.22
45.15
45.24
45.48
45.51
45.43
45.02
45.13
45.20
45.12
45.19
45.26
44.98
44.51
44.55
44.36
44.55
44.96
45.19
45.19
45.15
44.99
45.04
45.07
45.53
45.54
45.29
45.05
45.17
44.83
44.71
44.42
45.11
45.05
44.95
45.06
44.80
44.65
44.88
44.79
45.17
45.19
45.39
45.74
45.65
45.52
45.54
45.43
45.07
45.11
45.52
45.58
45.13
44.54
44.69
45.39
45.41
45.29
44.73
44.94
44.70
44.63
44.61
44.35
44.55
44.43
44.55
44.58
44.97
44.95
45.24
45.25
45.20
45.09
45.25
45.44
45.60
45.37
45.17
44.67
44.67
44.50
44.59
44.78
44.82
44.68
44.61
44.57
45.20
45.32
45.07
45.24
45.25
45.48
45.27
44.83
44.57
45.52
45.55
45.22
45.11
45.02
44.84
45.26
45.09
45.08
44.65
45.09
44.72
44.36
44.39
44.89
44.75
45.29
45.40
45.26
45.04
45.13
45.08
45.73
45.57
45.43
45.43
45.63
45.55
45.56
45.39
45.21
45.10
45.58
45.60
45.59
45.67
45.57
45.76
45.68
45.18
45.37
45.23
45.12
45.34
45.22
45.61
45.60
45.59
45.61
45.64
45.10
44.64
44.66
44.42
44.26
44.36
44.59
44.65
44.60
44.63
44.64
44.65
44.94
44.77
44.90
45.08
45.50
45.32
45.40
45.58
45.84
45.58
45.46
45.70
46.03
45.85
45.79
45.54
45.36
45.59
45.52
44.24
44.72
45.28
45.09
45.21
45.03
45.47
45.53
45.31
45.07
45.18
45.44
45.88
45.56
45.56
45.47
45.72
45.80
45.69
45.98
45.89
46.07
46.22
46.15
46.08
46.07
45.94
46.32
46.34
46.20
45.67
46.12
45.84
45.86
45.80
45.96
46.39
46.32
46.20
45.85
45.86
45.95
45.74
45.90
45.80
45.60
45.79
45.59
45.58
45.66
45.74
45.57
45.53
45.72
45.91
45.68
45.77
46.18
46.32
46.54
46.37
46.18
46.09
46.34
46.03
46.14
46.53
46.52
46.59
46.68
46.57
46.55
46.12
46.02
46.51
46.76
46.60
46.73
46.62
46.77
46.93
46.77
46.98
47.03
47.22
47.33
47.48
47.42
47.02
46.97
46.84
47.08
46.80
46.92
47.49
47.67
48.01
47.57
47.63
47.66
47.65
47.10
47.02
47.40
47.57
47.52
47.60
47.60
47.53
47.42
47.55
48.01
48.16
48.05
47.76
47.73
47.82
47.64
47.37
47.21
47.15
47.20
47.13
46.77
47.03
46.99
47.08
47.05
47.22
47.11
47.32
47.35
47.33
46.96
47.17
47.79
47.68
47.63
47.45
46.98
47.17
47.50
47.45
47.63
47.47
47.57
48.12
48.16
48.09
48.18
48.03
47.99
47.91
47.54
47.16
47.34
47.38
47.56
47.43
48.01
47.98
47.52
46.86
46.49
46.30
45.92
45.83
45.96
46.34
46.26
46.21
46.27
46.14
46.38
46.48
46.37
46.06
46.45
46.52
46.32
45.94
46.48
46.31
46.60
46.76
46.85
46.97
47.01
47.27
47.26
47.43
47.34
47.05
47.21
47.11
47.12
47.15
46.98
47.08
47.09
47.17
47.34
47.45
47.36
47.47
47.59
47.59
47.62
47.71
47.97
48.51
48.38
48.22
48.03
48.08
48.01
48.14
48.14
48.48
48.52
48.38
48.25
48.30
48.34
48.55
48.50
48.60
48.63
48.61
48.77
48.73
48.78
48.87
48.92
48.96
48.73
48.72
48.60
48.25
48.48
48.20
48.02
47.78
47.86
48.06
47.87
47.83
47.85
47.65
47.78
47.81
47.84
47.98
47.99
48.18
48.19
48.22
48.09
48.29
48.26
48.34
48.49
48.50
48.58
48.56
48.51
48.52
48.68
48.83
48.88
48.44
47.87
48.12
47.74
48.00
48.23
48.36
48.50
48.74
48.82
48.99
49.09
48.85
48.58
48.84
48.91
48.96
49.08
48.33
48.27
48.35
48.45
48.36
49.15
49.03
49.36
49.20
49.03
48.83
48.75
48.42
48.46
48.64
48.49
48.58
48.48
48.56
48.82
49.08
49.22
49.18
49.15
49.23
49.59
49.33
49.37
49.63
49.71
49.50
49.30
49.22
49.48
49.30
49.40
49.37
49.39
49.26
49.27
49.28
49.80
49.84
49.78
49.77
49.29
49.34
49.69
49.73
49.82
49.99
49.99
49.99
50.13
50.39
50.31
50.39
50.18
49.90
49.86
50.03
50.13
49.81
49.80
49.63
49.83
49.80
49.71
49.75
49.60
49.35
49.46
49.42
49.38
49.41
49.26
49.38
49.54
49.65
49.65
50.04
49.92
49.91
50.29
50.34
50.46
50.50
50.43
50.43
50.69
50.58
50.56
50.61
50.64
50.59
50.81
50.83
50.65
50.70
50.72
50.19
50.19
50.33
50.30
50.49
50.66
50.89
51.01
50.64
50.57
50.80
50.89
50.99
51.01
51.23
51.23
51.19
51.18
51.11
51.33
51.26
51.19
51.35
51.30
51.36
51.17
51.11
51.20
51.24
50.86
50.93
50.82
50.64
50.19
50.53
50.84
50.18
50.13
50.27
50.20
50.03
50.16
50.18
50.41
50.39
50.39
50.52
50.41
50.49
50.62
50.45
50.47
50.58
50.70
50.65
50.85
50.88
51.06
51.06
50.96
50.71
50.44
50.77
50.79
50.53
50.38
50.51
50.29
50.24
50.60
50.52
50.27
50.43
50.63
50.57
50.66
50.40
50.21
50.21
50.26
50.47
50.30
50.56
50.66
50.89
50.82
50.93
50.55
50.36
50.51
51.12
51.30
51.14
51.27
51.26
51.25
51.36
51.46
51.71
52.13
51.79
51.68
51.47
51.74
51.82
51.68
51.43
51.37
51.32
51.42
51.33
51.37
51.25
51.28
51.50
51.62
51.60
51.59
51.36
51.12
51.07
50.79
50.95
51.03
50.76
50.71
50.95
51.10
51.21
50.86
50.50
50.71
50.74
51.06
50.99
51.05
51.07
51.75
51.47
51.49
51.57
51.61
51.47
51.70
51.74
51.89
51.83
51.85
51.70
51.45
51.24
51.19
51.21
51.36
51.58
51.36
51.46
51.06
51.19
51.43
51.17
51.38
51.47
51.52
51.79
51.64
51.73
51.87
51.94
52.04
51.96
51.95
51.89
51.91
52.07
52.14
52.33
52.15
52.25
52.27
52.34
51.78
51.79
51.84
51.75
51.87
51.61
51.83
51.73
51.86
52.08
52.23
52.42
52.00
51.63
51.50
51.78
51.94
52.12
52.36
52.44
52.59
52.50
52.72
52.50
52.35
52.42
52.38
52.38
52.27
52.34
52.16
52.20
52.09
51.97
52.12
52.23
52.10
52.28
52.01
52.09
52.28
52.28
52.35
52.10
52.07
51.69
52.14
52.49
52.17
52.14
52.17
52.31
52.19
52.30
52.13
52.00
52.15
52.23
52.17
51.94
51.19
51.10
51.62
51.92
52.04
51.97
52.03
52.03
52.13
52.08
52.30
51.90
51.45
51.27
51.29
51.79
51.49
51.82
52.12
52.25
52.57
52.43
52.21
51.81
51.97
