0.50
0.50
0.50
0.50
0.50
0.50
0.50
0.50
0.52
0.52
0.60
0.50
0.50
0.50
0.50
0.50
0.50
0.50
0.50
0.50
0.50
0.50
0.50
0.50
0.50
0.50
0.50
0.50
0.50
0.50
0.50
0.52
0.72
0.77
0.72
0.72
0.72
0.73
0.72
0.72
0.72
0.72
0.70
0.70
0.70
0.70
0.70
0.70
0.70
0.72
0.68
0.68
0.68
0.70
0.70
0.70
0.70
0.70
0.72
0.70
0.70
0.68
0.67
0.65
0.68
0.68
0.68
0.75
0.81
0.85
0.92
0.92
0.93
0.94
0.94
0.97
0.95
0.97
1.01
1.04
1.02
1.04
1.06
1.04
1.04
1.03
1.04
1.04
1.03
1.06
1.01
1.01
1.01
1.01
1.05
1.11
1.20
1.30
1.40
1.43
1.45
1.45
1.42
1.45
1.43
1.45
1.45
1.45
1.43
1.43
1.43
1.43
1.43
1.43
1.43
1.43
1.43
1.43
1.45
1.47
1.47
1.47
1.47
1.50
1.48
1.48
1.48
1.57
1.59
1.61
1.71
1.73
1.70
1.66
1.72
1.75
1.73
1.73
1.72
1.72
1.72
1.72
1.72
1.72
1.70
1.69
1.69
1.69
1.69
1.69
1.69
1.69
1.70
1.74
1.72
1.74
1.74
1.85
2.02
2.06
2.01
2.10
2.07
2.03
2.00
2.00
1.96
1.98
1.98
1.96
1.96
1.96
1.92
1.92
1.92
1.94
1.94
1.96
1.96
1.96
2.00
2.03
2.05
2.09
2.12
2.17
2.21
2.23
2.32
2.46
2.53
2.54
2.58
2.53
2.44
2.18
2.16
2.03
2.03
2.05
2.09
2.09
2.31
2.39
2.41
2.41
2.41
2.46
2.48
2.50
2.55
2.51
2.56
2.55
2.55
2.56
2.56
2.59
2.64
2.73
2.81
2.82
2.91
2.92
2.93
2.96
2.84
2.87
2.82
2.86
2.87
2.84
2.85
2.87
2.86
2.78
2.76
2.76
2.76
2.75
2.75
2.77
2.72
2.73
2.73
2.73
2.75
2.78
2.82
2.85
2.96
3.02
3.09
3.12
3.10
3.14
3.22
3.21
3.21
3.22
3.28
3.28
3.26
3.25
3.25
3.20
3.18
3.19
3.19
3.23
3.23
3.26
3.26
3.26
3.24
3.26
3.28
3.27
3.32
3.37
3.51
3.57
3.55
3.49
3.47
3.38
3.40
3.37
3.36
3.36
3.36
3.36
3.36
3.39
3.44
3.41
3.46
3.50
3.50
3.51
3.55
3.58
3.58
3.58
3.62
3.60
3.62
3.57
3.56
3.46
3.44
3.46
3.44
3.52
3.54
3.59
3.61
3.60
3.63
3.65
3.63
3.66
3.61
3.63
3.59
3.60
3.61
3.61
3.56
3.61
3.59
3.57
3.56
3.59
3.63
3.65
3.68
3.72
3.74
3.86
3.96
3.94
3.87
3.87
3.88
3.82
3.82
3.82
3.82
3.84
3.84
3.84
3.85
3.85
3.84
3.87
3.89
3.85
3.92
3.95
3.95
3.99
4.06
4.07
4.11
4.11
4.11
4.12
4.19
4.27
4.29
4.33
4.39
4.34
4.27
4.22
4.17
4.17
4.16
4.18
4.20
4.19
4.22
4.22
4.21
4.21
4.23
4.25
4.28
4.26
4.31
4.35
4.29
4.26
4.24
4.28
4.30
4.38
4.54
4.65
4.76
4.82
4.84
4.84
4.84
4.81
4.81
4.79
4.79
4.81
4.81
4.81
4.79
4.77
4.76
4.81
4.75
4.79
4.80
4.82
4.80
4.84
4.84
4.86
4.87
4.91
4.93
5.04
5.06
4.95
4.95
4.92
4.94
4.97
4.94
4.97
4.99
5.01
5.05
5.10
5.10
5.07
5.10
5.12
5.12
5.12
5.10
5.10
5.08
5.08
5.10
5.14
5.12
5.15
5.19
5.20
5.19
5.22
5.38
5.51
5.58
5.65
5.65
5.53
5.45
5.30
5.12
5.09
5.07
5.07
5.12
5.27
5.37
5.44
5.48
5.55
5.62
5.65
5.65
5.65
5.69
5.71
5.74
5.80
5.80
5.80
5.81
5.81
5.85
5.93
6.02
6.07
6.13
6.09
6.06
6.06
6.04
6.13
6.17
6.19
6.22
6.21
6.21
6.21
6.22
6.22
6.20
6.20
6.19
6.19
6.20
6.22
6.22
6.22
6.22
6.25
6.32
6.42
6.49
6.57
6.61
6.62
6.64
6.62
6.66
6.67
6.64
6.62
6.61
6.61
6.62
6.62
6.62
6.61
6.57
6.53
6.55
6.57
6.55
6.55
6.53
6.51
6.53
6.53
6.57
6.57
6.50
6.49
6.61
6.73
6.79
6.79
6.77
6.74
6.78
6.80
6.78
6.80
6.78
6.80
6.80
6.80
6.80
6.83
6.87
6.90
6.92
6.92
6.94
6.95
6.87
6.86
6.86
6.86
6.90
6.91
6.98
7.08
7.16
7.30
7.34
7.22
7.13
7.12
7.07
6.96
7.01
7.01
6.98
6.98
7.06
7.04
7.07
7.13
7.17
7.19
7.21
7.24
7.28
7.28
7.30
7.28
7.30
7.30
7.31
7.37
7.37
7.32
7.35
7.38
7.44
7.59
7.69
7.73
7.72
7.72
7.75
7.74
7.64
7.60
7.54
7.47
7.47
7.47
7.43
7.45
7.45
7.45
7.48
7.46
7.49
7.52
7.55
7.57
7.59
7.61
7.74
8.00
8.05
8.04
7.98
7.90
7.88
7.86
7.88
7.85
7.87
7.85
7.88
7.92
7.97
7.93
7.93
7.96
8.05
8.03
8.09
8.09
8.16
8.21
8.21
8.21
8.21
8.21
8.22
8.17
8.15
8.19
8.24
8.29
8.16
8.06
8.09
7.98
7.99
8.02
8.03
8.07
8.01
8.06
8.08
8.08
8.14
8.21
8.26
8.26
8.31
8.35
8.48
8.49
8.49
8.55
8.56
8.55
8.55
8.50
8.50
8.48
8.53
8.62
8.65
8.43
8.36
8.39
8.49
8.60
8.61
8.61
8.61
8.61
8.59
8.63
8.62
8.52
8.56
8.54
8.51
8.56
8.52
8.56
8.59
8.59
8.58
8.60
8.63
8.64
8.64
8.67
8.81
8.84
8.91
8.88
8.85
8.86
8.87
8.88
8.84
8.80
8.79
8.74
8.70
8.77
8.75
8.75
8.70
8.72
8.67
8.67
8.67
8.62
8.66
8.56
8.59
8.55
8.51
8.47
8.56
8.59
8.60
8.76
8.83
8.88
8.90
8.87
8.91
8.79
8.82
8.74
8.74
8.77
8.79
8.84
8.86
8.87
8.93
8.97
8.97
9.07
9.07
9.15
9.14
9.15
9.15
9.20
9.23
9.23
9.22
9.22
9.27
9.29
9.29
9.32
9.36
9.41
9.47
9.44
9.38
9.31
9.27
9.22
9.21
9.22
9.22
9.19
9.19
9.19
9.22
9.27
9.29
9.31
9.30
9.30
9.25
9.34
9.33
9.35
9.59
9.72
9.64
9.67
9.57
9.55
9.51
9.53
9.65
9.64
9.69
9.73
9.79
9.88
9.90
9.90
9.90
9.86
9.88
9.84
9.86
9.88
9.87
9.85
9.87
9.89
9.89
9.82
9.81
9.75
9.74
9.76
9.86
9.84
9.86
9.96
9.99
10.02
10.01
9.93
9.89
9.89
9.94
9.94
9.96
10.01
9.99
10.00
10.02
10.01
10.02
10.01
10.01
9.99
10.06
10.07
10.07
10.04
10.12
10.12
10.11
10.18
10.18
10.23
10.25
10.41
10.43
10.35
10.44
10.41
10.43
10.41
10.41
10.37
10.36
10.39
10.47
10.48
10.55
10.59
10.63
10.61
10.69
10.71
10.69
10.71
10.66
10.66
10.66
10.68
10.61
10.59
10.61
10.63
10.80
10.86
10.83
10.84
10.86
10.82
10.86
10.80
10.82
10.72
10.77
10.81
10.79
10.76
10.81
10.82
10.79
10.77
10.73
10.77
10.79
10.85
10.85
10.85
10.77
10.74
10.73
10.80
10.83
10.87
10.86
10.88
10.80
10.70
10.61
10.60
10.58
10.53
10.52
10.48
10.45
10.49
10.55
10.55
10.57
10.62
10.64
10.60
10.66
10.64
10.60
10.62
10.62
10.69
10.72
10.72
10.72
10.78
10.80
10.80
10.82
10.91
10.83
10.84
10.81
10.74
10.71
10.69
10.69
10.73
10.81
10.81
10.83
10.81
10.84
10.91
10.92
10.92
10.91
10.94
10.90
10.92
10.93
11.00
11.06
11.07
11.11
11.19
11.19
11.28
11.16
11.15
11.19
11.13
11.12
10.99
10.98
10.96
10.92
10.94
10.92
10.87
10.87
10.89
10.87
10.87
10.87
10.87
10.87
10.87
10.84
10.86
10.87
10.86
10.84
10.92
10.97
11.06
11.21
11.26
11.22
11.15
11.23
11.34
11.25
11.25
11.30
11.30
11.30
11.40
11.34
11.41
11.43
11.41
11.45
11.50
11.59
11.59
11.56
11.62
11.62
11.62
11.60
11.60
11.64
11.64
11.66
11.60
11.60
11.68
11.73
11.75
11.84
11.94
11.97
11.86
11.79
11.85
11.85
11.88
11.88
11.94
11.92
11.90
11.92
11.92
11.93
11.93
11.94
11.90
11.97
11.97
12.03
12.03
12.03
12.03
12.05
11.99
12.01
12.08
12.06
12.06
12.03
12.07
12.05
11.94
11.89
11.91
11.90
11.86
11.79
11.72
11.68
11.73
11.77
11.87
11.90
11.92
11.93
11.95
11.93
11.98
12.04
12.12
12.15
12.26
12.31
12.29
12.29
12.24
12.30
12.28
12.25
12.26
12.18
12.14
12.09
12.10
12.14
12.10
12.15
12.13
12.21
12.24
12.33
12.36
12.49
12.50
12.53
12.53
12.55
12.49
12.51
12.53
12.52
12.52
12.48
12.45
12.52
12.49
12.50
12.47
12.49
12.47
12.44
12.36
12.32
12.32
12.31
12.34
12.32
12.34
12.46
12.58
12.59
12.59
12.48
12.41
12.43
12.38
12.41
12.54
12.54
12.62
12.56
12.52
12.58
12.61
12.64
12.68
12.73
12.86
12.86
12.86
12.82
12.82
12.69
12.53
12.49
12.45
12.40
12.48
12.54
12.61
12.67
12.76
12.66
12.67
12.68
12.71
12.71
12.70
12.64
12.66
12.74
12.77
12.81
12.91
12.97
13.04
13.09
13.20
13.13
13.10
13.05
12.98
12.92
12.89
12.81
12.77
12.71
12.58
12.53
12.50
12.50
12.52
12.50
12.53
12.58
12.58
12.59
12.67
12.63
12.65
12.68
12.62
12.64
12.78
12.95
13.01
12.94
12.96
12.94
12.91
12.91
12.88
12.88
12.94
12.97
13.00
13.00
13.12
13.12
13.13
13.08
13.10
13.12
13.13
13.14
13.13
13.14
13.16
13.13
13.07
13.09
13.04
13.05
13.01
12.98
12.93
12.90
12.86
12.76
12.71
12.74
12.76
12.79
12.80
12.73
12.75
12.82
12.84
12.93
12.95
12.96
13.06
13.13
13.16
13.21
13.22
13.16
13.18
13.19
13.17
13.21
13.26
13.27
13.36
13.38
13.39
13.36
13.34
13.37
13.48
13.47
13.33
13.24
13.21
13.13
13.04
13.04
12.94
12.87
12.85
12.80
12.79
12.75
12.78
12.83
12.82
12.76
12.74
12.66
12.64
12.73
12.71
12.76
12.55
12.57
12.50
12.51
12.46
12.53
12.49
12.53
12.71
12.81
12.82
12.87
12.94
12.99
12.99
13.06
13.04
13.09
13.13
13.18
13.22
13.25
13.30
13.36
13.35
13.27
13.22
13.12
13.18
13.44
13.50
13.48
13.46
13.36
13.11
12.98
12.88
12.87
12.91
12.99
12.94
12.96
13.05
13.06
13.21
13.36
13.41
13.41
13.38
13.41
13.49
13.52
13.51
13.55
13.67
13.68
13.65
13.59
13.52
13.50
13.63
13.62
13.74
13.65
13.57
13.53
13.63
13.72
13.81
13.76
13.84
13.88
13.97
14.09
14.14
14.22
14.33
14.29
14.31
14.33
14.29
14.28
14.28
14.25
14.26
14.26
14.26
14.24
14.27
14.34
14.30
14.33
14.40
14.40
14.37
14.42
14.43
14.43
14.52
14.57
14.73
14.77
14.84
14.91
14.91
14.87
14.86
14.86
14.86
14.87
14.85
14.83
14.79
14.78
14.76
14.70
14.72
14.72
14.73
14.75
14.70
14.73
14.67
14.72
14.79
14.82
14.83
14.84
14.77
14.74
14.67
14.55
14.56
14.55
14.56
14.59
14.59
14.61
14.64
14.66
14.71
14.78
14.69
14.66
14.61
14.64
14.52
14.49
14.45
14.46
14.54
14.75
14.63
14.64
14.72
14.68
14.62
14.56
14.54
14.52
14.52
14.48
14.48
14.49
14.54
14.53
14.56
14.58
14.56
14.63
14.63
14.68
14.73
14.81
14.90
14.88
14.94
14.95
15.12
15.17
15.29
15.26
15.26
15.32
15.34
15.43
15.42
15.36
15.37
15.48
15.51
15.44
15.53
15.52
15.41
15.37
15.34
15.35
15.51
15.71
15.69
15.76
15.72
15.75
15.71
15.70
15.70
15.63
15.71
15.76
15.64
15.46
15.64
15.76
15.83
15.84
15.84
15.76
15.73
15.70
15.73
15.80
15.79
15.78
15.84
15.79
15.67
15.62
15.64
15.62
15.56
15.70
15.69
15.88
15.84
15.75
15.79
15.88
16.01
15.88
15.93
16.11
16.36
16.55
16.58
16.51
16.54
16.63
16.54
16.60
16.64
16.57
16.51
16.46
16.38
16.40
16.30
16.23
16.22
16.15
16.17
16.18
16.11
16.21
16.38
16.40
16.28
16.33
16.14
16.26
16.24
16.38
16.44
16.49
16.53
16.61
16.73
16.65
16.64
16.62
16.38
16.35
16.30
16.40
16.41
16.41
16.41
16.34
16.24
16.05
16.04
16.04
16.07
16.12
16.16
16.17
16.27
16.42
16.46
16.56
16.63
16.82
16.91
17.04
17.06
17.12
17.13
17.08
17.08
17.10
17.12
17.09
17.10
17.14
17.14
17.14
17.21
17.21
17.20
17.15
17.12
17.05
17.03
17.07
17.00
17.05
17.02
17.02
16.90
16.88
16.93
17.00
17.24
17.43
17.45
17.62
17.47
17.37
17.39
17.45
17.55
17.66
17.77
17.69
17.65
17.71
17.70
17.70
17.64
17.58
17.66
17.68
17.66
17.57
17.72
17.81
17.79
17.91
17.85
17.86
17.78
17.56
17.56
17.56
17.67
17.82
17.83
17.86
17.92
17.96
17.85
17.82
17.72
17.66
17.57
17.51
17.27
17.32
17.40
17.46
17.52
17.56
17.59
17.58
17.58
17.44
17.53
17.61
17.56
17.72
17.43
17.16
17.16
17.26
17.56
17.87
17.98
17.88
17.97
18.00
18.11
18.07
17.88
17.69
17.76
17.96
18.14
18.38
18.40
18.42
18.41
18.41
18.42
18.50
18.60
18.52
18.32
18.22
18.37
18.48
18.58
18.56
18.54
18.60
18.52
18.43
18.47
18.49
18.43
18.50
18.61
18.59
18.60
18.57
18.57
18.57
18.69
18.71
18.68
18.63
18.63
18.56
18.63
18.60
18.73
18.53
18.35
18.58
18.61
18.69
18.81
18.65
18.62
18.60
18.61
18.54
18.47
18.40
18.24
18.25
18.44
18.46
18.38
18.41
18.39
18.45
18.47
18.55
18.57
18.61
18.58
18.58
18.66
18.58
18.57
18.40
18.49
18.66
18.57
18.50
18.45
18.51
18.47
18.52
18.48
18.43
18.41
18.30
18.45
18.53
18.53
18.48
18.46
18.43
18.50
18.41
18.44
18.45
18.55
18.55
18.53
18.50
18.52
18.59
18.63
18.68
18.69
18.83
18.88
18.91
18.86
18.88
18.97
19.12
19.17
19.18
19.18
19.11
19.14
18.88
18.92
18.92
18.71
18.88
18.89
18.92
19.07
19.07
19.23
19.18
19.17
19.21
19.15
19.15
19.16
19.02
19.14
19.22
19.32
19.26
19.13
19.20
19.26
19.35
19.42
19.47
19.41
19.44
19.46
19.39
19.37
19.42
19.44
19.49
19.52
19.53
19.48
19.51
19.51
19.46
19.59
19.60
19.58
19.62
19.67
19.71
19.70
19.65
19.69
19.50
19.56
19.71
19.76
19.81
19.92
19.95
19.85
19.72
19.74
19.77
19.82
19.84
19.77
19.70
19.71
19.81
19.69
19.74
19.84
19.81
19.83
19.81
19.66
19.47
19.44
19.21
19.34
19.39
19.33
19.21
18.91
18.73
18.90
19.04
19.06
19.26
19.35
19.39
19.42
19.41
19.54
19.82
19.87
19.84
19.85
19.76
19.84
19.79
19.83
19.62
19.56
19.53
19.57
19.44
19.39
19.23
19.32
19.28
19.10
19.11
19.12
19.14
19.16
19.20
19.17
19.28
19.35
19.40
19.38
19.52
19.62
19.67
19.63
19.58
19.61
19.59
19.59
19.54
19.52
19.49
19.65
19.65
19.52
19.48
19.31
19.36
19.44
19.65
19.73
19.91
19.88
19.93
19.92
19.96
19.85
19.89
19.94
19.94
19.94
19.97
20.04
20.06
20.06
20.08
20.12
20.10
20.08
20.07
19.96
20.00
19.99
20.04
19.95
20.10
20.08
20.27
20.31
20.44
20.36
20.36
20.47
20.41
20.27
20.34
20.35
20.37
20.38
20.32
20.32
20.33
20.33
20.31
20.16
20.21
20.23
20.20
20.13
20.05
20.08
20.19
20.21
20.23
20.15
20.17
20.31
20.36
20.39
20.57
20.55
20.69
20.64
20.62
20.59
20.66
20.66
20.66
20.61
20.80
20.90
20.80
20.89
20.81
20.92
20.97
21.17
21.37
21.22
21.19
21.24
21.30
21.27
21.26
21.13
21.11
21.20
21.15
21.30
21.52
21.43
21.27
21.20
21.20
21.13
21.20
21.07
21.10
20.96
21.00
20.89
20.97
21.03
21.01
21.05
21.00
21.14
21.11
21.16
21.21
21.28
21.28
21.43
21.33
21.33
21.38
21.33
21.32
21.21
21.03
20.83
20.85
20.76
20.79
20.93
20.85
20.99
20.97
21.03
21.02
21.14
21.24
21.22
21.37
21.37
21.22
21.18
21.15
21.11
21.14
21.24
21.25
21.25
21.38
21.45
21.53
21.51
21.30
21.19
21.15
21.26
21.25
21.45
21.44
21.39
21.39
21.42
21.43
21.43
21.67
21.63
21.56
21.60
21.54
21.70
21.71
21.77
21.69
21.71
21.66
21.75
21.77
21.65
21.57
21.65
21.66
21.59
21.52
21.73
21.73
21.74
21.66
21.57
21.67
21.55
21.67
21.55
21.43
21.54
21.58
21.63
21.65
21.62
21.64
21.60
21.69
21.73
21.75
21.75
21.81
21.80
21.84
21.86
21.87
21.86
21.92
22.04
22.06
22.07
21.88
22.19
22.25
22.16
22.17
22.03
21.98
21.91
21.86
21.82
21.86
21.66
21.50
21.47
21.56
21.56
21.56
21.54
21.44
21.34
21.39
21.42
21.59
21.52
21.57
21.54
21.75
21.88
21.97
22.10
22.25
22.16
22.08
21.89
21.37
21.02
21.14
21.42
21.54
21.77
21.79
21.87
21.79
21.60
21.62
21.64
21.65
21.69
21.84
21.88
21.96
21.94
22.01
22.08
22.12
22.14
22.16
22.04
21.81
21.73
21.93
21.75
21.66
21.57
21.65
21.79
21.75
21.79
21.75
21.72
21.86
21.87
21.92
21.98
21.96
21.95
22.01
22.09
22.19
22.27
22.33
22.35
22.39
22.41
22.36
22.39
22.52
22.54
22.54
22.34
22.28
22.44
22.24
22.00
21.92
22.18
22.45
22.61
22.59
22.58
22.49
22.51
22.59
22.68
22.67
22.68
22.66
22.58
22.51
22.41
22.54
22.60
22.65
22.64
22.56
22.71
22.63
22.69
22.75
22.78
22.73
22.97
22.92
22.80
22.57
22.53
22.59
22.57
22.56
22.45
22.44
22.31
22.29
22.27
22.29
22.18
22.18
22.18
22.12
22.06
22.04
22.00
22.09
22.15
22.11
22.11
22.21
22.47
22.55
22.82
22.84
22.94
22.91
22.81
22.59
22.08
21.85
21.77
21.81
21.89
21.91
22.01
22.08
22.12
21.95
21.90
21.80
21.51
21.92
22.19
22.43
22.52
22.71
22.88
23.00
23.04
23.09
23.36
23.32
23.36
23.37
23.31
23.20
23.21
22.93
22.77
22.90
22.75
22.69
22.64
22.70
22.76
22.77
22.96
22.91
22.92
23.00
23.12
23.15
23.07
23.04
22.98
22.87
22.77
22.72
22.65
22.87
23.07
23.18
23.28
23.59
23.82
23.94
23.84
23.74
23.64
23.62
23.59
23.53
23.59
23.70
23.76
23.73
23.69
23.74
23.75
23.77
23.75
23.77
23.65
23.67
23.72
23.73
23.73
23.73
23.85
23.78
23.84
23.92
24.14
24.07
24.22
24.03
24.03
24.21
24.27
24.26
24.26
24.23
24.22
24.11
24.08
24.15
24.05
24.02
24.11
24.09
24.07
24.09
24.16
24.01
24.00
23.91
23.95
23.90
23.87
23.79
23.96
24.05
24.21
24.41
24.44
24.49
24.37
24.40
24.25
24.21
24.08
24.03
24.03
23.90
23.96
24.03
24.05
24.15
24.20
24.14
23.96
24.05
24.07
24.06
24.05
24.05
24.13
24.13
24.15
24.05
24.15
24.24
24.34
24.37
24.50
24.38
24.25
24.15
24.14
23.95
24.01
23.98
23.87
23.96
23.99
24.06
24.05
24.02
24.22
24.24
24.28
24.16
24.20
24.12
24.16
24.16
24.23
24.21
24.27
24.29
24.51
24.52
24.50
24.48
24.69
24.73
24.71
24.69
24.67
24.69
24.63
24.67
24.82
24.80
24.76
24.77
24.80
24.71
24.73
24.79
24.71
24.74
24.71
24.74
24.71
24.74
24.81
24.86
24.84
24.84
24.78
24.76
24.84
24.85
24.86
24.94
24.84
24.71
24.64
24.74
24.91
25.15
25.12
25.19
25.23
25.14
25.19
25.13
25.21
25.18
25.25
25.19
25.11
25.13
25.13
25.19
25.26
25.29
25.34
25.31
25.29
25.36
25.41
25.51
25.72
25.97
25.81
25.73
25.65
25.58
25.43
25.43
25.49
25.57
25.58
25.59
25.53
25.53
25.61
25.64
25.66
25.71
25.75
25.63
25.66
25.51
25.53
25.53
25.44
25.32
25.34
25.33
25.25
25.32
25.39
25.44
25.47
25.40
25.33
25.32
25.37
25.29
25.24
25.20
25.08
25.08
25.20
25.11
25.20
25.28
25.39
25.38
25.46
25.48
25.47
25.45
25.63
25.63
25.66
25.68
25.76
25.91
25.92
26.23
26.22
26.18
25.90
25.69
25.74
25.96
26.05
26.09
26.01
25.86
25.95
25.97
25.95
26.06
26.16
26.28
26.39
26.48
26.40
26.30
26.30
26.25
26.14
26.15
26.14
26.09
26.14
26.16
26.25
26.07
25.91
25.95
26.29
26.31
26.28
26.33
26.28
26.40
26.45
26.48
26.56
26.70
26.75
26.77
26.80
26.81
26.90
26.88
26.85
26.77
26.79
26.81
26.74
26.70
26.82
26.88
26.94
26.92
26.87
26.89
26.78
26.61
26.54
26.61
26.50
26.53
26.40
26.08
25.88
25.85
25.91
26.03
26.40
26.68
26.64
26.73
26.81
26.77
26.68
26.83
26.76
26.70
26.63
26.75
26.58
26.51
26.32
26.20
26.04
26.20
26.15
26.16
26.01
26.05
26.06
26.20
26.27
26.30
26.35
26.42
26.54
26.49
26.40
26.31
26.32
26.32
26.46
26.53
26.56
26.63
26.68
26.65
26.76
26.76
26.71
26.73
26.77
26.66
26.52
26.48
26.64
26.79
26.84
26.72
26.50
26.29
26.14
26.19
26.29
26.34
26.45
26.57
26.76
26.86
27.03
27.10
27.12
26.93
26.92
26.83
26.91
27.06
27.26
27.32
27.32
27.44
27.39
27.58
27.60
27.69
27.68
27.98
27.97
27.79
27.55
27.24
27.00
27.03
27.08
27.20
27.31
27.24
27.35
27.40
27.30
27.41
27.56
27.67
27.64
27.72
27.71
27.71
27.76
27.79
27.84
27.82
27.66
27.56
27.46
27.31
27.27
27.11
26.90
26.82
26.78
27.07
27.19
27.25
27.50
27.57
27.59
27.69
27.83
27.90
27.99
27.96
28.01
27.99
28.01
28.06
28.02
28.12
28.17
28.20
28.27
28.34
28.46
28.37
28.44
28.21
28.32
28.07
28.04
27.94
27.88
27.79
28.02
28.22
28.33
28.40
28.47
28.47
28.51
28.43
28.33
28.45
28.61
28.54
28.62
28.54
28.60
28.52
28.52
28.52
28.64
28.60
28.64
28.59
28.60
28.32
28.34
28.22
28.36
28.37
28.59
28.61
28.60
28.66
28.62
28.60
28.63
28.60
28.72
28.40
28.35
28.01
27.40
27.16
27.15
27.31
27.58
28.05
28.22
28.30
28.33
28.26
28.23
28.21
28.10
28.25
28.13
28.07
27.94
27.96
28.15
28.17
28.31
28.27
28.27
28.50
28.64
28.74
28.79
28.76
28.79
28.79
28.75
28.76
28.72
28.62
28.40
28.09
28.01
28.13
28.17
28.27
28.35
28.30
28.24
28.34
28.58
28.74
28.93
28.95
28.85
28.84
28.73
28.75
28.78
28.90
28.95
29.00
29.09
29.03
28.86
28.85
28.86
28.88
28.87
28.89
28.90
28.84
28.82
28.86
28.92
28.94
29.02
29.00
28.95
29.15
29.37
29.36
29.41
29.36
29.39
29.36
29.33
29.30
29.39
29.30
29.42
29.50
29.60
29.59
29.60
29.67
29.70
29.70
29.78
29.80
29.76
29.71
29.74
29.76
29.88
29.91
29.93
29.91
30.32
30.31
30.32
30.41
30.25
30.21
29.97
29.99
29.92
29.89
30.12
30.06
29.91
29.61
29.87
30.06
30.17
30.02
30.07
30.04
30.21
30.27
30.14
30.25
30.20
30.26
30.27
30.18
30.13
29.83
29.75
29.67
29.86
29.86
29.95
29.89
29.92
29.78
29.85
29.83
29.75
29.76
29.55
29.28
28.96
29.08
28.86
28.65
28.47
29.11
29.71
29.85
30.00
29.90
29.70
29.38
28.81
29.64
30.09
30.15
29.96
30.24
29.93
29.75
29.43
29.36
29.57
29.42
29.10
28.97
28.49
28.16
28.60
28.97
29.12
29.17
29.02
29.03
29.42
29.72
29.92
29.92
29.87
29.82
29.28
29.19
29.23
29.16
29.26
29.26
29.42
29.56
29.52
29.46
29.65
29.57
29.70
29.75
29.68
29.78
29.68
29.68
29.72
29.56
29.66
29.73
29.84
29.88
29.83
29.87
29.97
29.98
30.00
30.10
30.03
30.01
30.10
30.29
30.60
30.26
30.33
30.33
30.49
30.41
30.16
30.23
30.77
30.44
30.34
30.55
30.58
30.55
30.55
30.46
30.54
30.61
30.65
30.59
30.52
30.66
30.77
30.73
30.58
30.62
30.67
30.65
30.67
30.89
30.71
30.72
30.50
30.36
30.49
30.58
30.76
30.77
30.72
30.76
30.63
30.74
30.76
30.73
30.63
30.54
30.54
30.55
30.64
30.71
30.77
30.87
30.95
31.07
30.93
30.92
31.03
31.05
31.01
31.13
31.06
31.08
31.09
30.99
30.77
30.75
30.63
30.63
30.79
30.77
30.70
30.56
30.58
30.53
30.26
30.40
30.51
30.49
30.58
30.70
30.74
30.71
30.66
30.71
30.74
30.62
30.74
30.66
30.61
30.32
30.08
30.08
30.17
30.10
30.16
29.79
29.81
29.71
29.73
29.82
30.00
29.94
29.89
30.08
30.18
30.18
30.33
30.39
30.23
30.32
30.38
30.54
30.65
30.66
30.68
30.58
30.41
30.37
30.13
29.92
29.55
29.73
29.63
29.49
29.57
29.54
29.75
29.87
30.07
30.16
30.22
30.25
29.86
29.23
28.63
28.49
28.86
29.32
29.70
29.54
29.68
29.77
29.89
29.97
30.12
30.10
30.08
30.07
30.05
29.95
30.03
30.14
30.35
30.37
30.40
30.49
30.49
30.64
30.67
30.82
30.86
30.91
30.98
31.06
31.07
31.07
31.17
31.22
31.21
31.30
31.31
31.28
31.48
31.47
31.50
31.56
31.58
31.65
31.59
31.58
31.59
31.53
31.55
31.47
31.20
31.09
31.21
31.38
31.58
31.62
31.61
31.66
31.65
31.55
31.46
31.41
31.58
31.56
31.67
31.84
31.94
31.98
32.02
31.91
31.82
31.63
31.66
31.66
31.75
31.84
31.96
32.08
31.77
31.57
31.65
31.77
31.81
31.66
31.56
31.31
31.28
31.51
31.58
31.64
31.67
31.57
31.58
31.49
31.52
31.64
31.62
31.60
31.54
31.41
31.36
31.47
31.22
31.17
31.14
31.06
31.40
31.60
31.41
31.23
31.27
31.48
31.72
32.10
32.11
32.04
31.72
31.58
31.51
31.62
31.77
31.84
31.80
31.92
31.80
31.65
31.58
31.60
31.75
31.91
31.91
32.08
32.19
32.20
32.26
32.40
32.37
32.39
32.41
32.14
31.88
31.70
31.75
31.76
31.79
31.83
31.86
31.87
32.13
32.22
32.22
32.23
32.23
32.26
32.43
31.78
31.39
31.61
31.98
32.11
32.53
32.83
32.94
33.03
33.00
32.91
32.90
32.92
33.01
32.68
32.32
32.38
32.74
32.92
32.76
32.79
32.65
31.99
31.82
32.61
32.74
32.69
32.91
32.75
32.67
32.71
32.49
32.25
32.22
32.28
32.31
32.38
32.45
32.62
33.24
33.53
33.61
33.32
32.56
32.37
32.07
31.79
31.78
31.96
32.09
32.13
32.03
32.08
32.15
32.14
32.05
31.98
32.00
31.76
31.61
31.83
31.99
32.18
32.42
32.68
32.74
32.87
32.81
32.63
32.66
32.79
32.71
32.90
33.08
32.89
32.73
32.60
32.69
32.71
32.60
32.56
32.50
32.38
32.38
32.39
32.52
32.56
32.43
32.53
32.93
32.56
32.50
32.46
32.47
32.66
32.49
32.57
32.53
32.58
32.72
32.98
33.03
33.06
33.18
33.07
33.02
32.94
32.94
32.44
31.79
31.62
32.17
32.38
32.17
31.95
31.66
31.71
31.69
31.69
31.56
31.55
31.41
31.75
32.52
32.70
32.64
32.51
32.47
32.53
32.53
32.68
32.83
33.06
32.89
32.77
32.77
32.73
32.64
32.64
32.47
32.43
32.10
31.98
32.02
32.17
32.21
32.26
32.15
32.16
32.10
32.02
32.12
32.49
32.51
32.79
32.81
32.82
32.27
32.10
32.47
32.80
32.97
32.96
32.80
32.31
32.52
32.78
32.73
32.84
33.00
32.79
32.90
33.01
33.04
33.08
33.04
32.95
32.91
32.96
32.99
32.93
32.89
32.71
32.71
32.67
32.60
32.68
32.74
32.70
32.88
32.96
33.08
33.19
33.11
33.14
33.22
33.24
33.19
33.00
33.15
33.02
32.84
32.68
32.78
33.00
33.17
33.35
33.35
33.49
33.48
33.30
32.82
32.59
32.63
32.87
32.96
32.99
33.05
33.07
33.03
33.28
33.15
33.19
33.12
33.13
32.98
33.25
33.18
32.89
32.76
32.64
32.62
32.40
32.24
32.06
32.14
32.32
32.51
32.66
32.85
32.78
32.59
32.12
31.94
32.08
32.16
32.37
32.44
32.58
31.93
31.29
31.98
32.64
32.89
32.61
32.93
32.92
32.84
32.44
32.29
32.33
32.31
32.39
32.76
32.90
33.19
33.27
33.31
33.52
33.60
33.59
33.56
33.51
33.61
33.46
33.57
33.46
33.35
33.44
33.45
33.42
33.60
33.70
33.64
33.67
33.86
33.86
33.76
33.74
33.59
33.36
33.33
33.36
33.19
33.30
33.74
33.96
34.03
33.99
34.03
33.92
34.04
34.02
33.99
33.94
33.97
34.04
34.06
33.84
33.84
34.03
34.36
34.40
34.50
34.55
34.51
34.36
34.49
34.26
34.02
33.91
33.98
34.17
34.19
34.34
34.47
34.49
34.44
34.50
34.69
34.69
34.56
34.59
34.74
34.52
34.64
34.59
34.62
34.64
34.42
34.50
34.81
34.82
34.91
34.78
34.98
34.95
35.09
35.18
35.22
35.04
34.88
34.78
34.61
34.55
34.47
34.59
34.67
34.64
34.51
34.46
34.36
34.47
34.63
34.63
34.73
34.76
34.74
34.66
34.70
34.49
34.66
35.01
34.64
34.97
35.06
34.82
34.71
34.70
34.67
34.58
34.64
34.53
34.65
34.60
34.77
34.65
34.68
34.70
34.75
34.90
34.98
34.72
34.67
34.35
34.14
34.41
34.58
34.67
34.68
34.93
35.07
34.83
34.75
34.57
34.28
33.71
33.46
33.02
33.13
33.66
33.75
34.10
33.86
33.72
33.95
34.03
34.13
34.21
34.36
34.34
34.59
34.77
35.01
35.18
35.17
35.22
35.10
35.12
35.01
35.21
35.24
35.31
34.82
34.98
34.97
34.96
35.15
35.20
35.14
35.04
35.06
34.99
34.93
34.95
35.20
35.21
35.13
34.98
35.01
35.07
35.03
34.72
34.77
34.89
34.91
34.83
34.67
34.60
34.74
35.04
35.03
34.84
34.76
34.66
34.27
34.42
34.24
34.08
33.95
33.87
33.49
33.48
33.21
33.32
33.54
33.89
34.10
34.30
34.44
34.52
34.42
34.58
34.49
34.71
34.68
34.53
34.39
34.36
34.20
34.20
34.24
34.53
34.75
34.71
34.39
34.15
34.22
34.33
34.64
34.41
34.41
34.30
34.22
34.11
34.03
34.60
35.06
35.02
35.04
34.75
34.58
34.66
34.74
35.04
35.11
35.35
35.29
35.52
35.66
35.93
35.82
35.75
35.76
35.63
35.48
35.48
35.73
35.74
35.57
34.97
34.76
34.80
34.98
35.02
34.97
34.99
34.82
34.71
34.62
34.73
34.77
34.73
34.87
35.00
35.00
34.91
35.05
34.74
34.94
35.18
35.37
35.17
35.18
35.31
35.36
35.55
35.42
35.39
35.38
35.47
35.38
35.26
35.30
35.21
34.96
34.82
34.98
35.33
35.55
35.71
35.68
35.69
35.65
35.68
35.71
35.70
35.87
36.04
36.11
36.13
36.20
36.09
35.91
35.68
35.70
35.84
35.68
35.53
35.64
35.91
36.05
35.58
35.29
35.10
35.23
35.24
35.53
35.52
35.96
36.15
36.08
36.28
36.35
36.47
36.37
36.09
35.60
35.88
36.21
36.43
36.73
36.63
36.37
36.07
35.64
35.12
34.99
34.88
34.61
34.48
34.85
35.09
35.20
35.17
35.11
34.96
35.45
35.77
35.79
35.81
35.91
35.78
35.77
35.21
34.96
34.49
33.78
33.96
34.27
34.63
34.45
34.39
34.20
33.65
32.93
33.12
33.66
33.91
34.23
34.29
34.52
34.47
34.40
34.45
34.45
34.54
34.47
34.51
34.55
34.37
34.28
34.41
34.44
34.80
34.87
35.12
35.14
35.37
35.42
35.57
35.56
35.55
35.70
35.65
35.64
35.50
35.75
35.76
35.66
35.49
35.07
35.08
35.20
34.97
34.67
34.47
34.39
34.38
34.14
33.97
34.11
34.19
34.24
34.57
34.43
34.52
34.59
34.60
34.68
34.73
35.03
34.96
34.86
34.88
34.74
34.69
34.76
34.56
34.29
34.64
34.66
34.73
34.88
34.93
35.10
35.25
35.33
35.41
35.38
35.09
34.65
34.34
34.65
34.81
34.70
34.83
34.89
34.69
34.34
34.09
34.15
34.33
34.39
34.77
34.81
34.42
34.05
33.83
34.18
34.76
34.83
34.90
35.04
35.11
35.10
35.03
35.02
35.04
35.07
35.09
35.15
34.88
34.95
35.22
35.31
35.23
35.26
35.22
34.91
34.19
34.27
34.32
34.27
34.65
34.71
34.86
34.88
34.76
34.98
35.10
34.68
34.64
34.77
34.99
35.20
35.37
35.35
35.32
35.31
35.29
35.34
35.29
35.30
35.30
35.19
35.27
35.02
35.17
35.02
34.93
35.10
35.03
34.90
35.10
35.50
35.49
35.47
35.53
35.55
35.48
35.49
35.35
35.41
35.34
35.57
35.68
35.59
35.69
35.80
35.99
35.98
35.60
35.42
35.31
35.30
35.32
35.46
35.42
35.46
35.70
35.87
35.64
35.47
35.03
34.47
34.27
34.23
34.44
34.19
34.28
34.36
34.63
34.72
35.12
35.13
35.01
34.93
35.02
34.95
34.95
35.09
35.34
35.34
35.27
35.39
35.50
35.75
35.43
35.51
35.51
35.71
35.75
35.82
35.64
35.43
35.26
35.20
34.91
35.22
35.56
35.62
35.60
35.54
35.76
35.27
35.02
35.03
35.02
35.28
35.51
35.49
35.64
35.43
35.46
35.32
35.35
35.58
35.73
35.72
35.84
35.47
35.70
35.78
35.95
35.83
35.66
35.95
36.08
36.04
35.98
36.00
35.98
35.87
36.06
36.04
35.91
36.04
36.17
36.39
36.08
35.79
35.67
35.82
35.87
35.92
36.31
36.44
36.23
36.20
36.21
36.31
36.47
36.42
36.27
36.04
35.95
35.97
35.82
35.86
35.96
35.91
35.96
36.11
36.28
36.30
36.26
36.36
36.35
36.40
36.36
36.24
36.21
36.16
36.24
36.29
36.16
36.04
36.29
36.38
36.43
36.48
36.64
36.87
36.91
36.82
36.95
36.70
36.63
36.18
35.99
35.83
35.55
35.84
35.99
36.07
36.06
36.05
35.99
36.11
36.10
35.84
35.78
35.80
35.75
35.74
36.00
36.39
36.49
36.69
36.73
36.70
36.71
36.65
36.85
36.96
37.04
36.98
36.84
36.68
36.54
36.32
36.26
36.12
36.18
36.12
36.13
36.19
36.11
36.19
36.25
36.38
36.57
36.64
36.65
36.48
36.50
36.64
36.58
36.73
36.50
36.54
36.46
36.15
36.03
35.82
35.56
35.76
36.00
35.82
35.80
35.90
35.83
35.88
35.87
35.97
36.01
36.23
36.32
36.45
36.38
36.40
36.42
36.50
36.39
36.39
36.34
36.27
36.16
35.70
35.66
35.33
35.56
35.67
35.71
35.98
36.08
35.94
36.00
36.50
36.71
36.41
36.61
36.80
36.93
37.05
37.11
37.13
37.23
37.27
37.25
37.20
37.20
37.46
37.72
37.83
37.56
37.56
37.45
37.44
37.33
37.31
37.24
37.14
37.01
36.95
37.20
37.20
37.21
37.26
37.22
37.28
37.33
37.25
37.06
37.04
37.26
37.13
37.21
37.09
37.14
37.03
37.31
37.43
37.51
37.70
37.84
37.51
37.18
37.32
36.96
36.30
36.29
36.77
36.49
36.44
36.53
36.59
36.75
37.10
37.12
36.78
37.06
36.87
36.98
37.06
37.35
37.09
36.90
36.81
36.65
36.78
37.18
37.30
37.28
37.31
37.44
37.50
37.40
37.42
36.98
36.58
36.76
36.76
36.71
36.91
36.94
36.90
37.07
37.46
37.62
38.04
38.21
38.19
38.19
37.74
38.01
38.29
38.33
38.26
38.28
37.78
37.60
37.80
37.72
37.92
38.22
38.28
38.47
38.50
38.65
38.64
38.65
38.79
38.87
38.76
38.49
38.56
38.04
38.04
38.04
38.19
38.15
38.38
38.51
38.58
38.60
38.54
38.51
38.62
38.75
38.90
38.89
38.88
38.85
38.93
38.86
39.02
38.86
38.70
38.79
38.31
38.31
38.08
37.77
37.68
37.97
38.45
38.52
38.79
39.00
39.14
38.91
39.04
38.91
38.65
38.45
38.34
38.50
38.59
38.59
38.87
38.45
38.31
38.23
38.48
38.96
39.52
39.44
38.74
38.55
38.91
38.88
38.76
38.61
38.11
37.79
37.72
38.00
38.33
38.88
38.78
38.50
38.74
38.73
38.65
38.78
38.60
38.88
38.70
38.93
39.02
39.03
39.03
38.88
38.88
39.02
38.98
38.77
39.07
39.06
39.03
39.18
39.17
39.21
39.25
39.06
38.89
38.88
38.81
38.87
38.85
38.96
39.10
39.16
39.55
39.30
39.28
39.45
39.32
39.32
39.60
39.57
39.40
39.09
39.20
39.12
39.60
39.22
38.66
38.75
38.99
39.22
39.20
39.13
39.20
39.10
39.34
39.15
39.23
39.29
39.27
39.41
39.21
39.34
39.38
39.26
38.87
39.19
39.43
39.37
39.50
39.68
39.63
39.63
39.81
40.06
40.04
40.03
39.99
39.41
39.65
39.56
39.00
38.29
38.09
38.30
38.72
39.03
39.09
38.94
39.02
39.14
38.96
38.95
38.81
39.21
39.49
39.57
39.60
39.80
39.72
39.81
40.01
39.94
39.89
40.13
40.30
40.32
40.46
40.22
39.75
40.10
40.26
39.96
39.83
39.74
39.57
39.65
39.64
39.78
39.95
39.93
40.02
39.91
40.24
40.32
40.43
40.40
40.51
40.45
40.37
40.37
40.55
40.57
40.78
40.75
40.47
40.05
39.85
39.47
39.01
39.24
39.18
39.45
39.71
39.57
39.45
39.68
39.49
39.51
39.18
38.89
38.69
38.77
38.71
38.88
39.09
39.24
39.31
39.46
39.66
39.90
40.01
39.88
39.67
39.56
39.36
39.20
39.39
38.98
39.13
39.56
39.40
39.28
38.91
39.44
39.84
39.74
39.94
40.03
40.10
40.46
40.30
40.22
40.22
40.37
40.44
40.21
40.06
40.11
40.20
40.24
40.47
40.56
40.61
40.85
40.53
40.12
39.76
39.66
39.57
39.58
39.58
39.74
39.68
39.76
39.57
39.63
39.76
39.65
39.49
39.41
39.48
39.55
39.64
39.59
39.88
39.77
39.71
39.76
39.79
39.97
40.02
40.14
40.20
40.30
40.36
40.53
40.72
40.32
39.67
39.49
39.47
39.33
39.19
39.27
39.03
38.75
38.52
38.72
38.63
38.75
38.90
39.44
39.66
39.98
40.14
40.17
40.14
40.21
40.21
40.18
40.29
40.28
40.26
40.40
40.29
39.66
39.46
39.70
39.84
40.00
39.74
39.63
39.66
39.69
40.00
40.16
39.69
39.69
39.74
39.72
39.80
40.08
40.23
40.14
39.74
39.44
39.34
39.46
39.67
39.50
39.48
39.80
39.69
39.80
40.21
39.95
39.84
40.07
39.62
39.71
39.67
39.34
38.95
39.01
39.02
39.19
39.14
39.34
39.50
39.87
39.98
40.11
39.93
40.02
39.79
39.81
39.76
39.85
39.91
40.19
40.31
40.41
40.41
40.73
40.79
40.60
40.35
40.09
40.10
40.03
40.40
40.55
40.45
40.52
40.60
40.37
40.30
40.33
40.53
40.21
40.11
40.25
40.25
40.42
40.88
40.93
41.13
41.12
41.29
41.47
41.45
41.53
41.49
41.78
41.74
41.67
41.63
41.58
41.67
41.53
41.31
41.14
41.37
41.30
41.11
41.18
41.21
41.38
41.77
41.72
41.78
41.70
41.31
41.54
42.11
42.24
41.98
41.76
41.69
41.28
41.31
41.39
41.28
41.28
41.58
41.62
41.61
41.70
41.43
40.92
40.62
40.45
40.48
40.53
40.62
41.24
41.12
40.95
41.67
42.04
42.00
42.17
42.18
41.90
41.87
41.98
42.12
41.65
41.27
41.34
41.37
41.37
41.63
41.78
42.03
41.87
42.03
42.05
41.96
42.14
42.16
42.29
42.39
42.35
42.29
42.26
42.19
42.05
41.63
41.60
41.64
41.71
41.85
41.82
41.85
41.68
41.58
41.63
41.80
41.79
41.64
41.86
41.94
41.70
41.93
42.03
42.08
42.18
41.91
41.56
41.53
41.50
41.46
41.47
41.41
40.15
40.55
40.91
40.93
41.13
41.56
41.50
41.03
40.38
41.15
41.54
41.40
41.55
41.88
41.85
41.90
41.88
41.83
41.91
42.00
41.88
41.96
42.01
41.66
41.34
41.22
40.65
40.55
40.88
40.98
40.97
40.98
41.01
40.82
40.88
40.79
40.84
40.64
40.68
40.75
40.95
41.09
41.10
40.94
40.81
40.74
40.84
40.72
40.79
40.53
40.85
41.33
41.05
41.04
41.04
41.28
41.34
41.41
41.12
40.86
41.70
41.94
41.87
41.84
42.11
42.16
42.03
41.89
41.87
41.81
41.74
41.86
41.77
41.74
41.77
42.15
42.30
42.43
42.29
42.58
42.75
42.68
42.78
42.81
43.13
43.08
42.99
42.98
42.57
42.59
42.83
42.91
43.04
43.12
43.20
42.87
42.55
42.47
42.53
42.62
42.70
42.68
43.08
43.20
42.89
42.62
42.77
42.81
42.63
43.01
42.96
42.89
42.42
42.47
42.33
41.73
41.66
41.35
41.10
40.94
41.01
41.28
41.96
42.32
42.57
42.64
42.61
42.88
43.10
43.04
43.00
42.78
42.72
42.76
42.81
42.60
42.17
42.13
42.44
42.92
42.63
42.77
42.65
42.05
42.40
42.46
42.50
42.25
42.10
41.83
42.23
42.36
42.54
42.58
42.59
42.35
42.39
42.42
42.38
42.38
42.52
42.41
41.65
41.26
41.00
40.86
41.11
41.55
41.95
42.33
42.44
42.34
42.23
42.23
42.39
42.66
42.44
42.64
42.74
42.99
43.13
42.95
43.16
42.73
42.54
42.55
42.61
42.68
42.96
42.66
42.12
42.09
42.46
42.60
42.63
42.88
42.63
42.50
42.68
42.70
42.18
42.31
42.32
42.57
42.81
42.96
42.68
42.77
42.60
42.75
42.76
43.00
43.25
43.32
43.39
43.20
42.71
42.62
42.54
42.55
42.29
42.39
42.89
42.84
42.83
42.71
42.69
42.70
42.60
42.77
42.47
42.57
42.53
42.39
42.27
42.43
42.33
42.34
42.11
41.88
41.95
42.29
42.71
42.91
42.84
42.09
41.92
41.96
41.75
42.01
42.04
42.26
42.25
42.53
42.62
42.47
42.67
42.82
43.06
43.16
43.31
43.37
43.30
42.98
42.49
42.18
41.55
41.01
41.13
41.78
41.79
41.55
41.33
42.01
42.40
42.50
42.64
42.38
42.22
42.18
41.98
41.66
41.49
42.03
42.29
42.31
42.46
42.35
42.22
42.29
42.47
42.24
42.48
42.65
43.07
43.13
43.09
43.10
43.16
43.23
43.61
43.55
43.66
43.79
44.00
43.93
43.87
43.54
43.48
43.52
43.37
43.30
43.48
43.55
43.61
43.86
43.76
43.85
44.02
43.93
43.67
43.68
43.44
43.15
42.81
42.61
42.26
42.13
41.83
41.69
41.59
41.76
41.85
42.01
41.89
41.33
41.79
41.96
42.01
42.14
41.96
42.22
42.26
41.96
41.74
41.73
41.59
41.91
42.26
42.54
42.30
42.18
42.22
42.46
42.27
42.41
42.42
42.16
42.42
42.33
42.55
43.00
43.00
42.73
42.60
42.64
42.40
42.34
42.61
42.55
42.63
42.71
43.06
43.04
42.93
42.95
42.89
42.93
43.14
42.84
42.79
42.62
42.73
42.65
42.43
42.24
42.61
42.73
43.06
43.35
43.58
43.92
44.03
43.90
43.97
43.93
44.13
43.94
44.04
43.64
43.24
43.11
43.19
43.34
43.50
43.49
43.65
43.73
43.85
44.06
44.14
43.96
43.89
43.95
44.36
44.26
44.06
43.77
43.75
43.86
43.49
43.33
43.25
43.22
43.27
42.98
43.14
43.12
43.27
43.69
43.96
44.03
44.00
44.09
44.21
44.33
44.24
44.26
44.20
44.11
44.30
44.46
44.78
44.93
44.57
44.64
44.60
44.42
44.38
44.48
44.25
44.27
44.01
43.83
43.80
43.91
43.97
44.00
44.21
44.45
44.50
44.48
44.59
44.50
44.71
44.68
44.66
44.80
44.77
44.96
45.42
45.24
45.58
45.44
45.13
45.00
44.97
45.04
44.94
44.66
44.43
44.48
44.94
44.99
45.09
44.94
44.84
44.73
44.45
44.58
44.58
44.63
44.84
44.94
44.88
45.04
45.04
45.01
44.98
44.78
44.22
43.90
44.00
43.73
43.32
43.33
43.25
43.55
43.62
43.51
43.67
43.72
43.92
44.03
44.15
44.47
44.46
44.61
44.53
44.62
44.80
44.79
44.84
44.93
44.92
45.12
45.03
45.02
44.72
44.59
45.02
45.42
45.44
45.21
44.84
45.01
44.93
44.52
44.12
44.29
44.54
44.62
44.75
44.90
44.80
44.22
44.14
44.11
44.14
44.51
44.54
44.82
44.98
45.07
45.03
44.81
44.70
44.74
44.87
44.61
44.80
44.64
44.41
44.26
44.36
44.49
44.63
44.96
44.93
44.88
44.81
44.92
44.77
44.84
44.77
44.50
44.50
44.55
44.76
44.77
44.72
44.27
44.26
44.45
44.68
44.72
44.87
45.03
45.02
45.32
45.46
45.67
45.59
45.77
46.01
45.33
44.72
44.32
44.78
45.35
45.45
45.56
45.29
45.34
45.40
45.72
45.17
44.48
44.07
43.96
43.96
44.12
44.21
44.39
44.57
44.58
44.71
44.82
44.71
44.62
44.66
44.63
44.35
44.80
45.03
45.35
45.64
45.80
45.61
45.42
45.68
45.80
45.93
45.90
45.92
45.53
45.66
45.61
45.59
45.66
45.51
45.56
45.63
45.60
45.48
45.63
45.68
45.88
45.86
45.54
45.36
45.38
45.25
45.30
45.50
45.67
45.98
46.17
46.14
46.29
46.17
46.02
45.73
45.50
45.58
45.65
45.76
45.90
45.73
45.76
45.82
45.90
45.96
46.30
46.13
46.27
46.32
46.29
46.40
46.31
46.09
46.58
46.40
46.35
46.10
45.98
46.04
45.53
45.24
45.42
45.41
45.50
45.56
45.74
45.66
45.66
45.56
45.46
45.52
45.54
45.20
44.81
44.59
44.92
45.32
45.47
45.63
45.80
45.70
45.63
45.69
45.61
45.68
45.54
45.46
45.71
45.86
45.86
45.89
46.08
46.13
46.17
46.27
45.79
45.60
45.27
44.83
44.93
45.11
45.48
45.63
45.42
45.44
45.74
45.92
46.18
46.30
46.44
46.44
46.84
46.66
46.52
46.49
46.31
46.22
46.01
46.03
46.06
45.96
46.07
46.20
46.12
45.96
45.99
46.00
45.83
45.49
45.29
45.31
45.29
45.52
45.46
45.36
45.40
45.42
45.54
45.52
45.79
46.04
46.60
46.43
46.76
46.78
46.46
46.65
46.89
46.95
46.80
46.49
45.93
45.56
45.26
45.86
45.87
46.12
45.91
45.78
45.82
45.91
46.18
46.43
46.53
46.78
46.93
47.02
46.85
47.31
47.21
47.02
46.88
46.94
46.91
46.75
46.58
46.58
46.90
47.03
46.89
47.01
46.62
46.73
46.52
46.59
46.63
46.86
46.93
46.76
47.07
47.14
47.13
46.98
47.15
47.26
47.52
47.54
47.60
47.61
47.84
47.89
47.90
47.45
47.30
47.30
47.24
47.19
47.00
46.91
47.24
47.48
47.70
47.77
47.51
47.51
46.95
46.92
46.99
46.98
46.95
47.04
47.14
47.04
46.96
47.21
47.55
47.60
47.70
47.57
47.96
48.08
48.28
48.50
48.51
48.45
48.27
48.17
48.20
48.23
48.28
47.99
48.15
48.11
47.84
47.98
48.17
48.26
48.09
47.73
47.68
47.90
47.80
47.61
47.76
47.95
48.09
48.51
48.78
48.91
48.88
48.94
48.83
48.74
48.41
48.17
48.72
49.28
49.16
49.05
48.85
48.90
48.79
48.77
48.13
47.86
47.65
47.39
47.70
48.05
48.29
48.20
48.33
48.36
48.42
48.42
47.75
47.65
47.89
