0.50
0.50
0.50
0.50
0.50
0.50
0.50
0.50
0.50
0.52
0.58
0.75
0.97
1.20
1.33
1.65
1.72
1.90
1.96
2.04
2.19
2.27
2.42
2.79
3.15
3.37
3.77
4.21
4.46
4.67
4.72
5.06
5.26
5.44
5.59
5.78
5.83
5.91
6.08
6.17
6.25
6.23
6.51
6.77
6.80
6.88
7.00
6.95
7.03
7.10
7.05
6.95
7.00
7.12
7.30
7.62
7.97
8.15
8.16
8.18
8.37
8.49
8.60
8.72
8.95
8.99
9.04
9.11
9.22
9.26
9.37
9.62
9.65
9.63
9.80
9.88
10.08
10.24
10.43
10.46
10.52
10.63
10.58
10.61
10.59
10.55
10.56
10.41
10.49
10.46
10.50
10.47
10.38
10.24
10.29
10.28
10.28
10.26
10.33
10.25
10.27
10.27
10.45
10.61
10.63
10.60
10.46
10.44
10.50
10.74
10.98
11.11
11.39
11.46
11.42
11.55
11.63
11.88
11.99
12.12
12.06
12.24
12.30
12.45
12.57
12.79
13.18
13.32
13.40
13.40
13.56
13.36
13.30
13.31
13.29
13.52
13.39
13.24
12.95
12.91
12.98
12.91
13.06
13.12
13.26
13.38
13.42
13.36
13.45
13.71
13.83
13.93
14.05
14.35
14.71
14.85
14.84
14.80
14.76
14.75
14.90
14.95
15.04
15.18
15.25
15.36
15.40
15.45
15.33
15.33
15.29
15.29
15.20
15.21
15.10
15.09
15.25
15.21
15.31
15.29
15.40
15.38
15.50
15.51
15.74
15.78
15.92
15.92
15.81
15.71
15.50
15.53
15.68
15.65
15.72
15.98
15.94
15.75
15.73
15.72
15.65
15.46
15.36
15.47
15.45
15.91
15.97
16.31
16.84
16.96
16.94
17.04
16.94
16.74
16.60
16.49
16.53
16.84
16.85
17.07
17.24
17.44
17.38
17.47
17.54
17.53
17.50
17.47
17.50
17.65
17.59
17.65
17.73
17.92
18.17
18.33
18.42
18.28
18.30
18.24
18.46
18.50
18.71
18.70
18.70
18.75
18.89
18.92
18.72
18.50
18.57
18.97
19.16
19.14
19.10
19.06
18.97
19.22
19.24
19.08
19.22
19.13
19.32
19.34
19.22
19.52
19.88
19.99
20.19
20.11
20.13
20.33
20.68
20.68
20.77
20.57
20.57
20.77
20.55
20.31
20.25
20.36
20.39
20.36
20.45
20.53
20.53
20.37
20.45
20.67
20.80
20.94
20.90
21.01
20.89
21.06
21.26
21.33
21.18
21.03
20.96
20.89
21.03
20.95
20.88
20.81
20.74
20.82
20.78
20.95
21.10
20.72
20.85
21.01
21.22
21.44
21.50
21.69
21.98
21.82
21.78
21.88
21.99
22.11
22.39
22.37
22.39
22.23
22.21
22.31
22.00
21.98
22.00
22.13
22.26
22.19
22.37
22.29
22.03
22.21
22.80
23.00
23.48
23.71
23.94
23.89
23.80
23.82
23.98
24.12
23.95
23.92
24.18
24.39
24.03
23.89
23.81
23.81
23.99
24.14
24.10
24.12
23.97
23.75
23.86
23.81
23.81
23.80
23.94
23.95
23.91
24.35
24.42
24.33
24.42
24.39
24.59
24.48
24.31
24.12
24.24
24.57
24.65
24.80
24.87
24.71
25.00
25.24
25.23
25.29
25.36
25.20
25.25
25.36
24.99
24.80
24.69
24.89
24.99
25.03
24.87
24.77
24.83
24.99
24.90
24.88
25.01
25.04
24.96
25.18
25.07
25.27
25.24
25.24
25.34
25.37
25.47
25.65
25.75
25.67
25.79
25.91
26.10
26.31
26.22
26.14
25.84
25.85
25.59
25.80
25.85
26.00
26.08
26.17
26.42
26.86
26.95
26.77
26.81
26.60
26.44
26.59
26.68
26.76
26.97
27.32
27.62
27.51
27.40
27.64
27.55
27.99
27.92
28.11
28.24
28.09
27.99
27.98
27.71
27.61
27.62
27.74
28.10
27.76
27.37
27.32
27.27
27.14
27.44
27.10
27.24
27.52
27.59
27.99
28.15
28.06
27.76
27.69
27.68
27.69
27.81
27.88
27.76
27.49
27.35
27.27
27.46
27.79
28.36
28.64
28.40
28.40
28.86
28.77
28.44
28.07
27.74
27.70
27.78
27.89
28.10
28.43
28.80
28.64
28.63
28.63
28.76
28.94
28.59
28.54
28.57
28.49
28.77
28.70
28.72
28.73
28.57
28.30
28.93
28.90
28.78
28.57
28.80
29.20
29.66
29.05
29.02
29.09
29.06
29.04
28.82
29.23
29.41
29.72
29.75
29.97
29.81
29.78
29.16
29.11
29.36
29.72
29.86
29.85
29.79
29.69
30.35
30.22
29.57
29.28
29.21
29.07
28.97
29.33
29.66
29.55
29.40
29.00
29.07
28.98
29.21
29.51
29.79
29.68
29.85
29.88
30.06
30.41
30.51
30.27
30.36
30.66
30.51
30.16
30.09
30.19
30.14
30.05
30.22
30.27
29.93
30.30
30.21
29.83
30.16
30.12
30.45
30.14
29.98
30.17
30.23
30.31
29.65
29.61
29.81
29.78
29.85
29.43
29.31
29.38
29.52
29.80
29.82
30.01
30.43
29.11
29.31
29.66
28.69
28.22
27.81
29.34
29.85
29.95
30.14
30.08
30.50
30.97
30.63
30.74
31.02
31.15
30.77
31.31
31.17
31.19
31.62
31.67
31.68
31.12
30.90
31.21
31.50
31.76
31.09
31.29
31.40
31.11
31.05
31.52
31.69
31.85
31.97
31.84
31.74
31.78
31.65
31.11
31.23
31.57
32.00
31.48
31.61
30.78
30.72
30.79
30.77
30.90
31.23
31.31
31.30
30.97
31.23
30.75
30.87
30.60
30.10
30.01
31.39
31.11
30.65
30.59
30.16
30.79
30.37
30.45
30.67
30.37
31.01
31.22
31.41
31.25
31.05
31.34
30.86
31.26
31.25
31.29
31.06
31.62
31.89
32.16
31.95
31.36
31.66
31.77
31.51
31.48
31.35
31.26
31.57
31.70
31.69
31.68
31.33
30.74
30.59
30.42
30.38
30.48
31.06
30.97
31.76
31.67
31.76
31.71
32.01
32.05
32.23
32.45
32.41
31.57
31.93
32.01
31.99
30.74
31.43
31.00
30.53
31.11
31.31
31.52
31.95
32.25
31.37
31.96
32.10
32.39
32.20
32.00
31.48
31.30
31.11
31.00
30.96
31.49
31.95
32.05
32.74
32.52
32.54
32.70
32.48
32.57
33.23
33.07
33.23
33.14
33.28
32.98
33.07
33.24
33.38
33.48
33.52
33.46
32.89
33.06
33.14
33.19
32.42
33.08
33.21
33.26
33.30
33.56
33.75
33.59
33.33
32.73
32.06
32.30
32.68
32.77
32.86
32.80
33.06
32.74
33.19
33.08
32.86
32.58
32.50
31.94
32.28
32.45
32.11
31.61
31.64
31.95
32.34
32.49
32.26
32.45
32.74
32.96
33.15
32.19
32.79
32.37
32.67
32.34
32.08
32.16
32.21
32.14
32.79
32.98
31.98
31.75
32.67
33.19
33.67
33.60
33.91
34.25
33.96
33.63
33.61
33.85
33.88
34.24
34.34
34.26
34.58
34.74
34.64
34.75
34.52
34.66
34.99
35.04
35.30
35.18
34.72
34.57
34.52
34.28
34.79
34.53
34.92
34.25
34.16
34.42
34.91
34.71
34.70
34.26
34.81
35.14
34.88
34.82
35.15
34.68
34.92
35.38
35.24
35.29
35.11
35.07
35.46
35.08
35.20
34.63
34.74
35.03
35.08
35.41
35.07
35.54
35.39
35.31
34.91
34.74
34.93
35.84
35.79
35.36
35.18
35.12
35.18
35.28
35.39
34.33
34.25
34.17
34.63
34.66
34.74
34.86
35.15
35.10
35.21
34.07
35.10
34.48
34.11
34.05
33.86
34.15
34.73
34.66
34.78
34.31
34.68
34.56
35.01
34.99
34.71
34.92
34.72
34.99
35.15
35.62
35.44
35.40
35.45
35.12
35.28
34.57
34.98
35.38
35.60
35.49
35.59
34.99
34.83
35.02
34.93
34.93
35.35
34.87
34.75
34.80
35.20
35.27
34.95
34.85
35.19
35.44
35.81
35.36
35.69
35.08
34.98
34.78
34.67
34.27
34.13
34.71
34.81
35.09
35.38
35.52
35.62
35.88
35.94
36.13
36.11
35.24
35.58
35.30
34.67
34.68
34.73
34.71
34.80
34.83
35.05
35.52
35.55
35.15
35.39
35.43
35.80
36.05
35.52
35.84
35.32
35.34
35.20
35.08
35.25
35.72
35.69
35.98
35.77
35.83
35.62
35.70
36.21
36.18
36.62
36.65
36.32
36.64
36.27
36.37
35.97
36.32
36.38
36.74
36.20
36.23
36.48
36.45
36.32
36.75
36.78
36.74
36.21
35.52
35.40
35.30
35.66
35.56
36.07
36.18
36.53
36.60
35.91
36.32
35.75
35.57
35.79
33.66
34.47
34.83
35.44
35.44
35.71
35.81
36.47
36.90
36.91
37.02
37.06
37.00
37.15
36.64
36.11
36.06
36.45
36.34
36.09
36.96
36.99
36.96
36.97
37.43
37.36
37.73
37.68
37.96
38.17
38.11
37.44
37.20
37.32
37.87
37.30
37.57
37.71
37.62
37.74
38.25
38.04
37.91
37.75
37.65
37.79
37.01
37.60
37.20
37.14
36.79
36.83
36.79
36.72
37.03
37.08
37.11
37.49
37.61
36.89
36.51
36.17
35.18
35.40
35.27
35.98
35.53
36.20
36.68
36.81
36.95
37.24
36.62
35.49
35.57
35.58
35.87
36.10
35.97
36.26
36.34
36.26
36.48
36.28
36.66
36.43
36.62
36.74
36.63
36.48
36.79
36.76
37.31
37.47
36.82
37.05
37.26
37.09
37.10
37.19
36.93
37.25
36.87
37.09
36.90
37.09
36.37
36.56
35.86
35.75
36.83
37.02
37.10
37.08
36.66
37.21
37.58
37.16
37.32
37.62
37.68
37.87
37.80
37.85
37.74
37.62
37.90
37.98
38.19
37.87
37.90
37.71
37.84
38.22
38.73
38.59
38.77
38.75
38.68
38.75
39.20
39.29
39.06
38.88
39.07
38.87
38.79
38.86
38.36
38.78
38.98
38.83
38.52
38.88
38.44
39.25
39.39
39.10
38.45
38.36
38.50
38.14
38.47
38.42
38.17
38.06
38.29
38.09
38.26
38.44
38.36
38.63
38.50
38.75
38.67
38.69
38.75
39.19
39.33
39.80
39.26
39.80
39.49
38.65
38.90
38.88
39.15
38.99
38.81
38.77
38.24
38.62
39.39
39.90
39.94
40.05
40.04
39.91
39.37
40.16
39.77
39.82
39.84
40.12
39.94
39.76
39.67
39.96
39.63
39.47
39.88
39.65
39.46
39.53
39.96
39.97
40.54
40.43
40.79
40.15
40.09
39.95
39.77
40.29
40.67
40.51
40.23
40.03
40.09
40.76
40.40
40.40
39.94
39.78
40.02
40.32
40.23
40.31
40.31
40.50
40.84
40.45
40.00
40.14
40.02
39.97
39.80
39.81
38.76
39.34
39.16
38.87
39.08
39.41
39.58
39.37
39.42
39.14
38.82
39.32
39.56
40.16
40.34
40.19
40.29
40.18
40.04
40.36
40.78
40.14
40.14
40.37
40.54
40.66
40.57
40.25
40.44
40.30
40.37
40.48
40.23
40.55
41.36
41.11
40.47
40.43
40.45
40.25
40.68
40.47
40.52
40.39
40.61
41.03
40.69
40.81
41.11
41.21
41.29
41.53
41.52
41.81
41.90
41.88
41.66
41.42
41.14
41.54
41.20
41.81
41.62
41.52
41.30
41.47
42.12
41.47
42.18
41.92
41.38
41.27
41.27
41.14
41.64
41.51
42.06
42.55
42.49
42.22
42.10
42.14
42.00
42.16
42.38
42.42
42.41
41.96
42.03
42.06
41.89
41.68
41.67
41.59
41.97
41.85
42.19
41.73
41.00
41.11
40.68
40.68
41.26
41.31
41.18
41.47
41.84
41.39
41.79
41.50
42.01
41.60
41.74
41.84
41.67
41.64
41.63
42.06
42.55
42.25
42.77
43.46
43.12
43.44
43.04
42.40
42.62
42.64
42.63
42.58
42.72
42.03
42.32
42.71
42.99
42.71
42.68
42.53
43.05
42.84
42.88
43.09
42.98
43.60
43.43
43.38
43.82
43.70
43.91
43.73
43.61
43.12
42.32
42.71
43.19
43.41
43.50
43.47
43.09
43.38
43.40
42.96
42.89
42.95
43.14
42.39
42.72
42.77
42.55
42.02
41.56
42.27
42.75
42.82
42.76
42.68
42.43
42.69
42.71
42.73
42.17
42.97
42.54
43.07
43.01
43.32
43.16
43.30
43.60
43.90
43.91
43.87
44.18
44.07
44.64
45.02
44.80
44.70
44.97
44.75
44.63
44.83
44.78
44.21
43.87
43.97
43.93
43.72
44.10
44.05
43.70
44.08
43.83
44.24
44.78
44.84
44.99
45.05
45.43
44.93
44.92
44.75
44.75
44.09
43.63
44.03
44.04
43.92
44.18
44.21
44.47
44.29
44.24
43.97
43.99
43.92
43.78
44.21
43.87
43.90
43.55
43.79
44.13
43.27
43.96
43.83
43.69
43.70
43.73
43.44
43.85
44.36
44.45
44.16
44.03
44.44
44.47
44.68
44.79
45.04
44.94
44.78
44.74
43.98
44.00
43.39
43.63
43.30
43.79
43.93
43.77
43.66
43.55
43.69
43.91
44.43
44.58
44.92
44.28
44.50
44.42
44.24
44.04
44.23
43.92
44.30
44.78
44.89
44.50
44.84
43.83
43.40
43.52
43.91
44.03
44.25
44.58
44.61
44.48
44.68
44.54
44.66
44.61
44.69
45.25
44.97
44.80
44.70
45.20
45.37
45.60
45.30
45.45
46.07
45.79
45.72
46.02
46.37
46.33
46.44
46.30
46.14
46.19
46.11
45.58
46.15
46.30
46.20
46.53
46.02
46.20
46.28
45.84
46.15
46.07
46.16
46.21
46.19
46.67
46.11
46.21
46.63
46.53
46.57
46.34
45.84
45.79
45.90
46.00
45.82
46.17
46.20
46.00
46.00
45.83
45.83
45.87
45.36
45.66
45.75
45.96
45.70
45.49
46.00
45.98
45.25
45.48
45.08
44.49
44.79
44.73
45.07
45.36
45.56
45.93
45.60
45.66
45.10
44.70
44.38
45.19
45.32
45.31
45.25
45.48
45.51
45.40
45.56
45.93
46.00
46.10
46.05
46.42
46.36
46.09
46.05
45.85
45.52
45.57
45.88
46.05
45.95
45.64
46.05
46.26
46.05
45.58
45.59
45.78
45.23
45.86
46.15
46.56
46.19
46.29
46.41
46.59
46.54
46.53
46.50
46.90
46.70
46.59
46.68
46.74
46.86
46.92
46.70
46.63
46.98
47.49
47.68
47.41
46.69
46.48
46.48
46.91
47.05
47.61
47.69
47.30
47.20
46.80
46.95
46.84
46.70
46.80
46.66
46.92
47.52
47.73
47.71
48.01
47.21
47.16
47.62
47.70
47.57
47.82
47.78
47.35
47.27
47.82
47.96
47.64
47.30
47.40
47.75
47.47
47.58
47.92
48.15
48.29
48.46
48.40
48.34
48.43
47.17
47.32
47.33
47.17
47.49
47.50
47.44
47.41
48.23
47.20
47.33
47.75
47.92
47.67
47.22
47.01
47.03
46.70
47.18
47.23
47.00
47.25
46.93
47.17
46.99
47.32
47.41
47.74
47.83
47.98
47.43
47.26
47.63
47.38
47.30
47.46
47.62
47.52
47.98
47.28
47.46
47.97
47.80
47.59
47.56
47.53
47.57
47.56
47.83
47.89
48.18
47.90
48.14
48.11
48.57
48.21
48.07
48.32
48.80
48.70
48.40
48.41
48.51
48.42
48.33
48.38
48.72
48.76
48.52
48.88
49.26
49.16
49.09
48.86
48.76
48.83
48.74
48.50
48.75
48.73
48.86
48.72
48.83
49.07
49.55
49.49
49.40
48.44
49.33
49.07
49.11
49.13
49.01
49.21
49.07
48.88
49.03
49.08
48.89
49.07
49.22
49.32
49.62
49.61
49.72
49.47
49.20
49.06
48.50
48.53
48.55
48.78
48.60
49.05
49.38
49.69
49.65
49.70
49.86
49.29
49.23
49.36
49.49
49.48
49.66
49.40
48.92
49.27
49.15
49.02
48.97
48.50
48.72
48.45
48.70
49.33
48.89
48.76
49.77
49.52
49.34
49.54
49.40
49.70
49.44
49.76
49.50
50.15
50.34
49.90
49.87
49.66
49.19
49.16
49.81
49.30
49.46
49.90
49.91
49.88
49.62
49.65
49.59
49.59
49.54
49.58
49.90
49.69
49.70
49.66
49.88
50.01
49.31
49.50
49.65
49.42
49.64
50.07
49.81
49.28
48.87
49.11
48.98
49.12
49.09
48.33
49.06
49.46
49.37
49.40
49.53
49.61
49.18
49.16
49.27
48.97
49.13
49.41
49.71
49.68
49.93
50.07
50.17
49.64
49.68
49.47
49.77
49.52
48.97
48.61
48.81
49.01
48.85
48.98
48.46
48.98
49.58
49.75
49.61
49.75
49.54
49.89
49.98
49.94
49.38
49.32
49.72
49.68
49.78
49.53
49.74
50.03
49.93
49.73
49.51
49.38
49.34
49.30
49.33
49.73
49.97
49.61
49.56
49.64
49.56
49.67
50.23
50.44
50.34
50.58
50.30
50.40
50.23
50.17
50.00
50.06
49.55
49.72
49.34
49.86
49.83
49.78
49.71
49.56
49.25
48.86
49.20
49.26
49.64
50.31
49.78
49.80
49.92
50.26
49.60
49.60
49.93
50.15
50.58
51.01
50.60
49.98
49.98
49.99
50.03
50.36
50.34
50.22
50.15
50.15
50.06
49.63
50.20
50.17
50.87
51.09
51.36
51.27
51.46
51.39
51.68
51.62
51.86
51.75
51.73
51.54
51.05
51.28
50.61
50.89
50.26
49.95
49.72
49.84
49.78
50.35
50.64
50.19
49.97
49.96
49.63
49.81
50.29
49.91
50.05
50.46
50.34
50.69
50.70
50.56
50.00
50.47
50.33
50.42
50.52
50.38
50.72
50.89
50.88
50.47
50.97
50.75
51.14
50.86
50.79
50.85
51.03
50.95
50.63
50.70
50.81
50.78
51.10
50.90
50.60
50.25
50.36
50.57
50.70
50.36
50.27
50.76
50.31
50.27
50.70
50.26
50.31
50.38
50.91
51.07
51.10
51.37
50.96
51.18
50.94
51.05
50.92
50.66
50.89
51.15
50.89
50.71
51.01
50.86
50.55
50.42
50.74
50.77
50.53
50.45
50.27
50.43
50.55
50.47
50.79
50.71
50.74
50.40
50.03
50.11
50.43
50.63
50.19
50.40
50.35
50.43
50.55
50.55
50.98
51.04
50.93
50.96
51.16
50.89
51.20
51.54
51.27
51.57
51.75
51.79
51.65
51.74
52.03
51.93
51.94
51.96
51.39
51.27
51.11
51.69
52.18
52.00
51.56
51.51
51.89
51.98
51.93
51.76
51.43
51.51
51.47
51.40
51.16
51.51
51.83
51.64
51.86
51.67
51.34
50.90
51.02
51.12
50.83
51.29
51.31
51.36
51.62
51.98
52.34
51.95
51.62
51.78
51.66
52.04
52.34
52.59
52.12
52.22
52.54
52.34
52.34
52.68
52.20
52.01
51.75
51.77
52.21
51.86
51.70
51.86
51.34
50.85
51.38
51.65
51.68
51.99
52.14
52.09
51.97
51.89
51.89
51.83
51.77
51.79
51.84
52.16
51.98
52.13
52.02
52.34
52.32
52.05
52.14
52.00
52.21
52.01
52.05
52.12
52.12
52.27
52.54
52.58
52.48
51.94
52.26
52.50
52.35
52.24
52.22
52.31
52.55
52.83
52.84
52.61
52.76
52.83
52.79
52.73
52.75
52.95
52.77
52.66
52.56
52.86
52.27
51.69
52.02
52.35
52.65
51.89
51.97
52.79
52.12
52.00
52.28
52.42
52.43
52.49
52.66
52.71
52.85
52.68
52.38
52.58
52.12
52.28
52.06
52.22
52.18
52.40
52.36
52.28
52.34
51.80
51.47
51.05
51.64
51.71
52.00
52.23
52.10
52.24
52.34
52.72
52.64
52.87
52.96
53.15
53.06
52.75
52.35
52.23
51.63
51.43
51.73
52.03
52.00
52.67
52.86
52.77
52.83
52.91
52.88
52.72
52.77
52.46
52.62
52.64
52.15
52.40
52.35
52.51
52.48
52.83
52.83
52.88
52.84
52.46
52.46
52.40
52.73
52.42
52.75
52.51
52.80
52.70
52.54
52.12
52.14
51.92
52.26
51.92
52.18
52.63
52.26
52.25
51.80
51.23
51.20
51.10
51.46
52.15
51.96
52.30
51.62
52.25
51.86
52.03
51.71
52.02
52.48
52.33
52.53
52.52
52.64
53.08
52.82
52.69
52.05
52.42
52.58
52.63
52.61
52.18
52.07
52.54
52.60
52.29
52.22
52.55
52.21
52.33
52.30
52.63
52.59
52.71
52.50
52.83
53.06
52.95
53.01
52.80
52.68
53.12
52.60
52.83
52.81
52.33
52.13
52.17
52.56
52.78
52.98
53.16
53.27
53.21
53.07
53.13
53.51
53.30
53.25
53.25
53.37
53.08
53.25
52.87
53.30
53.43
52.84
52.95
52.85
52.95
53.10
52.80
52.82
53.09
53.30
53.39
53.74
53.71
53.04
53.24
53.40
53.40
53.65
53.40
52.65
52.90
52.57
52.82
52.68
52.37
53.04
53.32
53.31
53.01
52.84
52.88
52.59
52.47
52.21
52.07
52.54
52.50
52.27
52.62
52.39
52.57
52.55
52.57
52.37
52.42
52.54
52.49
52.14
52.19
52.72
52.66
52.38
52.54
52.38
52.73
52.68
52.76
52.91
52.34
52.67
52.84
53.12
53.20
52.84
53.01
53.32
52.75
52.57
52.35
52.59
52.72
52.74
53.29
53.21
53.03
52.81
53.09
53.03
52.76
52.89
53.38
53.41
53.21
53.31
52.78
52.62
52.94
53.14
52.86
52.51
52.59
53.01
52.69
53.11
53.17
52.96
52.85
53.07
53.26
53.36
53.37
53.47
53.45
53.58
53.86
53.72
53.68
53.96
53.97
53.35
53.38
53.78
53.77
53.83
53.94
54.27
54.02
54.32
54.51
54.37
54.25
53.77
53.74
53.85
54.31
54.23
54.14
53.97
54.08
53.99
54.21
54.39
54.16
53.88
53.92
54.03
54.12
54.00
53.98
53.40
53.85
53.96
53.64
53.64
53.32
53.06
53.72
53.37
53.50
53.67
53.67
54.08
54.02
53.74
53.74
53.66
53.64
53.74
53.69
53.84
53.98
54.17
54.37
54.72
54.44
53.85
54.41
54.60
54.51
54.58
54.83
55.10
55.21
55.16
54.98
55.02
55.43
55.23
54.88
55.39
55.08
55.12
55.39
55.14
54.81
55.02
54.61
54.63
54.70
54.56
54.54
54.40
54.40
54.38
54.52
54.31
54.88
55.11
55.09
55.35
55.06
54.68
54.01
54.52
54.26
54.18
54.07
54.61
54.69
54.80
55.03
54.66
54.76
54.47
54.68
55.00
54.45
54.06
54.46
54.97
55.01
55.29
54.50
54.34
54.34
54.08
54.02
54.01
54.25
54.30
54.18
54.33
54.40
54.44
54.38
54.23
54.25
54.39
54.45
54.48
54.46
54.33
54.60
54.50
54.30
54.39
54.73
54.28
54.36
54.59
54.22
54.26
54.49
54.41
54.23
54.62
54.80
54.11
54.12
53.72
53.87
53.84
53.52
53.63
53.28
53.41
53.54
53.83
54.12
53.89
54.12
54.10
54.55
54.59
54.56
54.75
54.34
54.53
53.94
54.93
54.90
54.75
55.03
54.79
54.75
55.45
55.02
54.91
54.31
54.09
54.00
53.76
54.21
54.18
54.39
54.30
54.69
54.91
55.04
54.77
54.74
54.82
54.95
55.01
55.04
54.96
55.12
55.07
54.39
54.69
54.65
54.47
54.46
54.38
54.55
54.94
54.62
54.77
54.80
55.27
55.14
54.79
54.97
54.82
54.66
54.61
54.82
54.60
54.22
54.28
54.53
54.81
54.90
54.49
54.54
54.53
54.37
54.21
54.38
54.18
53.91
53.94
54.28
54.09
54.03
54.56
54.14
54.54
54.52
54.90
55.04
54.67
55.05
54.85
54.80
54.69
54.72
54.70
54.71
54.60
54.71
54.54
54.87
54.73
54.78
55.10
54.65
54.59
54.72
54.35
54.28
54.38
53.93
53.88
53.85
53.78
53.95
54.03
54.16
54.33
54.25
54.21
53.87
53.92
53.66
54.06
53.99
53.92
54.07
54.18
54.36
54.07
53.96
53.95
54.33
54.51
54.23
53.89
53.40
53.67
54.06
53.86
53.96
54.00
53.98
54.21
53.95
54.01
54.39
54.61
54.53
54.45
54.68
54.83
54.67
54.50
54.51
54.59
53.94
54.21
54.14
54.16
54.23
53.98
53.73
53.64
53.89
53.93
53.93
54.12
53.37
54.13
54.17
53.91
53.80
53.53
53.67
53.70
53.87
53.81
54.02
54.09
53.85
53.74
53.66
53.48
53.69
53.74
53.77
53.92
54.56
54.52
54.33
54.52
54.45
54.52
54.46
54.38
54.39
54.61
54.10
53.95
54.60
54.88
54.95
55.06
54.77
54.42
54.50
54.30
54.48
54.10
53.69
54.02
53.91
53.91
53.87
54.11
54.03
54.18
54.20
54.13
54.42
54.86
54.48
54.45
54.37
54.54
54.33
54.42
54.46
54.24
53.95
54.25
54.50
54.29
54.10
53.95
53.73
54.03
54.10
54.14
54.36
53.79
54.08
54.58
54.56
54.38
54.08
54.41
54.21
55.15
54.63
54.77
54.70
54.83
54.97
54.81
54.47
54.63
54.27
54.04
54.34
54.09
54.10
54.22
54.47
54.13
53.90
54.59
54.38
54.30
54.28
54.52
54.55
54.69
54.65
54.58
54.77
54.65
54.90
55.11
55.09
55.10
55.19
55.15
54.87
55.03
55.10
54.92
55.07
54.94
55.10
55.08
55.08
55.33
55.16
55.14
55.27
55.24
55.01
54.68
54.43
54.44
54.62
54.63
54.57
54.12
54.57
54.66
54.23
54.40
54.47
55.09
54.65
54.09
54.63
54.39
54.22
54.34
54.39
54.55
54.39
54.27
54.33
54.20
54.76
54.53
54.46
54.72
54.83
54.76
55.06
54.57
53.88
53.77
53.71
53.85
53.98
54.05
54.00
54.43
54.50
54.24
54.30
54.59
54.45
54.78
54.84
54.99
54.98
54.83
54.78
55.08
55.42
55.23
55.20
55.43
55.39
55.74
55.86
56.08
55.90
55.56
55.54
55.56
55.55
55.83
55.87
55.91
55.85
55.93
55.61
55.57
55.97
55.43
55.64
55.92
55.66
55.69
55.17
55.22
54.62
54.80
54.72
54.94
54.95
54.89
54.65
55.18
55.19
55.52
55.43
55.61
55.37
55.03
55.08
55.00
55.09
55.01
54.97
55.10
55.02
55.16
55.13
55.21
55.16
55.10
55.15
55.13
55.03
55.18
55.34
55.04
54.72
54.75
54.79
54.67
55.07
54.69
54.33
54.32
54.77
54.81
55.16
55.08
55.39
55.63
54.87
55.10
55.24
54.19
54.60
54.32
54.43
54.70
54.97
55.02
55.52
55.64
55.58
55.73
55.71
55.77
55.54
55.58
55.72
55.92
55.56
55.39
55.18
55.46
55.36
55.03
54.98
54.87
55.08
55.49
55.61
55.99
55.84
55.82
55.54
55.42
55.45
55.20
54.79
54.93
55.73
55.71
55.67
55.69
55.61
55.73
55.75
55.54
55.46
55.23
55.12
55.07
55.20
55.20
55.20
55.41
55.33
55.55
55.75
55.37
55.52
55.79
55.96
55.97
56.18
56.00
55.91
55.81
55.91
55.69
55.75
55.70
55.37
55.45
55.63
55.62
55.55
55.50
54.58
54.55
54.57
54.40
54.71
54.51
54.69
55.00
55.33
55.39
55.42
55.24
55.13
55.18
55.23
55.17
55.13
55.07
54.88
54.77
55.17
55.30
55.64
55.59
55.70
55.42
55.74
55.71
55.69
55.79
55.73
55.55
55.49
55.52
55.65
55.87
56.09
55.93
55.81
56.05
56.04
55.91
55.58
55.73
55.66
55.99
55.95
55.76
55.98
56.16
56.19
56.27
56.18
56.01
55.91
55.75
55.61
55.54
55.39
55.44
55.32
55.67
55.75
55.95
56.21
56.42
56.08
55.97
56.22
55.95
56.12
55.75
55.52
55.79
55.44
55.41
55.61
55.55
55.59
55.73
55.42
55.54
55.98
55.58
55.32
55.24
55.43
55.96
56.07
55.88
55.98
56.18
55.69
55.70
55.81
55.88
55.72
55.79
55.45
55.37
55.81
55.37
55.38
55.45
55.32
55.06
55.34
55.52
55.55
55.34
55.46
55.22
55.74
55.43
55.24
55.49
55.70
55.73
55.37
55.51
55.37
55.37
55.16
55.12
54.96
55.38
55.33
55.13
55.18
55.08
55.17
54.87
55.41
55.28
55.23
55.42
55.22
55.50
55.80
55.69
55.31
55.61
55.49
54.97
55.58
55.59
55.67
55.88
55.89
55.91
55.97
56.05
56.07
56.11
55.49
55.50
55.69
55.51
55.45
55.43
55.88
55.30
55.40
55.35
55.44
55.70
55.92
55.71
55.69
56.09
55.50
55.33
55.15
55.43
55.59
55.44
55.27
55.25
55.56
55.77
55.93
56.11
55.71
55.71
55.53
55.38
55.30
55.46
55.69
55.69
55.31
55.27
55.09
55.16
55.19
55.39
55.39
55.54
55.36
55.74
55.98
55.55
55.68
55.56
55.37
55.49
55.81
55.46
55.77
55.83
56.18
56.24
56.34
56.35
55.34
55.44
55.64
55.48
55.30
54.75
55.06
55.18
55.20
54.65
54.90
55.05
55.34
55.51
55.72
55.54
56.01
55.99
55.93
56.21
55.75
55.75
55.60
55.71
55.92
55.86
55.85
55.84
55.66
55.66
55.46
55.48
55.56
55.19
55.44
55.24
55.15
55.33
55.41
55.40
55.38
54.96
54.99
55.30
55.07
55.07
55.13
55.52
55.58
55.57
55.47
55.46
55.41
55.84
55.71
55.35
55.68
55.45
55.68
55.68
55.75
55.63
55.77
56.11
56.08
56.06
56.20
56.44
56.26
56.16
56.31
56.11
56.09
56.17
56.67
56.31
56.17
55.98
55.84
55.89
55.89
55.78
55.96
56.15
56.36
56.13
56.11
56.06
56.03
55.97
55.89
56.12
56.30
56.35
56.61
56.57
56.17
55.91
56.15
55.86
55.94
56.21
56.16
56.43
56.19
55.90
56.19
55.93
56.09
56.13
56.03
55.83
55.76
55.82
55.88
55.88
56.01
55.99
56.21
55.86
56.09
56.34
56.01
56.07
56.04
56.07
56.07
56.36
56.41
56.07
56.26
56.14
56.24
56.51
56.65
56.58
56.70
56.45
56.19
56.37
56.34
56.61
56.31
56.67
56.63
56.48
56.33
56.21
56.39
56.35
56.00
56.21
56.16
56.12
56.07
56.22
56.40
56.21
56.28
55.97
55.92
56.18
56.17
55.93
56.08
56.22
56.01
55.77
55.61
55.72
55.59
55.65
55.84
55.59
55.75
55.74
55.11
55.44
55.45
55.36
55.57
55.38
55.23
55.41
55.85
55.73
55.60
55.56
55.13
55.39
55.17
55.09
54.92
54.79
54.87
54.94
55.24
55.08
55.04
55.19
55.26
55.80
55.57
55.60
55.64
55.52
55.29
54.97
54.87
55.03
55.37
55.52
55.73
55.79
55.84
55.91
55.96
56.02
55.93
55.83
56.00
55.89
55.64
55.83
55.99
56.38
56.37
56.51
56.33
56.24
56.40
56.53
56.47
56.43
56.30
56.31
56.57
56.70
56.67
56.57
56.64
56.77
56.66
56.73
56.63
56.49
56.41
56.55
56.15
56.19
56.17
56.06
56.49
56.57
56.72
56.84
56.96
56.53
56.47
56.80
56.82
56.49
56.43
56.10
56.33
56.22
56.54
56.70
56.77
56.64
56.27
56.33
56.43
56.49
56.74
56.88
56.83
56.52
56.47
56.68
56.52
56.35
56.04
55.94
56.11
56.11
56.59
56.69
56.45
56.51
56.28
56.22
56.22
56.41
56.30
56.50
56.33
56.06
55.77
55.91
56.00
56.05
55.90
56.02
56.03
56.33
56.65
56.26
56.31
56.47
56.75
56.98
57.16
57.02
56.97
57.28
57.27
57.08
56.69
56.58
56.58
56.88
57.00
56.84
56.52
56.47
56.58
57.04
57.09
57.04
57.04
56.88
57.18
56.81
56.74
56.72
56.43
56.41
56.59
56.89
57.00
57.25
57.07
56.21
55.73
55.83
56.10
56.20
56.19
56.47
56.55
56.53
56.99
56.68
56.63
56.53
56.73
56.84
57.01
57.13
56.97
56.63
56.84
56.86
57.21
57.24
57.17
57.19
57.04
56.89
56.34
56.54
57.09
57.09
57.35
57.34
57.03
56.74
56.61
57.04
56.86
57.03
57.06
56.82
56.79
56.57
56.52
56.93
56.93
56.96
56.70
56.73
56.71
57.02
56.97
57.07
57.07
57.00
57.08
56.94
57.26
57.00
56.80
56.70
56.80
56.69
56.71
57.06
56.63
57.04
56.85
56.72
56.59
56.63
56.80
56.70
56.99
57.09
56.97
56.90
57.12
57.07
57.14
57.03
56.87
56.74
56.84
57.21
57.26
57.22
56.91
56.99
57.32
57.43
57.25
57.15
56.93
56.89
56.83
57.25
57.04
57.22
57.36
57.53
57.69
57.44
57.11
56.92
56.73
57.28
57.05
57.06
56.94
57.04
57.19
57.40
57.52
57.50
57.20
57.01
57.27
57.37
57.34
57.33
57.14
57.18
57.07
57.16
57.30
57.55
57.69
57.71
57.83
57.90
57.84
57.78
57.36
57.62
57.55
57.33
57.34
57.43
57.52
57.63
57.65
57.56
57.29
57.10
57.04
56.99
57.10
57.13
57.32
57.93
57.38
56.95
56.82
56.45
56.70
56.74
56.79
56.67
56.90
56.87
57.11
57.38
57.21
57.33
57.22
57.11
56.76
57.00
56.87
56.78
56.90
57.00
57.26
57.26
57.45
57.15
57.17
57.03
56.75
56.93
56.52
56.65
56.47
56.53
56.32
56.40
56.01
56.06
56.49
57.18
57.10
57.10
57.03
56.97
57.03
56.92
56.74
56.64
56.68
56.80
56.98
56.85
56.49
56.67
56.67
56.98
56.99
56.93
57.07
56.98
57.15
57.28
57.04
57.00
57.18
57.17
57.16
57.08
57.32
57.66
57.34
57.39
57.03
56.64
56.73
57.09
57.26
57.20
57.19
57.36
57.71
57.90
57.49
57.77
57.63
57.44
57.36
57.38
57.27
57.50
57.26
57.46
57.08
57.28
57.25
57.07
57.18
57.52
57.32
57.28
56.97
57.05
57.21
57.13
57.03
57.08
57.23
57.03
56.68
56.94
57.16
57.02
56.95
56.98
57.14
57.30
57.32
57.41
57.38
57.09
57.25
57.28
57.72
57.56
57.71
57.69
57.77
57.96
57.85
57.82
57.49
57.72
57.32
57.16
57.23
56.95
57.20
57.07
56.94
57.05
57.23
57.00
57.09
57.32
57.21
57.25
57.10
57.49
57.39
57.26
57.44
57.20
57.28
57.41
57.03
56.90
57.21
57.16
57.14
57.03
57.07
57.27
57.25
57.37
57.42
57.62
57.78
57.44
57.47
57.40
57.30
57.38
57.20
57.10
56.72
56.60
56.69
56.82
56.77
57.27
56.69
56.71
56.58
56.57
56.75
57.35
57.28
57.24
56.97
57.00
57.33
57.23
56.92
56.96
57.02
57.02
56.58
56.37
56.38
56.35
56.42
56.67
56.43
56.75
56.54
56.52
56.77
56.82
56.52
56.43
56.56
56.80
56.69
56.68
57.02
57.14
57.07
57.08
57.16
57.38
57.41
57.52
57.77
57.80
57.89
57.83
58.05
57.76
57.41
57.47
57.53
57.54
57.57
57.76
57.65
57.65
57.94
58.05
58.10
57.93
57.88
58.33
58.20
58.09
58.15
58.19
58.18
58.13
58.23
58.14
58.38
58.30
58.18
58.06
57.69
57.63
57.37
57.75
57.54
57.56
57.87
57.67
57.83
57.63
57.62
57.85
57.89
57.77
57.85
57.66
57.65
57.76
57.89
57.78
58.20
58.17
58.03
58.10
58.24
58.34
57.85
58.42
57.85
57.89
58.15
58.18
57.96
58.08
57.74
57.63
58.07
58.20
58.28
58.00
57.92
58.42
58.29
57.87
58.04
58.04
57.97
57.85
57.93
57.85
58.11
58.02
57.97
57.89
58.00
57.82
58.25
57.94
58.04
57.96
57.54
57.56
57.82
57.80
57.84
58.29
58.21
57.93
57.95
58.01
57.88
57.85
57.80
57.66
57.43
57.71
57.71
57.66
57.73
57.78
57.76
57.49
57.56
57.78
57.59
57.77
57.82
57.90
57.84
57.88
57.91
57.75
58.08
58.38
58.28
58.25
58.05
58.08
58.06
58.01
58.12
58.18
58.35
58.36
58.13
57.61
57.76
57.77
57.55
57.34
57.99
58.06
58.18
58.29
58.32
58.15
58.18
57.88
57.78
58.03
57.84
58.05
57.86
57.81
57.65
57.40
57.10
57.24
57.39
57.25
57.64
57.68
57.74
57.69
57.85
57.65
57.55
57.71
57.54
57.69
57.86
57.94
57.40
57.55
57.59
57.62
57.61
57.91
57.78
57.90
57.72
57.56
57.44
57.96
58.09
57.80
57.83
57.86
57.47
57.42
57.71
57.69
57.77
57.68
57.48
57.61
57.78
57.42
57.58
57.75
57.64
57.38
57.80
57.75
57.96
57.77
57.99
57.87
58.05
58.07
58.17
58.40
58.24
58.11
58.42
58.35
58.40
58.18
58.20
58.13
58.23
58.04
58.03
58.23
58.41
57.99
58.39
58.51
58.50
58.69
57.89
57.98
58.12
57.89
57.90
58.46
58.65
59.08
59.08
59.17
59.02
58.91
58.98
58.92
59.13
59.11
59.10
59.02
58.90
58.89
58.86
58.77
59.18
59.24
59.07
58.90
58.99
58.98
59.12
59.07
59.03
59.03
59.11
59.08
59.17
59.11
59.09
59.01
58.70
58.56
58.17
58.07
58.05
58.03
57.94
58.07
58.39
58.42
58.41
58.01
58.17
58.48
58.51
58.44
58.49
58.48
58.65
58.46
58.14
58.54
58.86
58.73
58.76
58.72
59.00
58.93
58.88
58.85
58.93
58.89
58.67
58.67
58.71
58.45
58.97
59.05
59.16
58.94
58.73
58.83
58.71
58.50
58.83
58.82
58.99
59.14
58.74
58.74
58.63
58.40
58.17
57.89
57.99
57.93
58.15
58.12
57.98
57.98
58.12
58.22
58.00
57.74
57.58
57.62
58.00
57.96
57.87
57.96
57.95
57.94
58.01
58.05
58.05
58.10
58.02
58.08
58.09
58.01
57.91
57.54
56.97
57.15
56.99
57.28
57.33
57.55
57.29
57.34
57.50
57.47
57.63
57.71
58.02
58.23
58.30
58.06
57.83
57.84
57.99
57.99
58.02
58.16
57.85
58.00
57.89
57.63
57.41
57.50
57.47
57.35
57.81
57.68
57.64
57.78
58.19
58.14
58.16
58.18
57.99
58.00
57.86
57.87
58.01
57.71
57.64
57.69
57.84
57.82
57.53
57.99
57.96
58.14
58.09
58.14
58.06
58.11
57.92
58.04
58.27
58.06
58.27
58.39
58.40
58.18
58.10
58.13
58.36
58.36
58.39
58.27
58.34
58.43
58.63
59.10
58.95
59.18
59.15
58.81
58.96
58.67
58.67
58.79
59.04
59.10
59.04
58.88
58.94
58.95
58.94
58.70
58.73
58.92
59.14
58.81
58.62
58.94
59.27
59.11
59.15
59.40
59.15
59.06
59.27
59.15
59.45
58.88
58.54
58.75
58.79
58.79
58.84
58.68
58.48
58.69
58.70
58.63
58.60
58.59
58.56
59.03
59.14
59.07
58.97
58.87
58.88
58.57
58.80
58.75
58.66
58.59
58.39
58.86
58.77
58.42
58.69
58.79
58.56
58.76
58.41
58.86
58.80
59.02
59.04
59.19
59.33
59.03
58.62
58.60
58.49
58.08
57.42
57.77
57.89
58.06
58.14
58.28
58.31
58.47
58.83
58.86
58.91
58.98
59.32
59.04
58.95
58.67
58.91
58.85
59.28
58.97
58.85
58.76
58.91
59.01
58.78
58.75
58.88
58.90
58.86
58.87
58.91
58.74
59.07
58.98
59.05
59.05
58.99
58.95
58.82
58.78
58.74
58.55
58.19
58.02
58.13
58.25
58.43
58.56
58.55
58.38
58.16
58.47
58.43
58.74
58.62
58.48
58.22
57.86
58.40
58.52
58.33
58.37
58.57
58.72
58.62
58.43
58.56
58.89
58.58
58.60
58.35
58.24
58.17
58.21
58.20
57.86
58.05
58.48
58.51
58.70
58.85
58.73
58.79
58.60
58.37
58.46
58.84
58.79
58.38
58.54
58.65
58.63
58.86
58.90
58.75
58.91
58.81
58.96
59.13
58.88
58.89
59.03
58.50
58.69
58.20
58.68
58.83
58.83
59.19
58.92
58.91
59.23
59.38
59.28
59.09
59.09
59.31
59.19
59.24
59.38
59.41
59.44
59.38
59.37
59.66
59.49
59.46
59.40
59.46
59.41
59.30
59.32
59.28
59.01
58.58
58.75
58.76
58.73
59.11
59.20
59.19
59.24
59.09
59.21
59.57
59.63
59.48
59.45
59.50
59.40
59.69
59.65
59.64
59.34
59.83
59.82
59.88
59.65
59.70
59.56
59.31
59.45
59.31
59.68
59.46
59.62
59.45
59.59
59.50
59.56
59.52
59.65
59.48
59.32
59.25
59.16
59.14
59.28
59.32
59.24
59.20
59.48
58.98
58.96
59.04
59.09
58.95
59.04
58.88
58.77
58.89
59.02
58.83
58.81
58.92
58.89
58.94
59.42
59.48
59.04
59.40
58.79
58.75
59.18
59.32
59.39
59.34
59.17
59.10
59.18
59.34
59.61
59.40
59.38
59.45
59.21
59.45
59.68
59.78
59.86
59.72
59.84
59.78
59.63
59.85
59.91
59.73
59.83
59.59
59.78
59.71
59.68
59.72
59.79
59.96
59.95
59.98
59.78
59.87
59.55
59.34
59.68
59.85
59.72
59.66
59.76
59.91
59.88
59.91
59.90
59.92
59.61
59.85
59.51
59.62
59.67
59.68
59.82
59.89
59.98
60.09
60.07
60.04
60.03
60.26
59.94
59.98
59.91
59.91
59.97
60.04
59.72
59.56
59.30
59.33
59.23
59.47
59.56
59.53
59.59
59.76
59.71
59.69
59.72
59.57
59.49
59.55
59.51
59.76
59.85
59.56
59.71
59.94
59.76
59.82
60.30
60.22
59.91
59.88
59.81
59.79
59.96
60.29
60.21
60.14
60.03
60.07
60.08
60.19
60.24
60.00
60.17
60.21
60.34
60.33
60.36
60.32
60.57
60.55
60.55
60.45
60.52
60.87
60.88
60.73
60.37
60.20
59.63
59.53
59.74
59.94
59.88
60.08
59.94
60.15
60.20
59.97
59.92
60.06
60.03
59.74
59.71
59.80
59.72
59.80
59.77
59.85
59.86
59.90
59.96
60.13
60.36
60.63
60.60
60.67
60.57
60.55
60.66
60.63
60.39
60.34
60.24
60.61
60.57
60.55
60.38
60.45
60.56
60.28
60.39
60.37
60.79
60.72
60.59
60.61
60.54
60.34
60.33
60.24
60.08
60.46
60.51
60.41
60.32
60.51
60.45
60.23
60.16
60.27
60.35
60.54
60.80
60.32
59.92
60.21
60.25
60.37
60.34
60.35
60.13
59.90
60.05
59.96
60.22
60.13
60.38
60.13
59.93
59.97
60.08
60.35
60.57
60.47
60.68
60.51
60.42
60.54
60.91
60.73
60.68
60.45
60.24
60.37
60.18
59.99
59.86
59.96
60.04
60.02
60.22
60.08
60.21
60.61
60.39
60.46
60.38
60.48
60.88
60.85
60.33
60.46
60.37
60.13
60.42
60.57
60.46
60.60
60.62
60.91
61.00
60.96
60.92
60.74
60.60
60.42
60.34
60.35
60.01
60.41
60.46
60.61
60.75
60.68
60.63
60.59
60.83
60.48
60.37
60.39
60.41
60.54
60.33
60.09
59.92
59.56
59.67
59.51
59.72
60.02
60.17
60.10
60.21
60.18
60.09
59.94
59.79
59.91
60.09
60.14
60.15
60.17
59.73
59.88
60.18
60.27
60.02
60.24
60.59
60.45
60.19
60.20
59.84
60.04
59.49
60.11
60.07
59.86
60.21
59.72
59.57
59.90
59.60
59.51
59.64
59.65
59.39
59.49
59.37
59.32
59.08
58.97
59.35
59.66
59.47
59.51
59.60
59.59
59.59
59.48
59.71
59.86
59.68
59.55
59.50
59.62
59.60
59.80
60.07
59.89
60.06
60.15
60.13
60.03
59.98
60.02
59.68
59.40
59.43
59.45
59.61
59.26
59.34
59.59
59.72
60.10
59.91
59.85
59.32
58.99
59.33
59.67
59.75
59.56
59.83
59.61
59.47
59.23
59.21
59.42
59.40
59.39
59.35
59.30
59.30
59.37
58.98
59.21
59.35
59.35
59.24
59.62
59.72
59.53
59.43
59.76
59.64
59.45
59.47
59.62
59.57
59.60
59.35
59.50
59.57
59.66
60.03
59.85
59.57
59.64
59.62
59.62
59.71
59.57
59.70
59.80
59.69
59.73
59.96
59.82
59.77
59.89
59.73
59.93
59.76
59.98
59.82
59.75
59.83
59.76
59.82
59.67
59.63
59.73
59.99
60.11
60.04
59.88
59.86
60.05
59.98
60.03
59.84
59.81
60.08
59.94
60.10
60.09
60.10
60.21
60.40
60.46
60.54
60.42
60.21
60.00
60.14
60.14
60.55
60.38
60.50
60.28
59.95
59.60
59.56
59.75
59.77
59.79
60.08
59.99
59.71
59.78
59.95
59.88
59.88
59.96
60.07
60.05
60.04
59.98
59.85
59.80
59.76
59.94
59.88
59.83
59.62
59.82
59.39
59.57
59.45
59.59
59.37
59.11
59.12
59.21
59.25
59.30
59.26
59.78
59.82
59.97
59.74
59.85
60.01
60.13
59.85
60.05
59.94
60.05
60.07
60.02
59.82
59.66
59.97
59.84
59.85
59.54
59.53
60.06
59.77
59.87
59.22
59.23
59.48
59.58
59.74
59.60
59.31
58.95
58.88
58.96
59.35
59.35
59.76
60.04
59.88
60.19
59.84
59.76
60.07
59.90
59.76
59.78
59.86
59.62
59.53
59.41
58.98
59.02
59.19
59.24
59.27
59.54
59.19
59.11
59.07
59.02
58.74
58.79
58.63
58.44
58.47
58.74
58.90
58.93
58.97
59.09
59.14
58.91
59.16
58.99
59.33
59.22
59.57
59.75
59.66
59.64
59.58
59.39
59.43
59.86
59.97
59.79
59.84
59.98
59.69
59.55
59.41
59.46
59.75
59.78
59.35
59.33
59.67
59.54
59.62
59.48
59.31
59.38
59.13
59.22
59.12
59.20
59.41
58.88
59.27
59.62
59.77
59.74
59.41
59.04
59.07
58.82
58.92
59.00
59.45
59.48
59.61
59.83
59.96
59.52
59.24
59.43
59.37
59.37
59.65
59.70
59.64
59.47
59.50
59.56
59.57
59.44
59.02
59.09
58.94
58.94
58.70
59.37
59.43
59.31
59.32
59.13
59.11
59.22
59.22
59.59
59.64
59.78
59.98
59.94
59.74
59.71
59.92
60.08
59.99
60.11
59.73
59.73
59.99
60.25
60.26
60.16
60.18
59.89
59.75
59.95
59.79
59.37
59.25
59.57
59.78
59.30
59.61
59.58
59.40
59.34
59.27
58.88
59.35
59.32
59.48
59.55
59.81
60.05
59.90
59.76
58.84
59.18
58.94
58.94
59.68
59.63
59.70
59.55
59.27
59.32
59.67
59.67
59.47
59.68
59.76
59.85
60.16
59.77
59.85
59.82
59.51
60.02
59.92
59.60
60.27
60.44
60.29
60.17
59.89
59.87
60.17
60.60
60.82
60.73
61.03
60.96
61.10
61.01
61.18
61.18
61.26
60.78
60.39
60.61
60.58
60.61
60.47
60.16
60.09
60.38
60.42
60.52
60.56
60.67
60.67
60.70
60.75
60.78
60.92
60.66
60.43
60.51
60.63
60.66
60.94
60.80
60.92
60.51
60.54
60.99
60.51
60.62
60.57
60.67
60.72
60.58
60.62
61.10
60.80
60.91
60.86
60.83
60.74
60.72
60.53
60.60
60.59
60.68
60.90
60.70
60.70
60.90
61.02
60.77
60.69
60.91
60.86
60.87
60.81
60.86
60.63
60.88
60.73
60.48
60.55
60.85
60.80
60.82
60.79
60.59
60.53
60.43
60.35
60.45
60.60
60.92
61.32
61.00
61.00
60.92
61.09
60.84
60.79
60.28
60.40
60.43
60.62
60.73
60.78
60.58
60.42
60.60
60.51
60.53
61.01
61.14
61.09
61.15
61.15
61.19
61.19
61.34
61.23
61.34
60.90
61.31
61.21
61.20
60.93
61.17
61.40
61.56
61.22
61.13
61.26
61.35
61.08
61.01
61.19
60.86
60.50
60.70
60.63
60.74
61.05
60.98
61.37
61.50
61.42
61.44
61.55
61.36
61.25
61.53
61.46
61.45
61.35
61.51
61.62
61.51
61.47
61.39
61.81
61.74
61.46
61.32
61.27
61.52
61.33
61.04
61.24
61.15
61.24
61.15
61.39
61.42
61.28
61.51
61.64
61.84
61.99
61.66
61.57
61.52
61.64
61.70
61.50
61.32
61.30
61.28
61.29
61.29
60.85
61.01
61.09
61.10
61.08
61.24
60.97
61.07
61.03
61.27
61.41
61.32
61.47
61.35
61.40
61.54
61.58
61.68
61.72
61.54
61.53
61.61
61.26
61.31
61.40
61.42
61.29
61.32
61.67
61.42
61.48
61.66
61.01
60.82
61.27
61.35
61.22
61.36
61.28
60.97
61.25
61.33
61.32
61.06
60.89
60.95
60.83
60.72
61.07
60.87
60.86
60.71
60.97
60.95
60.91
60.82
60.98
60.80
60.95
60.87
60.63
60.68
60.90
60.99
60.99
60.90
61.04
61.08
61.14
60.53
60.35
60.27
60.53
60.49
60.38
60.42
60.59
60.71
60.80
60.81
60.72
60.95
60.88
60.86
60.70
60.76
60.79
60.76
60.64
60.90
60.77
60.86
60.85
61.11
61.09
61.05
61.08
61.19
61.26
61.03
61.19
61.54
61.54
61.33
61.58
61.46
61.52
61.57
61.50
61.74
61.62
61.53
61.62
61.64
61.54
61.50
61.55
61.59
61.51
61.64
61.67
61.74
61.76
61.61
61.54
61.47
61.63
61.32
61.48
61.75
61.58
61.70
61.74
61.28
61.37
61.81
61.71
61.69
61.41
61.63
61.44
61.15
61.07
60.97
60.89
60.78
60.71
60.65
60.59
60.33
60.28
60.53
60.50
60.69
60.61
60.42
60.24
60.09
60.47
60.50
60.86
60.86
60.55
60.54
60.67
60.77
60.88
60.70
60.82
60.28
60.37
60.26
60.51
60.55
60.25
60.12
60.19
60.17
60.11
59.69
59.90
60.13
60.38
60.18
60.07
60.30
60.44
60.53
60.25
60.33
60.37
59.94
60.33
60.42
60.54
60.51
60.38
60.37
60.51
60.53
60.09
59.97
59.90
60.17
60.05
60.04
60.23
60.22
60.23
60.31
60.18
60.36
60.45
60.57
60.49
60.68
60.55
60.42
60.54
60.56
60.28
60.66
60.75
60.68
60.76
60.71
60.87
60.36
60.11
60.17
60.14
60.24
60.61
60.72
60.62
60.78
61.33
61.15
61.31
61.13
61.29
61.47
61.47
61.48
61.32
61.37
61.35
61.12
61.08
61.02
