0.50
0.50
0.50
0.50
0.50
0.50
0.50
0.50
0.50
0.50
0.50
0.50
0.50
0.53
0.57
0.43
0.43
0.31
0.43
0.42
0.52
0.63
0.80
0.85
0.98
0.96
1.01
0.89
0.92
0.92
0.78
0.81
0.76
0.72
0.74
0.70
0.73
0.75
0.73
0.73
0.75
0.72
0.73
0.73
0.77
0.77
0.75
0.75
0.77
0.77
0.78
0.82
0.82
0.82
0.82
0.82
0.80
0.80
0.80
0.80
0.80
0.80
0.78
0.77
0.77
0.77
0.77
0.86
0.96
0.94
0.90
0.88
0.91
0.90
0.92
0.95
1.00
1.04
1.02
1.03
1.08
1.10
1.11
1.15
1.15
1.15
1.13
1.15
1.15
1.13
1.13
1.13
1.15
1.20
1.22
1.33
1.43
1.50
1.51
1.55
1.58
1.58
1.60
1.60
1.60
1.61
1.61
1.61
1.61
1.61
1.61
1.61
1.63
1.63
1.65
1.65
1.63
1.63
1.63
1.65
1.67
1.68
1.68
1.68
1.68
1.67
1.68
1.70
1.73
1.81
1.93
1.97
2.00
2.04
2.06
2.13
2.18
2.18
2.18
2.16
2.16
2.16
2.16
2.16
2.16
2.15
2.15
2.15
2.13
2.11
2.11
2.11
2.11
2.11
2.15
2.16
2.18
2.15
2.25
2.34
2.39
2.51
2.56
2.58
2.57
2.48
2.38
2.34
2.29
2.24
2.22
2.20
2.22
2.29
2.29
2.32
2.34
2.39
2.43
2.43
2.43
2.46
2.45
2.46
2.55
2.55
2.51
2.80
2.75
2.58
2.68
2.87
2.91
2.93
2.97
2.97
2.97
2.97
2.97
2.97
2.99
2.99
2.99
2.94
2.94
2.97
2.97
2.97
2.97
2.97
2.97
2.98
3.06
3.05
3.05
3.06
3.06
3.10
3.30
3.26
3.27
3.19
3.34
3.34
3.33
3.39
3.39
3.34
3.34
3.34
3.34
3.38
3.40
3.43
3.43
3.45
3.43
3.43
3.41
3.41
3.39
3.40
3.40
3.40
3.40
3.37
3.39
3.39
3.43
3.50
3.62
3.68
3.72
3.75
3.85
3.82
3.82
3.80
3.81
3.81
3.81
3.79
3.79
3.79
3.83
3.77
3.82
3.77
3.83
3.83
3.83
3.83
3.80
3.81
3.79
3.89
4.11
4.08
4.08
4.10
4.13
4.16
4.18
4.21
4.25
4.25
4.25
4.25
4.26
4.26
4.26
4.25
4.25
4.25
4.21
4.20
4.18
4.16
4.16
4.16
4.20
4.23
4.27
4.25
4.28
4.21
4.19
4.21
4.12
4.21
4.22
4.26
4.26
4.24
4.26
4.26
4.26
4.29
4.34
4.34
4.32
4.35
4.35
4.37
4.37
4.41
4.39
4.39
4.35
4.35
4.30
4.30
4.32
4.35
4.39
4.45
4.60
4.79
4.81
4.75
4.83
4.86
4.89
4.87
4.87
4.87
4.87
4.91
4.93
4.93
4.91
4.91
4.89
4.89
4.89
4.85
4.85
4.85
4.85
4.87
4.87
4.87
4.85
4.87
5.02
5.12
5.10
5.08
4.96
5.08
5.08
5.12
5.12
5.11
5.10
5.17
5.17
5.18
5.20
5.25
5.23
5.30
5.22
5.24
5.20
5.25
5.28
5.26
5.28
5.28
5.28
5.30
5.31
5.46
5.67
5.72
5.75
5.73
5.77
5.79
5.79
5.79
5.80
5.80
5.82
5.79
5.79
5.79
5.80
5.79
5.79
5.79
5.80
5.84
5.79
5.80
5.80
5.82
5.79
5.75
5.79
5.79
5.84
5.96
6.13
6.21
6.19
6.19
6.32
6.29
6.22
6.25
6.30
6.32
6.30
6.28
6.23
6.17
6.24
6.23
6.30
6.27
6.25
6.25
6.27
6.22
6.25
6.29
6.29
6.29
6.27
6.32
6.31
6.28
6.48
6.52
6.58
6.60
6.60
6.55
6.55
6.59
6.57
6.57
6.58
6.49
6.54
6.61
6.51
6.57
6.57
6.59
6.59
6.59
6.65
6.66
6.59
6.53
6.53
6.46
6.53
6.63
6.65
6.83
6.88
7.04
6.95
7.00
7.09
7.06
7.07
7.07
6.89
6.84
6.88
6.93
6.98
7.03
7.05
7.05
7.10
7.10
7.10
7.10
7.10
7.05
7.05
7.05
7.06
7.06
7.03
7.03
7.06
7.06
7.39
7.41
7.36
7.36
7.45
7.47
7.52
7.53
7.53
7.56
7.53
7.55
7.60
7.58
7.58
7.58
7.60
7.58
7.62
7.62
7.62
7.62
7.62
7.62
7.62
7.62
7.59
7.62
7.67
7.80
7.89
7.99
8.03
7.94
7.94
7.91
7.92
7.91
7.96
8.01
8.04
8.04
8.03
8.03
8.03
7.98
7.99
8.01
8.08
8.06
8.04
8.04
8.04
8.04
8.01
7.99
7.98
7.93
7.96
8.19
8.28
8.30
8.31
8.36
8.42
8.42
8.42
8.42
8.42
8.44
8.42
8.45
8.43
8.43
8.43
8.43
8.42
8.40
8.42
8.38
8.38
8.40
8.40
8.40
8.38
8.38
8.38
8.35
8.38
8.45
8.71
8.74
8.72
8.77
8.74
8.74
8.83
8.90
8.88
8.86
8.91
8.93
8.90
8.91
8.95
8.93
8.94
8.91
8.86
8.86
8.81
8.77
8.81
8.76
8.80
8.85
8.95
8.89
9.04
9.33
9.38
9.38
9.42
9.46
9.42
9.46
9.42
9.40
9.45
9.44
9.42
9.44
9.40
9.39
9.39
9.37
9.39
9.37
9.40
9.47
9.47
9.47
9.44
9.47
9.45
9.47
9.48
9.43
9.41
9.45
9.39
9.58
9.61
9.45
9.53
9.67
9.75
9.85
9.86
9.86
9.84
9.84
9.89
9.91
9.91
9.88
9.80
9.71
9.78
9.78
9.78
9.78
9.80
9.80
9.82
9.83
9.83
9.84
9.83
9.91
9.76
9.78
9.60
9.68
9.88
9.91
10.01
9.97
9.98
10.04
10.03
10.12
10.09
10.14
10.11
10.23
10.22
10.24
10.26
10.00
10.01
9.98
10.08
10.13
10.10
10.12
10.16
10.14
10.10
10.06
10.09
10.17
10.11
10.24
10.06
10.09
10.19
10.20
10.27
10.32
10.28
10.24
10.33
10.26
10.11
10.03
10.04
10.12
10.18
10.28
10.29
10.27
10.22
10.21
10.25
10.21
10.22
10.17
10.30
10.35
10.37
10.42
10.63
10.62
10.57
10.61
10.57
10.59
10.56
10.65
10.60
10.64
10.60
10.65
10.68
10.73
10.76
10.71
10.71
10.74
10.69
10.70
10.74
10.69
10.65
10.60
10.63
10.57
10.55
10.42
10.47
10.55
10.68
10.64
10.61
10.60
10.53
10.57
10.62
10.59
10.54
10.50
10.31
10.39
10.49
10.46
10.45
10.38
10.45
10.46
10.44
10.46
10.50
10.56
10.41
10.31
10.32
10.39
10.75
11.00
11.02
11.06
11.05
11.05
11.03
11.07
11.10
11.13
11.15
11.20
11.20
11.23
11.27
11.21
11.18
11.13
11.05
11.08
11.12
11.12
11.12
11.12
11.18
11.12
11.14
11.18
11.21
11.20
11.21
11.28
11.29
11.20
11.17
11.16
11.19
11.26
11.24
11.30
11.36
11.34
11.39
11.42
11.45
11.48
11.46
11.46
11.47
11.40
11.41
11.35
11.37
11.37
11.40
11.40
11.42
11.42
11.52
11.52
11.39
11.42
11.45
11.40
11.57
11.43
11.45
11.57
11.50
11.40
11.28
11.27
11.50
11.55
11.41
11.48
11.48
11.41
11.44
11.44
11.33
11.30
11.24
11.31
11.42
11.41
11.41
11.42
11.46
11.38
11.38
11.61
11.60
11.55
11.62
11.63
11.68
11.68
11.71
11.74
11.80
11.80
11.71
11.78
11.88
11.91
11.88
11.85
11.77
11.85
11.95
11.90
11.89
11.95
12.00
11.98
12.00
11.97
11.93
11.99
11.94
12.07
12.20
12.02
12.10
11.89
11.87
11.94
11.95
11.99
12.02
12.13
12.06
11.95
11.98
12.01
12.06
12.12
12.07
12.06
12.02
12.14
12.07
12.09
12.03
12.04
12.14
12.13
12.12
12.11
12.14
12.02
12.11
12.13
12.38
12.35
12.38
12.36
12.21
12.35
12.27
12.31
12.29
12.21
12.07
12.21
12.30
12.35
12.36
12.35
12.23
12.15
12.29
12.22
12.22
12.28
12.31
12.31
12.25
12.27
12.27
12.45
12.57
12.57
12.58
12.67
12.74
12.77
12.77
12.65
12.64
12.64
12.68
12.73
12.71
12.70
12.73
12.73
12.73
12.79
12.86
12.81
12.76
12.81
12.78
12.80
12.81
12.74
12.76
12.58
12.88
13.07
13.01
13.13
13.06
13.05
13.08
13.21
13.14
13.05
13.13
12.97
12.96
13.10
13.25
13.19
13.14
13.18
13.30
13.28
13.27
13.23
13.21
13.27
13.28
13.25
13.25
13.24
13.22
13.10
13.08
13.52
13.54
13.39
13.64
13.77
13.66
13.65
13.65
13.62
13.59
13.60
13.68
13.75
13.76
13.69
13.71
13.66
13.66
13.67
13.68
13.74
13.74
13.76
13.76
13.79
13.80
13.74
13.82
13.77
13.85
13.91
14.02
14.12
13.97
14.02
14.00
14.01
13.93
13.96
13.98
13.96
13.86
14.01
14.04
14.11
14.10
14.07
14.02
13.91
14.01
13.91
13.82
13.91
13.95
13.93
13.98
14.01
14.11
13.79
13.89
13.81
13.69
13.86
13.55
13.90
13.78
13.93
14.00
13.95
13.94
13.93
14.07
14.03
13.99
14.03
14.08
14.07
14.15
14.15
14.12
14.11
14.13
14.25
14.27
14.19
14.26
14.36
14.35
14.32
14.32
14.38
14.40
14.34
14.42
14.30
14.32
14.35
14.20
14.17
14.28
14.24
14.27
14.12
14.12
14.27
14.19
14.34
14.39
14.40
14.13
14.15
14.39
14.38
14.52
14.53
14.55
14.56
14.50
14.58
14.59
14.65
14.64
14.50
14.47
14.35
14.26
14.49
14.64
14.76
14.58
14.39
14.52
14.45
14.37
14.32
14.26
14.42
14.50
14.39
14.56
14.57
14.63
14.57
14.47
14.48
14.25
14.32
14.46
14.21
14.31
14.53
14.79
14.93
14.96
14.89
15.00
14.99
14.95
15.05
14.99
14.93
14.86
14.86
14.79
14.97
15.01
15.13
15.01
15.16
15.22
15.21
15.09
15.11
15.06
15.09
15.11
15.10
15.09
14.93
15.16
15.22
14.83
15.07
15.24
15.04
15.09
15.09
15.15
15.12
14.99
15.09
15.14
15.02
15.17
15.30
15.36
15.39
15.47
15.49
15.55
15.44
15.44
15.45
15.50
15.52
15.49
15.54
15.50
15.31
15.30
15.22
15.31
15.23
15.18
15.26
15.16
15.38
15.29
15.35
15.25
15.42
15.45
15.29
15.23
15.35
15.23
15.08
15.18
15.11
15.20
15.31
15.36
15.25
15.14
15.19
15.16
15.20
15.10
15.13
15.15
15.04
15.05
15.14
15.24
15.30
15.08
15.21
15.32
15.16
15.21
15.38
15.35
15.35
15.31
15.17
15.30
15.25
15.14
15.16
15.33
15.27
15.20
15.18
15.24
15.42
15.51
15.62
15.48
15.42
15.37
15.57
15.65
15.55
15.82
15.87
15.75
15.87
15.83
15.86
15.71
15.80
15.88
15.66
15.90
15.80
15.73
15.76
15.79
15.57
15.74
15.60
15.63
15.67
15.92
15.91
15.71
15.63
15.58
15.79
16.04
16.36
16.40
16.54
16.48
16.46
16.39
16.43
16.47
16.44
16.49
16.53
16.50
16.46
16.59
16.58
16.56
16.57
16.55
16.50
16.52
16.48
16.49
16.56
16.55
16.57
16.60
16.59
16.51
16.48
16.95
16.59
16.67
16.47
16.33
16.51
16.25
16.47
16.46
16.34
16.46
16.49
16.57
16.55
16.47
16.56
16.78
16.80
16.84
16.81
16.81
16.70
16.72
16.67
16.69
16.71
16.34
16.53
16.44
16.55
16.62
16.53
16.63
16.69
16.69
16.86
16.63
16.72
16.79
16.82
16.89
17.12
17.05
17.09
17.05
17.10
17.24
17.17
17.12
17.09
17.10
17.19
17.32
17.28
17.35
17.31
17.28
17.29
17.29
17.39
17.48
17.26
17.17
17.28
17.45
17.42
17.31
17.21
16.89
16.42
16.71
16.85
16.86
16.71
16.79
17.09
17.05
16.86
16.89
16.88
16.50
16.45
16.55
16.85
16.60
16.94
16.87
17.06
16.91
16.59
16.89
17.39
17.44
17.58
17.57
17.56
17.41
17.55
17.59
17.64
17.84
17.77
17.87
17.77
17.72
17.76
17.74
17.74
17.82
17.77
17.85
17.84
17.87
17.79
17.75
17.95
17.92
17.87
17.85
17.88
17.87
17.69
17.87
17.67
17.63
17.82
17.74
17.80
17.82
18.01
18.16
18.02
17.94
17.83
17.77
18.01
18.03
17.87
17.91
17.94
17.90
17.97
18.08
18.11
18.20
18.03
18.02
18.06
18.03
18.02
18.36
18.34
18.41
18.40
18.13
18.30
18.23
18.27
18.33
18.18
18.21
18.46
18.58
18.33
18.60
18.54
18.44
18.37
18.47
18.55
18.59
18.48
18.48
18.48
18.57
18.38
18.42
18.42
18.46
18.58
18.67
18.85
18.88
18.95
18.93
18.99
18.96
19.08
19.09
19.05
19.17
19.28
19.16
19.06
19.03
18.95
19.06
19.08
18.82
18.87
18.84
18.97
18.91
18.98
19.01
19.04
19.06
19.08
19.07
18.84
18.83
18.85
18.41
18.52
18.64
18.55
18.54
18.60
18.80
18.68
18.71
18.93
18.86
18.88
18.81
18.89
18.88
18.72
18.67
18.69
18.59
18.74
18.63
18.65
18.90
18.88
18.84
18.82
18.98
18.95
18.83
18.50
18.93
18.89
19.12
19.40
19.47
19.39
18.92
18.95
19.18
19.27
19.29
19.13
19.26
19.12
19.17
19.19
19.09
19.12
19.07
18.89
18.82
18.79
18.80
18.90
18.98
19.03
19.07
19.17
19.08
19.10
19.26
19.00
19.29
19.25
19.62
19.58
19.38
19.22
19.11
19.16
19.39
19.30
19.33
19.29
19.44
19.47
19.37
19.83
19.84
19.73
19.69
19.76
19.93
19.87
19.85
19.81
19.92
19.87
19.96
19.73
19.74
19.87
19.75
20.14
19.95
19.92
19.84
19.91
19.82
19.76
19.95
19.96
20.01
20.21
20.07
20.05
20.10
20.11
20.24
20.11
20.13
20.15
20.34
20.27
20.41
20.03
20.06
20.10
20.26
20.46
20.30
20.47
20.21
19.94
20.25
20.37
20.61
20.44
20.35
20.27
20.19
20.05
20.10
20.26
20.20
20.20
20.29
20.48
20.47
20.39
20.54
20.57
20.51
20.46
20.51
20.57
20.69
20.70
20.22
20.19
20.21
20.59
20.84
20.93
20.71
20.63
20.93
20.99
21.00
20.98
21.09
21.04
21.05
21.07
21.07
21.02
20.89
20.87
20.86
20.84
20.85
20.83
20.91
21.03
20.82
20.87
20.87
21.05
20.72
21.02
20.81
21.08
20.96
21.01
20.86
21.04
21.02
21.06
21.10
21.18
21.10
21.10
21.37
21.32
21.37
21.39
21.43
21.38
21.36
21.49
21.47
21.42
21.34
21.33
21.36
21.29
21.33
21.42
21.59
21.85
21.77
21.81
21.58
21.49
21.62
21.63
21.67
21.66
21.71
21.75
21.67
21.65
21.94
21.92
21.88
21.81
21.71
21.74
21.74
21.70
21.70
21.57
21.55
21.58
21.64
21.66
21.62
21.67
21.76
21.69
21.46
21.63
21.90
21.76
21.69
21.74
21.95
21.85
21.91
21.87
21.98
21.96
21.75
21.61
21.26
21.42
21.40
20.97
20.94
20.98
20.97
21.00
21.27
21.35
21.19
20.96
20.95
21.15
21.53
21.70
21.39
21.18
21.37
21.44
21.73
21.64
21.37
21.74
21.69
21.81
21.73
21.79
21.73
21.76
21.76
21.79
21.74
21.51
21.64
21.77
21.73
21.66
21.70
21.67
21.66
21.77
21.62
21.64
21.64
21.44
21.68
21.56
21.59
21.84
21.99
21.98
22.01
22.07
22.05
21.97
21.78
21.82
21.96
22.09
21.86
21.60
21.80
22.10
21.98
21.79
21.82
21.83
21.83
21.94
21.59
21.94
22.04
22.14
21.79
21.58
21.60
21.56
21.76
21.99
22.00
22.01
21.74
21.52
21.98
21.96
21.79
21.79
21.84
21.61
22.05
22.15
21.96
21.81
21.81
21.80
21.45
21.32
21.58
21.65
21.82
22.04
21.92
22.14
22.17
22.04
22.14
22.23
22.27
22.00
22.35
22.21
22.21
22.14
22.42
21.99
22.05
21.92
21.92
22.02
22.02
22.12
21.95
22.05
22.07
22.13
22.11
22.11
22.00
22.03
21.88
21.79
21.34
21.54
21.77
22.21
22.02
21.97
22.07
22.06
22.05
22.05
21.94
21.70
21.77
21.92
22.19
22.21
22.30
22.33
22.27
22.31
22.31
22.29
22.37
22.43
22.40
22.49
22.85
22.75
22.83
22.93
22.97
22.89
23.03
23.09
23.04
23.13
23.13
23.10
23.04
23.06
22.83
22.84
23.06
23.26
23.26
23.29
23.17
23.33
23.32
23.33
23.38
23.28
23.28
23.31
23.34
23.49
23.38
23.15
23.01
22.78
23.08
23.14
23.15
23.67
23.21
23.58
23.74
23.54
23.56
23.77
23.90
23.83
23.74
23.52
23.65
23.50
23.80
23.65
23.74
23.69
23.63
23.66
23.78
23.56
23.54
23.43
23.48
23.41
23.43
23.24
22.96
23.48
23.76
23.72
23.96
23.99
24.19
24.14
24.10
24.29
24.35
24.53
24.28
24.14
24.16
24.27
24.03
24.00
24.10
24.11
24.04
23.74
23.96
23.92
23.92
24.09
24.30
24.13
24.14
24.06
23.90
23.68
23.50
23.58
23.15
23.58
23.79
23.97
23.62
23.44
23.55
23.67
23.39
23.79
23.71
24.04
24.23
24.13
23.93
23.71
24.05
24.04
24.15
24.27
24.37
24.20
24.02
24.01
24.27
24.22
24.10
24.14
24.24
23.91
24.08
24.09
23.63
23.69
23.89
23.66
23.86
23.70
23.93
24.00
24.16
23.94
24.12
24.26
24.16
24.13
24.19
24.38
24.40
24.28
24.26
24.41
24.32
24.07
24.21
24.05
24.27
24.19
24.37
24.30
24.61
24.72
24.77
24.75
24.71
24.81
24.64
24.38
24.32
24.49
24.50
24.58
24.69
24.73
24.83
24.75
24.85
24.80
24.85
24.98
24.85
24.81
25.02
24.85
24.89
24.76
24.82
24.88
25.02
25.41
25.43
25.16
25.26
25.44
25.46
25.32
25.29
25.19
25.02
24.90
24.97
24.75
24.76
24.86
24.74
24.97
25.13
25.10
25.07
24.74
24.90
25.04
25.09
25.06
25.12
25.24
25.06
25.24
25.02
25.30
25.30
25.42
25.59
25.48
25.43
25.28
25.43
25.37
25.43
25.48
25.61
25.64
25.48
25.51
25.62
25.41
25.32
25.41
25.40
25.57
25.66
25.61
25.61
25.78
25.86
25.73
25.48
25.45
25.29
25.93
26.21
26.06
26.01
26.09
26.13
26.18
26.60
26.39
26.56
26.62
26.38
26.31
26.45
26.25
26.26
26.21
26.03
25.88
25.97
25.99
26.02
26.18
25.97
25.81
25.91
26.16
26.11
26.15
26.21
26.03
26.27
26.14
26.06
26.13
26.47
26.24
26.04
25.90
25.94
26.03
25.98
25.61
25.87
25.87
25.84
25.93
25.97
25.73
25.85
25.70
25.78
25.80
25.98
25.99
25.75
25.56
25.85
25.83
25.98
25.96
26.50
26.33
26.05
26.40
26.35
26.65
26.44
26.43
26.41
26.46
26.50
26.58
26.24
26.27
26.17
26.10
25.72
26.08
25.86
25.79
26.03
26.09
26.13
26.03
26.07
26.14
26.37
26.28
26.22
26.25
26.53
26.93
26.97
26.85
26.78
26.61
26.96
27.05
27.01
27.20
27.30
27.24
26.98
27.08
27.14
27.27
27.27
27.43
27.28
26.85
27.05
27.04
27.14
27.49
27.35
27.09
27.08
27.00
27.40
27.04
26.68
26.48
26.46
26.71
27.05
26.85
26.89
27.03
27.34
27.33
27.24
27.32
27.27
27.19
27.16
27.18
27.10
27.33
27.43
27.44
27.45
27.48
27.60
27.45
27.71
27.79
27.62
27.80
28.20
28.18
28.04
27.89
27.87
27.98
28.13
28.19
28.22
28.25
28.25
28.19
28.29
28.19
28.03
28.09
28.03
28.00
28.14
28.03
28.25
28.16
27.95
27.84
27.93
27.75
28.04
28.22
28.24
28.07
28.23
28.01
28.25
28.06
28.13
28.05
27.92
28.06
27.53
27.42
28.04
27.94
27.77
27.95
28.09
28.14
27.58
27.43
27.58
27.52
27.46
27.48
27.39
27.51
27.54
27.76
27.64
27.56
28.07
28.03
28.05
27.82
27.80
27.98
28.24
28.13
28.17
28.35
28.35
28.23
28.51
28.53
28.64
28.44
28.66
28.44
28.63
28.52
28.28
28.48
28.18
28.27
28.28
28.30
28.27
28.18
28.59
28.61
28.51
28.62
28.40
28.58
28.66
28.55
28.56
28.62
28.56
28.61
28.55
28.72
28.65
28.28
28.65
28.56
28.25
28.48
28.59
28.16
28.51
28.53
28.05
28.35
28.38
28.34
28.13
28.45
28.10
28.25
28.43
28.48
28.56
28.80
28.28
28.13
28.26
28.28
28.16
28.02
28.33
28.55
28.44
28.45
28.64
28.64
28.77
28.70
28.74
28.67
28.67
28.82
28.91
28.89
28.96
29.08
28.94
29.03
29.10
29.04
28.86
28.90
29.02
29.33
29.20
28.93
28.69
28.88
29.01
29.14
29.36
29.05
29.20
29.30
29.36
29.33
29.36
29.43
29.26
29.27
29.29
29.17
29.14
29.19
29.22
29.19
28.99
29.47
29.41
29.37
29.39
29.46
29.45
29.94
29.94
30.27
30.47
30.31
30.01
30.08
29.85
29.95
29.73
29.57
29.74
29.59
29.63
29.65
29.71
29.80
29.72
29.86
29.64
29.76
29.68
29.78
29.67
29.77
29.78
29.91
29.82
29.64
29.85
29.92
30.15
29.99
30.05
29.86
29.86
29.86
30.24
30.28
30.34
30.47
30.41
30.39
30.45
30.23
30.36
30.36
30.27
30.34
30.38
30.60
30.39
30.47
30.47
30.38
30.30
30.22
30.51
30.54
30.33
30.33
30.42
30.57
30.25
30.07
30.33
30.82
30.72
30.74
30.72
30.69
30.75
30.84
30.85
30.96
30.84
30.48
30.46
30.67
30.72
30.59
30.77
30.76
30.79
31.01
31.05
31.12
31.18
31.01
31.29
31.44
31.41
31.38
31.28
31.16
31.49
31.21
31.01
31.12
31.13
31.29
31.24
30.95
30.91
31.02
30.89
30.85
30.78
31.02
30.71
30.27
30.34
30.65
30.75
30.91
30.92
30.81
30.92
30.67
30.83
30.62
30.86
30.82
30.99
30.98
31.42
31.19
31.17
31.14
31.28
31.44
31.45
31.33
31.18
31.52
31.61
31.53
30.97
31.03
31.23
31.49
31.25
31.29
31.40
31.23
31.12
31.07
31.15
30.98
31.08
31.06
31.32
31.34
31.23
31.33
31.30
31.41
31.44
31.68
31.50
31.70
31.80
31.89
32.06
31.92
32.03
31.72
31.55
31.50
31.67
31.89
31.77
31.86
32.00
32.21
32.30
32.22
32.01
31.95
31.50
31.94
31.98
31.93
32.00
31.88
31.95
32.00
31.97
32.13
32.11
32.14
32.24
32.16
32.13
32.08
32.20
32.24
32.07
32.32
32.32
32.28
32.38
32.37
32.44
32.50
32.51
32.49
32.45
32.52
32.31
32.47
32.25
32.55
32.43
32.60
32.30
32.39
32.46
32.60
32.39
32.44
32.54
32.24
31.95
32.07
32.17
32.15
32.09
32.06
32.20
32.15
32.33
32.28
32.30
32.19
32.24
32.32
32.30
32.26
32.31
32.56
32.08
32.31
32.39
32.40
32.72
32.69
32.70
32.39
32.30
32.76
32.85
32.46
32.55
32.60
32.86
33.08
32.80
32.74
32.71
32.84
32.89
33.10
33.07
33.06
33.10
33.16
33.25
33.19
32.66
32.78
32.81
32.92
32.93
33.03
33.12
33.29
33.25
33.17
33.36
33.23
33.47
33.51
33.44
33.25
33.04
33.02
33.18
33.21
33.20
33.42
33.38
33.35
33.44
33.33
33.00
33.53
33.20
33.10
33.26
33.10
32.71
32.96
32.76
32.87
32.80
32.73
32.96
33.16
33.21
33.00
33.01
32.81
32.65
32.96
32.66
33.05
32.84
32.52
32.56
32.44
32.30
32.45
32.63
32.54
32.78
32.84
32.86
32.91
32.96
33.10
33.19
32.44
33.01
32.82
32.78
32.68
32.80
32.99
32.56
32.83
33.10
33.21
33.31
33.39
33.50
33.12
33.36
33.44
33.39
33.68
33.66
33.43
33.44
33.49
33.60
33.70
33.68
33.49
33.42
33.44
33.41
33.34
33.62
33.59
33.50
33.84
33.73
33.61
33.33
33.39
33.44
33.47
33.56
33.36
33.60
33.40
33.26
33.28
33.29
33.54
33.80
33.63
33.78
33.64
33.62
33.72
33.92
33.65
33.71
34.01
33.93
34.05
34.06
34.16
34.09
33.96
34.00
33.99
33.91
33.98
34.08
34.20
34.00
33.99
34.14
34.23
34.34
34.26
33.96
33.93
34.16
33.97
33.88
33.95
33.97
33.92
34.02
33.65
33.84
34.18
34.39
34.29
34.32
34.47
34.27
34.42
34.47
34.24
34.27
34.45
34.45
34.74
34.17
34.26
34.50
34.48
34.44
34.71
34.23
34.31
34.42
34.64
34.83
34.78
34.91
34.95
34.67
34.66
34.55
34.53
34.53
34.44
34.76
34.38
34.67
34.51
33.79
33.85
34.17
34.12
34.40
34.51
34.65
34.50
34.52
34.56
34.58
34.42
34.61
34.62
34.84
34.78
34.93
34.79
34.97
34.72
34.67
34.82
34.95
34.55
34.39
34.52
34.78
34.64
34.50
34.44
34.57
34.66
34.91
34.52
34.58
34.73
34.45
34.62
34.64
34.66
34.79
34.93
34.86
34.85
34.86
34.85
34.83
35.07
35.11
34.69
34.81
34.70
34.39
34.58
34.56
34.49
34.80
34.60
34.84
35.01
34.87
35.16
34.60
34.97
34.97
35.32
34.97
35.08
35.14
35.22
35.32
35.40
35.36
35.48
35.46
35.11
35.08
35.24
35.24
35.14
35.07
34.85
34.60
35.02
35.10
35.03
35.02
34.73
34.51
34.66
34.81
34.92
35.04
35.20
35.21
35.16
35.25
35.30
35.49
35.36
35.17
35.58
35.45
35.50
35.62
35.62
35.49
35.39
35.52
35.39
35.37
34.94
35.05
35.10
35.32
35.31
35.65
35.69
35.37
35.44
35.66
35.65
35.80
35.69
35.83
35.93
36.06
35.61
35.64
35.52
35.47
35.50
35.56
35.77
35.81
36.02
35.71
35.77
35.93
35.86
35.95
35.83
35.46
35.39
35.86
35.88
35.84
35.97
35.85
36.24
35.95
35.96
35.85
35.68
35.61
35.58
35.41
35.44
35.33
35.72
35.61
35.71
35.69
35.59
35.73
35.71
35.55
35.49
35.47
35.59
35.67
35.69
35.76
35.79
35.69
35.67
35.49
35.69
35.80
35.85
35.98
35.99
36.13
35.86
35.67
35.74
36.06
35.98
36.04
35.64
35.70
35.90
36.05
35.97
35.93
36.15
36.37
36.35
36.40
36.16
35.72
35.67
35.84
36.34
36.47
36.48
36.44
36.65
36.39
36.27
36.38
36.07
36.12
36.13
35.93
35.64
35.90
36.08
35.70
35.87
36.15
36.21
36.25
36.41
36.43
36.47
36.06
36.20
36.71
36.60
36.62
36.69
36.96
36.85
36.51
36.56
36.83
36.83
36.89
36.73
36.74
36.67
36.58
36.69
36.61
37.00
37.03
36.84
36.60
36.50
36.87
36.96
37.10
37.25
36.95
37.01
37.06
37.04
37.04
37.10
37.10
36.89
37.08
37.28
37.33
36.86
36.99
36.91
36.91
37.00
36.93
36.69
36.92
37.07
37.14
36.65
36.89
36.92
36.58
36.90
37.03
36.89
36.72
36.89
36.94
36.96
36.95
36.73
36.80
37.26
37.13
37.07
36.91
36.86
36.97
37.00
36.82
36.82
36.79
36.63
36.72
36.87
36.58
36.65
36.68
36.83
36.81
36.74
36.67
36.76
37.10
37.44
37.38
37.29
37.13
37.49
37.16
37.07
37.35
37.38
37.27
37.23
37.18
37.26
37.42
37.30
37.31
37.11
37.38
37.15
37.15
37.21
37.10
37.13
37.74
37.60
37.54
37.49
37.79
37.73
37.81
37.80
37.90
38.01
38.14
38.18
38.21
38.24
38.24
37.91
37.65
37.73
37.80
37.99
38.02
37.90
37.91
37.97
37.81
37.79
38.03
38.18
38.08
37.99
38.17
38.09
38.23
38.20
38.34
38.23
38.26
38.64
38.44
38.44
38.30
38.47
38.56
38.41
38.25
38.41
38.26
37.93
38.51
38.42
38.25
38.24
38.29
38.40
38.17
38.02
38.35
38.61
38.59
38.70
38.32
38.31
37.93
38.30
38.29
38.49
38.55
38.58
38.61
38.44
38.38
38.36
38.31
38.52
38.49
38.26
38.07
38.40
37.69
37.54
37.83
37.99
38.09
38.12
38.25
38.21
38.28
38.23
38.45
38.36
38.57
38.62
38.47
38.26
38.47
37.84
38.04
37.96
38.20
38.36
38.06
38.42
38.40
38.56
38.70
38.76
38.92
38.50
38.45
38.66
38.75
38.65
38.70
38.89
38.79
38.55
38.77
38.81
38.77
38.60
39.07
38.99
38.87
39.00
38.94
38.98
38.74
38.92
39.03
39.12
39.04
39.21
38.92
38.93
38.76
38.87
38.82
38.53
38.39
38.34
38.29
38.39
38.52
38.72
38.57
38.79
38.47
38.34
38.35
38.49
38.45
38.55
38.63
38.54
38.31
38.19
38.53
38.38
38.59
38.93
38.66
38.69
38.53
38.51
38.54
38.71
38.79
38.56
38.79
39.04
39.01
38.68
39.01
38.86
38.76
38.66
38.71
38.82
38.95
38.84
38.85
38.79
38.68
38.84
38.91
39.01
39.39
39.55
39.30
39.25
39.24
39.28
38.76
38.90
38.99
38.83
38.97
39.14
39.34
39.12
39.17
39.25
39.04
39.03
38.90
39.17
39.45
39.27
39.33
38.94
38.94
38.77
39.10
38.80
38.91
39.26
39.12
39.05
39.19
39.13
39.02
39.33
39.57
39.48
39.35
39.21
39.07
39.19
39.08
39.22
39.11
38.99
39.32
39.13
39.16
39.18
39.35
39.26
39.16
39.40
39.31
39.38
39.39
39.34
39.16
39.42
39.19
39.29
39.16
39.28
39.42
39.40
39.11
39.22
39.09
39.16
39.24
39.50
39.04
39.17
39.32
39.56
39.36
39.34
39.54
39.66
39.68
39.62
39.52
39.25
39.40
39.51
39.52
39.57
39.44
39.62
39.45
39.51
39.51
39.66
39.59
39.33
39.36
39.33
39.28
39.11
39.40
39.37
39.42
39.49
39.17
39.34
39.17
39.05
39.05
39.05
39.08
39.03
39.35
39.27
39.54
39.75
39.73
39.49
39.04
39.31
39.37
39.77
39.61
39.74
39.76
39.79
39.82
39.50
39.64
39.78
39.80
39.50
39.51
39.29
39.58
39.66
39.81
39.85
39.96
39.74
39.87
39.73
39.63
39.59
39.77
39.56
39.55
39.59
39.70
39.76
39.75
40.02
39.98
39.97
39.98
39.92
39.92
40.08
40.17
40.09
40.11
39.62
39.97
39.85
39.69
39.82
40.03
39.75
39.88
39.79
39.57
39.87
39.84
39.74
39.87
39.96
40.06
40.05
40.05
40.16
40.31
40.44
40.28
40.02
40.25
40.64
40.43
40.69
40.57
40.52
40.23
40.30
40.07
40.41
40.55
40.31
39.94
40.00
39.86
40.11
40.08
39.99
40.16
40.34
40.44
40.75
40.67
40.82
40.93
40.70
40.78
40.74
40.83
40.66
40.71
40.33
40.51
40.45
40.43
40.56
40.71
40.88
40.86
40.47
40.43
40.64
40.87
40.77
41.24
41.11
41.12
41.00
40.72
40.70
40.51
40.76
40.71
40.52
40.25
40.68
40.77
40.85
40.42
40.57
40.46
40.40
40.61
40.32
40.69
40.82
40.66
40.61
41.03
40.92
41.07
41.24
41.28
41.39
41.09
41.15
40.78
40.84
41.10
41.02
41.15
40.82
41.00
41.11
41.12
41.06
41.07
41.13
41.07
40.95
41.09
40.96
40.75
40.91
40.82
41.04
40.92
40.86
40.72
40.84
40.98
40.96
41.02
41.25
41.20
41.01
41.07
41.38
41.21
40.79
40.89
41.05
41.13
41.18
41.37
41.22
41.18
41.10
40.80
41.10
40.39
40.51
40.58
40.60
40.92
41.03
41.14
40.89
41.25
41.26
41.36
41.39
41.56
41.00
41.08
41.11
41.19
41.25
41.32
41.48
41.54
41.28
41.41
41.63
41.38
40.88
41.14
41.31
41.23
41.61
41.64
41.30
41.53
41.44
41.65
41.46
41.43
41.46
41.32
41.66
41.21
40.99
41.07
41.01
40.83
41.18
41.32
41.23
40.86
40.95
41.35
41.07
41.06
40.80
40.91
40.76
40.66
40.86
41.16
41.22
41.50
41.64
41.45
41.72
41.41
41.40
41.44
41.42
41.08
41.34
41.52
41.43
41.27
41.47
41.95
41.32
41.42
41.47
41.55
41.78
41.84
41.91
41.72
41.71
41.63
41.88
41.88
41.72
41.94
41.96
41.79
41.97
41.53
41.86
41.76
42.05
41.86
41.84
41.84
41.98
41.82
42.16
42.09
41.97
42.36
42.30
42.44
42.43
42.51
42.67
42.51
42.95
42.74
42.72
42.46
42.16
41.84
41.89
41.98
41.95
41.94
42.07
41.95
42.24
42.05
42.21
42.22
42.17
41.82
41.35
41.70
41.92
41.93
41.99
42.21
42.04
42.11
42.13
41.90
42.22
42.04
42.36
42.08
42.52
42.69
42.51
42.60
42.24
42.43
42.55
42.68
42.72
42.78
42.68
42.61
42.48
42.33
42.41
42.33
42.37
42.00
42.25
42.38
42.68
42.38
42.04
42.17
41.98
41.94
42.07
42.28
42.48
42.26
42.37
42.44
42.44
42.80
42.51
42.36
42.02
42.25
42.32
42.40
42.13
42.40
42.55
42.87
43.12
42.89
42.60
42.11
42.45
42.42
42.11
42.26
42.36
42.68
42.59
42.60
42.47
42.26
42.20
42.89
42.83
42.86
43.03
43.03
42.98
42.96
42.94
42.99
43.14
43.19
43.20
43.08
43.01
42.62
42.16
42.50
42.82
42.64
42.54
42.54
42.50
42.62
42.67
42.70
42.63
42.70
42.18
42.43
42.63
43.05
42.58
42.53
42.39
42.08
41.91
41.97
42.27
42.13
42.32
42.37
42.66
42.80
42.64
42.58
42.55
42.51
42.96
43.23
43.07
43.15
43.14
42.99
42.72
42.86
42.96
42.97
42.99
43.24
43.13
43.23
43.15
43.60
43.63
43.60
42.99
43.34
43.17
43.16
43.14
42.98
42.76
42.94
43.12
43.00
43.03
43.26
43.25
43.17
42.85
42.99
43.33
43.38
43.35
43.44
43.22
43.50
43.70
43.34
43.59
43.71
43.66
43.84
43.30
43.59
43.77
43.95
43.93
44.01
44.03
44.16
43.99
43.81
43.62
43.91
43.78
43.78
44.09
44.47
44.46
44.27
44.18
44.46
44.38
44.43
44.41
44.54
44.81
44.71
44.62
44.71
44.78
44.50
45.14
45.12
45.09
45.31
45.21
45.32
45.33
45.37
44.95
44.41
44.76
44.85
45.04
45.04
44.91
44.88
44.97
44.64
44.62
44.58
44.56
44.74
44.61
44.46
44.71
44.47
44.72
44.57
44.65
44.86
44.55
44.63
44.65
44.49
44.84
44.74
44.83
44.95
44.87
45.15
44.64
44.68
44.34
44.53
44.54
44.46
44.45
44.33
44.24
44.67
44.60
44.49
44.74
44.35
44.48
44.74
44.87
44.87
44.69
44.28
44.66
44.67
44.52
44.31
44.61
44.88
45.13
44.99
45.01
45.00
45.03
45.19
44.98
44.67
44.95
45.01
44.83
44.91
45.09
44.92
45.00
45.08
44.75
44.61
44.49
44.51
44.29
44.42
44.32
44.37
44.30
44.45
44.56
44.72
44.57
44.51
44.44
44.62
44.46
44.62
44.73
44.74
44.96
44.91
45.09
45.08
44.95
45.09
44.72
44.66
44.74
44.58
44.09
44.03
43.94
44.22
44.42
44.03
44.60
44.93
44.76
44.90
45.01
45.15
45.02
44.95
44.88
44.96
44.77
44.82
44.95
45.17
45.06
45.01
44.71
44.74
44.69
44.95
45.07
45.01
44.76
45.08
44.76
45.04
45.24
45.15
45.12
45.42
45.28
45.46
45.50
45.23
44.87
45.08
45.14
45.39
45.16
45.39
45.58
45.50
45.01
45.18
45.38
45.33
44.95
45.06
44.79
44.89
45.02
45.06
44.81
45.01
44.86
45.04
45.44
45.40
45.23
45.03
45.05
44.94
45.33
45.49
45.24
45.16
45.29
45.12
45.26
45.31
45.42
45.40
45.50
45.52
45.65
45.68
45.59
45.79
45.75
45.38
45.39
45.30
45.25
45.35
45.60
45.56
45.48
45.51
45.44
45.42
45.46
45.12
45.45
45.19
44.83
45.02
45.14
45.64
45.87
45.39
45.09
45.45
45.39
45.22
45.26
45.25
45.52
45.84
45.68
45.59
45.98
45.50
45.67
45.77
45.78
46.02
45.96
45.73
45.77
45.66
46.08
45.85
45.77
45.89
45.89
45.73
45.46
45.26
45.54
45.40
45.33
45.58
45.87
45.79
45.65
45.78
45.56
45.46
45.76
45.80
45.77
46.00
45.42
45.79
45.88
45.93
46.09
46.17
46.46
46.56
46.44
46.26
46.61
46.60
46.75
46.71
46.49
46.46
46.64
46.74
47.00
46.69
46.67
46.47
46.60
46.54
46.66
46.79
46.98
46.63
46.56
46.44
46.71
46.90
46.92
46.54
46.36
46.67
46.81
46.23
46.43
46.71
46.13
46.45
46.69
46.37
46.48
46.41
46.29
45.95
46.20
46.18
46.48
46.87
46.83
46.76
46.75
46.59
46.80
47.05
47.11
47.14
47.07
47.19
47.09
47.39
47.47
47.63
47.64
47.79
47.62
47.53
47.05
47.47
47.32
47.25
47.49
47.39
47.20
47.35
47.15
47.06
46.64
46.92
46.59
46.78
46.99
46.45
46.40
46.42
46.55
46.39
46.33
46.41
46.83
46.59
46.58
46.62
46.70
46.98
46.80
46.86
46.67
46.71
47.19
47.15
47.22
47.22
47.56
47.53
47.19
47.53
47.63
47.53
47.33
47.74
47.33
47.63
47.37
47.58
47.55
47.63
47.80
47.31
47.39
47.70
47.57
47.57
47.51
47.81
47.82
47.77
47.69
47.71
47.51
47.78
47.21
47.57
47.67
47.82
47.62
47.36
47.43
47.27
47.31
47.56
47.49
47.25
47.24
47.46
47.94
47.80
47.46
47.64
47.40
47.32
47.72
47.39
47.31
47.63
47.85
48.09
47.95
47.84
47.64
47.96
48.21
48.41
48.28
48.34
48.20
48.16
48.18
48.33
48.31
48.06
47.81
48.31
48.26
47.98
47.98
48.01
47.82
47.83
47.88
47.56
47.58
47.79
47.46
47.12
47.27
47.43
47.64
47.47
47.73
47.49
47.53
47.81
47.81
47.59
47.76
47.69
47.70
47.61
47.59
47.52
47.49
47.50
47.66
47.76
47.72
47.67
47.52
47.60
47.68
47.81
48.06
48.07
47.99
48.34
48.08
47.43
47.64
47.81
47.99
47.69
47.78
47.68
47.83
47.87
48.03
48.06
48.10
48.07
48.12
48.10
48.11
48.48
48.17
48.49
48.65
48.41
48.63
48.95
48.61
48.57
48.53
48.38
48.69
48.42
48.47
48.38
48.15
48.00
48.48
48.49
48.36
48.05
48.43
48.32
48.04
48.13
48.34
48.08
48.13
48.31
48.35
48.13
48.20
48.33
48.53
48.70
48.36
48.58
47.62
47.97
47.89
48.03
48.01
47.85
47.61
48.14
48.44
48.60
48.34
48.37
48.09
48.17
48.16
48.00
48.53
48.25
48.60
48.70
48.85
49.07
48.96
48.83
49.06
49.39
49.11
49.21
49.18
49.01
49.12
49.11
49.33
49.48
49.14
49.08
49.17
49.01
48.81
49.24
49.47
49.36
49.20
49.15
48.91
48.97
49.01
49.23
48.84
48.57
48.97
49.21
49.32
49.36
49.36
49.23
49.37
49.82
49.84
49.64
49.20
48.75
49.46
49.26
49.38
49.20
49.35
49.54
49.76
49.68
49.85
49.66
49.45
49.10
49.19
48.84
48.69
48.53
48.70
49.18
49.28
49.35
49.07
49.49
48.88
48.95
49.06
49.38
49.40
49.45
49.52
49.19
49.43
49.67
49.81
49.55
49.71
49.82
49.66
49.88
49.43
49.45
49.57
49.57
49.24
49.42
49.45
49.29
49.05
49.35
49.49
49.53
49.65
49.56
49.64
49.71
49.68
49.81
49.83
49.95
49.60
49.80
49.95
49.93
49.87
49.64
49.71
49.31
49.04
49.62
49.86
49.55
49.79
49.91
49.98
50.13
50.12
50.15
50.31
50.21
49.89
50.21
50.23
50.24
50.05
50.05
49.99
49.88
49.81
49.91
50.04
49.63
49.72
49.86
49.59
49.57
49.29
49.40
49.82
50.06
50.02
49.91
49.98
50.19
50.10
49.60
49.35
49.64
49.31
49.60
49.24
49.98
50.27
50.55
50.08
50.56
50.59
50.45
49.90
50.32
50.54
50.61
50.60
50.87
50.84
50.40
50.26
50.24
50.45
50.44
50.60
50.59
50.72
50.73
50.54
50.67
50.63
50.67
50.53
50.60
50.63
50.70
50.88
50.94
50.86
50.97
50.78
50.77
51.02
51.16
51.03
51.28
51.16
51.12
51.12
51.18
51.15
51.22
51.18
50.89
51.14
51.07
51.14
50.88
51.00
51.25
51.26
51.36
51.29
51.54
51.31
51.39
51.61
51.60
51.59
51.76
51.47
51.31
51.64
51.58
51.44
51.28
51.50
51.93
51.96
51.54
51.85
51.76
51.78
51.90
51.66
51.82
51.49
51.70
51.60
51.58
51.68
51.71
51.77
51.32
51.43
51.69
51.77
52.03
52.00
51.52
51.39
51.39
51.58
51.46
52.02
51.69
51.80
51.69
51.69
51.42
51.73
51.65
51.20
51.17
51.16
51.27
51.30
51.23
50.99
51.21
51.06
51.16
51.20
51.40
51.45
51.41
51.54
51.69
51.62
51.64
51.63
51.74
51.55
51.59
51.79
51.76
51.94
51.69
52.13
51.97
51.92
52.22
52.18
51.79
51.95
51.72
51.69
51.69
51.94
51.85
51.57
51.80
51.65
51.60
51.87
51.90
51.93
51.38
51.22
51.36
51.72
51.25
51.12
51.00
50.91
50.62
51.10
50.83
50.55
51.18
51.11
51.41
50.77
50.73
50.97
50.94
51.16
50.86
51.20
51.44
51.45
51.65
51.48
51.83
51.70
51.41
51.47
52.15
51.68
51.92
51.84
52.01
51.92
52.11
51.76
52.02
51.99
52.03
52.27
52.45
52.67
52.30
52.06
52.56
52.29
51.72
52.16
51.69
51.66
51.53
51.58
51.45
51.54
51.45
51.38
51.56
51.06
51.40
52.00
51.78
51.30
51.96
51.66
51.77
51.95
51.75
51.72
51.99
51.43
51.42
51.48
51.52
51.65
51.87
51.76
51.58
51.77
51.87
51.96
52.19
52.15
51.60
52.01
51.74
51.66
52.02
52.13
52.06
51.67
51.86
51.97
51.65
51.38
51.32
51.55
51.53
51.69
52.17
52.25
51.80
51.61
52.08
52.15
51.79
51.89
52.29
52.54
52.29
52.42
52.09
52.29
51.90
52.10
51.64
51.57
51.82
51.82
52.00
51.80
51.61
51.27
51.40
51.34
51.18
51.44
51.17
51.65
51.24
51.60
51.64
51.74
51.37
51.23
51.57
51.75
51.37
51.18
51.43
51.81
51.94
51.95
51.76
52.05
51.67
51.97
51.69
51.74
51.54
51.42
51.66
51.98
52.03
51.80
51.76
51.24
50.79
50.91
51.18
51.44
51.62
51.69
52.08
52.40
52.53
52.94
52.96
52.86
52.84
53.03
52.75
52.72
52.57
52.63
52.69
52.86
52.53
52.81
52.98
52.79
52.63
52.69
53.12
53.24
53.14
52.90
52.95
52.98
53.00
53.31
53.12
53.01
52.90
52.66
52.69
52.68
52.43
52.33
52.31
52.45
52.70
52.64
53.02
52.97
53.11
52.64
52.62
53.22
52.65
52.97
52.73
52.66
52.71
52.85
52.61
52.46
52.81
52.37
52.69
53.36
53.16
53.15
53.08
53.15
53.02
53.11
53.12
52.87
52.95
53.16
53.26
53.06
52.96
53.14
53.39
53.73
53.58
53.26
53.68
53.75
53.86
53.78
53.77
53.38
53.37
53.55
53.74
53.20
53.35
53.57
53.50
53.02
53.14
53.41
53.67
53.64
53.76
53.65
53.49
53.23
53.29
53.46
53.53
53.44
53.72
53.68
53.67
53.67
53.44
53.56
53.96
53.83
53.48
53.36
53.52
53.61
53.34
53.08
53.39
53.45
53.23
53.02
52.74
52.61
52.92
53.36
53.58
53.63
53.63
53.64
53.84
53.64
53.62
53.70
53.67
53.69
53.38
53.36
53.38
53.26
53.63
53.43
53.76
53.46
53.78
53.76
53.32
53.96
54.12
53.67
53.79
53.67
53.36
53.52
53.46
53.66
53.43
53.79
54.04
53.86
53.50
53.45
53.57
53.41
53.38
53.58
53.88
54.06
54.00
53.99
54.05
53.94
53.91
54.12
54.07
53.85
53.46
54.01
54.01
53.62
53.79
53.53
53.62
53.63
53.78
53.72
53.93
53.79
54.08
53.89
53.84
54.00
53.88
53.66
53.53
54.06
54.13
54.16
54.62
54.69
54.87
55.17
54.74
54.81
54.87
54.81
54.64
54.54
54.80
54.75
54.60
54.39
54.22
54.46
54.45
54.43
54.57
54.31
54.03
54.19
54.49
54.77
54.99
55.23
54.68
54.62
54.93
54.98
54.81
54.46
54.96
55.10
54.30
54.32
54.55
54.72
54.76
54.99
55.28
55.21
55.16
54.95
54.84
55.16
54.86
54.86
55.03
55.14
54.93
55.10
54.73
54.86
55.62
55.34
54.98
54.80
54.84
55.22
54.93
55.09
55.13
54.91
54.52
55.00
55.55
55.17
55.05
55.55
55.10
55.39
55.28
55.33
55.48
55.37
55.09
55.15
55.00
55.38
55.20
55.22
55.21
55.36
55.20
55.22
54.92
54.69
54.40
54.23
54.74
54.68
54.77
54.83
55.04
55.10
54.72
54.72
54.44
54.53
54.95
54.80
55.07
54.80
55.25
55.63
55.45
55.43
55.51
55.71
55.67
55.37
55.37
54.95
55.15
55.29
55.49
55.54
55.22
55.47
55.40
55.67
55.61
55.47
55.66
55.50
55.61
55.18
55.25
55.22
55.43
55.45
55.69
55.75
55.30
55.55
55.81
55.91
56.01
55.91
56.01
56.17
55.89
55.82
55.63
56.01
56.22
55.86
55.75
55.88
56.17
56.25
56.00
56.05
56.32
56.46
56.25
56.27
56.07
56.00
56.03
56.15
56.45
56.42
56.65
56.71
56.45
56.71
56.59
56.54
56.05
56.41
55.75
55.90
55.89
55.72
55.80
56.20
56.13
56.26
55.99
55.77
56.66
56.35
56.80
56.28
56.50
56.30
56.36
56.10
56.43
56.37
56.03
56.69
56.40
56.47
56.50
56.51
56.68
57.07
56.84
56.89
56.67
56.56
56.59
56.94
56.82
57.20
57.25
57.16
57.12
56.85
57.05
57.19
56.83
56.99
56.72
56.81
57.31
57.17
57.02
57.41
57.51
57.29
56.86
56.93
56.62
56.68
56.43
56.49
56.64
56.65
56.82
56.45
56.78
56.93
57.02
56.96
56.83
56.92
56.94
57.18
56.77
57.09
57.48
57.42
57.13
56.80
56.56
56.79
57.28
56.66
56.69
56.81
57.05
57.30
56.98
57.03
57.46
57.44
57.50
57.53
57.18
57.27
57.26
58.00
57.73
57.52
58.15
58.18
57.90
57.75
57.82
57.89
57.86
57.55
57.56
57.57
57.77
57.69
57.94
57.96
57.94
57.84
57.94
57.85
57.89
58.01
58.27
57.95
57.91
57.85
57.77
57.26
57.70
57.39
57.85
57.39
56.98
57.85
57.95
58.10
58.24
57.89
57.68
57.79
57.89
57.85
57.97
57.69
57.87
58.02
57.77
57.87
57.92
58.29
57.82
57.90
58.13
58.13
58.08
58.11
58.00
57.69
57.82
57.94
58.01
57.95
58.15
58.24
57.94
58.11
57.97
57.71
57.90
57.93
57.80
58.16
58.00
57.75
57.31
57.64
57.97
57.79
58.39
58.49
58.13
57.96
58.14
58.65
58.41
58.35
58.54
58.16
58.38
57.89
58.07
58.28
57.97
58.14
58.38
58.70
58.25
58.08
58.02
58.45
58.29
58.48
58.48
58.20
57.82
57.70
57.72
58.12
58.46
57.75
57.88
58.12
58.21
58.30
58.15
58.06
57.71
57.88
57.82
57.92
58.17
57.71
57.60
58.04
58.43
58.39
58.32
58.51
58.48
58.90
59.03
58.16
58.45
58.40
58.51
58.48
58.37
58.18
57.64
58.13
58.37
58.41
58.51
58.18
58.08
58.09
58.01
58.45
58.39
58.31
58.70
58.76
58.97
59.16
59.24
58.77
58.84
58.85
59.12
59.03
59.54
59.51
59.32
59.27
59.13
59.67
59.31
59.17
59.21
59.56
59.43
59.53
59.66
59.32
59.55
59.39
59.18
59.21
59.37
59.41
59.44
59.55
59.39
59.51
59.30
59.21
59.30
59.32
59.18
59.35
59.03
58.94
59.02
59.18
59.32
59.42
59.61
59.53
59.53
59.51
59.78
59.48
59.43
59.36
59.40
59.07
58.95
59.42
59.29
59.13
59.38
59.61
59.61
59.89
60.28
59.82
59.62
59.20
59.26
59.20
59.25
59.18
59.33
59.79
59.72
59.94
59.76
59.61
59.72
59.57
59.67
59.70
59.84
59.52
59.46
59.49
59.37
59.40
59.88
59.85
60.02
60.35
60.58
59.90
60.14
60.07
60.16
60.46
60.74
60.79
60.19
60.56
60.27
60.37
60.58
60.72
60.62
60.52
60.46
60.47
60.65
60.04
60.22
60.07
59.93
60.03
60.01
59.49
59.94
60.08
60.25
60.47
60.30
60.44
60.46
60.44
60.07
60.32
60.18
60.45
60.43
60.04
59.77
59.94
60.08
60.25
60.17
59.85
60.21
60.42
60.13
59.87
59.90
60.38
60.06
60.05
60.17
60.45
60.28
60.46
60.84
60.38
60.62
60.82
60.49
60.62
60.63
60.33
60.51
60.34
60.68
60.76
60.64
61.07
61.18
61.68
61.64
61.66
61.48
61.42
61.51
61.75
61.47
61.47
