0.50
0.50
0.50
0.50
0.50
0.50
0.50
0.50
0.50
0.50
0.50
0.43
0.45
0.50
0.50
0.50
0.50
0.50
0.50
0.50
0.50
0.50
0.50
0.50
0.50
0.50
0.50
0.50
0.50
0.50
0.50
0.50
0.50
0.50
0.50
0.55
0.57
0.60
0.67
0.68
0.73
0.75
0.78
0.80
0.78
0.80
0.82
0.78
0.78
0.80
0.80
0.80
0.80
0.80
0.82
0.80
0.80
0.80
0.82
0.80
0.80
0.80
0.80
0.80
0.78
0.80
0.80
0.80
0.87
0.86
0.86
0.88
0.90
0.90
0.97
1.00
1.04
1.04
1.06
1.08
1.04
1.06
1.06
1.08
1.08
1.08
1.06
1.08
1.08
1.08
1.06
1.06
1.06
1.08
1.11
1.30
1.36
1.35
1.41
1.45
1.43
1.40
1.40
1.40
1.40
1.40
1.43
1.43
1.43
1.41
1.41
1.41
1.41
1.41
1.43
1.43
1.43
1.43
1.43
1.43
1.43
1.43
1.39
1.39
1.43
1.43
1.43
1.52
1.55
1.66
1.73
1.78
1.80
1.92
1.99
2.06
2.06
2.06
2.06
2.06
2.04
2.04
2.04
2.06
2.06
2.06
2.06
2.04
2.04
2.06
2.06
2.06
2.06
2.08
2.09
2.08
2.04
2.11
2.24
2.36
2.39
2.50
2.43
2.27
2.11
1.99
1.94
1.92
1.92
1.92
1.92
1.99
2.04
2.06
2.15
2.15
2.18
2.18
2.25
2.33
2.33
2.33
2.34
2.40
2.43
2.44
2.46
2.46
2.48
2.65
2.78
2.43
2.43
2.23
2.29
2.35
2.35
2.39
2.45
2.62
2.64
2.75
2.80
2.82
2.93
2.89
2.88
2.88
2.88
2.88
2.86
2.86
2.88
2.88
2.88
2.85
2.88
2.86
2.88
2.88
2.90
2.90
3.09
3.14
3.17
3.16
3.10
3.09
3.10
3.15
3.16
3.16
3.20
3.25
3.28
3.28
3.28
3.28
3.30
3.30
3.30
3.31
3.31
3.27
3.29
3.29
3.29
3.29
3.29
3.31
3.33
3.36
3.44
3.48
3.36
3.34
3.36
3.44
3.54
3.63
3.61
3.61
3.68
3.73
3.73
3.74
3.78
3.78
3.78
3.78
3.80
3.78
3.73
3.75
3.75
3.75
3.73
3.72
3.80
3.92
3.98
3.98
3.90
3.83
3.78
3.80
3.80
3.86
3.86
3.92
3.95
4.00
4.04
4.05
4.05
4.05
4.02
4.00
3.98
3.98
3.98
3.96
3.98
4.00
4.00
4.00
4.02
4.04
4.02
4.09
4.19
4.10
4.08
4.06
4.05
3.94
3.94
3.86
3.88
3.95
3.95
3.99
4.03
4.09
4.14
4.19
4.22
4.25
4.27
4.28
4.28
4.33
4.31
4.33
4.35
4.35
4.33
4.33
4.37
4.49
4.60
4.65
4.73
4.66
4.54
4.52
4.51
4.51
4.51
4.52
4.54
4.56
4.56
4.56
4.58
4.60
4.55
4.57
4.56
4.57
4.59
4.59
4.58
4.54
4.56
4.70
4.88
4.76
4.72
4.76
4.84
4.85
4.90
4.84
4.80
4.80
4.83
4.81
4.83
4.83
4.83
4.81
4.79
4.75
4.69
4.68
4.72
4.76
4.76
4.76
4.78
4.80
4.84
4.86
4.87
5.06
5.27
5.33
5.33
5.37
5.40
5.43
5.47
5.48
5.50
5.50
5.52
5.52
5.52
5.50
5.51
5.51
5.51
5.50
5.50
5.51
5.50
5.51
5.55
5.53
5.50
5.50
5.54
5.59
5.73
5.86
5.59
5.50
5.57
5.73
5.85
5.87
5.98
6.02
6.00
5.96
5.91
5.88
5.76
5.69
5.73
5.74
5.89
5.92
5.92
5.92
5.92
5.92
5.95
5.92
5.92
5.97
6.01
5.96
6.15
6.25
6.26
6.15
6.07
6.16
6.19
6.23
6.31
6.33
6.35
6.34
6.25
6.22
6.20
6.26
6.24
6.26
6.26
6.36
6.38
6.37
6.35
6.27
6.28
6.22
6.24
6.29
6.41
6.66
6.58
6.58
6.65
6.72
6.90
6.85
6.83
6.81
6.85
6.76
6.68
6.57
6.56
6.50
6.54
6.55
6.63
6.70
6.74
6.74
6.77
6.77
6.81
6.83
6.84
6.84
6.84
6.88
6.92
6.87
6.93
7.05
7.13
7.03
7.00
6.96
7.06
7.12
7.16
7.18
7.19
7.27
7.24
7.27
7.25
7.25
7.23
7.21
7.21
7.23
7.23
7.23
7.23
7.23
7.23
7.24
7.30
7.31
7.35
7.35
7.47
7.54
7.49
7.44
7.46
7.42
7.53
7.58
7.63
7.75
7.71
7.79
7.85
7.81
7.85
7.80
7.72
7.76
7.76
7.76
7.78
7.78
7.79
7.79
7.78
7.74
7.74
7.69
7.58
7.58
7.74
7.92
7.92
7.97
8.00
7.98
7.88
7.96
8.10
8.12
8.12
8.12
8.16
8.14
8.16
8.14
8.18
8.18
8.18
8.20
8.20
8.22
8.22
8.22
8.22
8.20
8.18
8.14
8.10
8.12
8.12
8.21
8.32
8.30
8.30
8.16
8.10
8.17
8.19
8.18
8.20
8.24
8.24
8.29
8.31
8.31
8.29
8.32
8.37
8.42
8.47
8.42
8.39
8.40
8.44
8.49
8.49
8.47
8.51
8.80
8.92
8.86
8.82
8.83
8.79
8.81
8.81
8.81
8.90
8.91
8.91
8.95
9.03
8.99
8.97
8.99
9.01
9.01
9.01
9.01
9.01
9.04
9.06
9.06
9.06
9.04
9.10
9.03
9.11
9.14
9.15
9.10
8.78
8.71
8.83
8.97
9.09
9.13
9.22
9.27
9.25
9.39
9.39
9.42
9.26
9.26
9.27
9.24
9.21
9.14
9.14
9.11
9.08
9.09
9.10
9.10
9.06
9.15
9.17
9.22
9.32
9.27
9.15
8.96
9.05
9.11
9.24
9.25
9.27
9.27
9.28
9.32
9.32
9.35
9.31
9.33
9.30
9.09
9.07
9.07
9.02
8.98
8.91
9.05
9.07
9.07
9.15
9.27
9.31
9.34
9.43
9.52
9.66
9.63
9.57
9.65
9.66
9.59
9.54
9.50
9.46
9.36
9.38
9.37
9.39
9.46
9.43
9.52
9.56
9.56
9.58
9.55
9.49
9.60
9.57
9.44
9.42
9.38
9.34
9.45
9.50
9.48
9.51
9.62
9.63
9.72
9.76
9.81
9.82
9.80
9.82
10.02
10.01
10.04
10.05
10.05
10.13
10.11
10.09
10.08
10.15
10.11
10.13
10.13
10.00
9.93
9.94
10.00
10.25
10.24
10.20
9.99
10.00
10.10
10.11
10.19
10.18
10.28
10.35
10.36
10.45
10.35
10.14
10.18
10.22
10.28
10.31
10.29
10.28
10.33
10.40
10.45
10.46
10.45
10.37
10.19
10.14
10.19
10.36
10.74
10.84
10.72
10.63
10.77
11.02
11.07
11.07
11.05
11.07
11.03
11.08
11.03
11.05
11.05
11.06
11.03
10.96
10.95
10.90
10.92
11.00
10.92
10.94
10.96
10.96
10.94
10.99
11.02
11.01
11.20
11.29
11.23
11.13
11.23
11.10
11.03
10.93
11.00
10.98
11.05
11.16
11.06
10.97
11.04
11.18
11.32
11.35
11.40
11.40
11.36
11.32
11.30
11.19
11.14
10.94
10.93
11.13
11.18
11.16
10.93
10.99
11.02
10.83
10.69
10.64
10.52
10.66
10.60
10.62
10.74
10.84
10.92
10.90
10.99
11.01
11.03
10.99
10.97
11.00
10.90
10.94
11.03
11.05
11.01
10.90
10.95
11.14
11.13
11.05
11.10
11.16
11.11
11.04
11.08
10.98
11.07
11.10
11.12
11.21
11.19
11.31
11.28
11.32
11.43
11.48
11.55
11.63
11.69
11.63
11.66
11.71
11.74
11.77
11.85
11.81
11.81
11.83
11.83
11.90
11.89
11.93
11.81
11.86
11.69
11.79
11.84
11.84
11.89
11.90
11.97
11.99
12.06
11.89
11.89
11.92
11.92
11.93
11.94
11.91
11.89
11.86
11.88
11.74
11.77
11.75
11.73
11.70
11.91
11.77
11.87
11.91
11.74
11.34
11.38
11.59
11.58
11.57
11.58
11.66
11.89
11.94
12.05
12.05
11.87
11.86
11.93
12.25
12.26
12.13
12.08
12.06
11.94
11.95
11.97
11.83
11.87
11.89
11.98
12.00
12.07
12.31
12.19
12.21
12.29
12.39
12.36
12.48
12.50
12.44
12.40
12.40
12.47
12.47
12.42
12.49
12.46
12.46
12.44
12.57
12.40
12.34
12.29
12.31
12.31
12.31
12.37
12.44
12.51
12.53
12.87
12.59
12.37
12.53
12.61
12.72
12.76
12.74
12.88
12.95
12.95
12.88
12.88
12.82
12.92
12.89
12.94
12.97
12.98
13.00
13.10
13.12
13.09
13.05
13.11
13.05
13.07
13.15
13.13
13.14
13.20
13.38
13.43
13.43
13.43
13.58
13.58
13.64
13.62
13.59
13.58
13.60
13.58
13.59
13.66
13.65
13.65
13.63
13.62
13.65
13.65
13.62
13.62
13.65
13.65
13.70
13.70
13.77
13.73
13.62
13.64
13.71
13.32
13.24
13.35
13.41
13.19
13.22
13.25
13.34
13.30
13.28
13.31
13.32
13.38
13.38
13.42
13.47
13.55
13.57
13.53
13.41
13.33
13.24
13.24
13.18
13.19
13.20
13.29
13.33
13.43
13.31
13.44
13.56
13.53
13.45
13.49
13.39
13.47
13.66
13.77
13.81
13.67
13.63
13.62
13.59
13.75
13.85
13.81
13.88
13.95
13.85
13.78
13.81
13.77
13.80
13.80
13.91
13.70
13.80
13.80
13.82
13.96
14.08
14.10
14.05
13.66
13.99
14.04
14.08
13.87
13.65
13.78
13.79
13.99
13.99
13.68
13.82
13.83
13.67
13.83
14.06
14.11
14.00
13.94
14.00
13.90
13.85
13.74
13.81
13.91
13.93
13.96
13.88
13.92
13.89
13.72
13.42
13.43
13.59
13.64
13.85
14.06
14.09
14.00
14.16
14.08
14.02
14.13
14.25
14.20
14.23
14.20
14.15
14.06
13.99
13.84
13.87
13.93
13.90
13.79
13.80
13.74
13.78
13.86
14.02
14.10
14.23
14.28
14.32
14.27
14.31
14.37
14.43
14.42
14.49
14.46
14.54
14.54
14.57
14.57
14.51
14.47
14.55
14.57
14.58
14.53
14.50
14.41
14.43
14.57
14.51
14.38
14.40
14.44
14.27
14.26
14.22
14.16
14.24
14.28
14.30
14.39
14.43
14.45
14.46
14.46
14.53
14.53
14.58
14.58
14.70
14.68
14.66
14.63
14.72
14.72
14.61
14.62
14.41
14.28
14.28
14.21
14.26
14.37
14.16
14.27
14.19
14.11
14.20
14.11
14.16
14.12
14.03
13.99
13.96
14.02
14.00
14.05
14.06
13.98
14.01
14.07
13.94
14.06
14.02
14.14
14.13
14.03
14.30
14.19
14.10
14.20
14.29
14.30
14.40
14.40
14.38
14.35
14.34
14.57
14.51
14.56
14.57
14.57
14.72
14.69
14.78
14.77
14.76
14.69
14.73
14.76
14.80
14.85
14.86
14.78
14.69
14.71
14.65
14.72
14.69
14.84
14.76
14.62
14.69
14.69
14.77
14.81
14.80
14.75
14.94
15.00
15.02
14.98
15.00
15.07
15.13
15.14
15.15
15.02
15.14
15.17
15.21
15.26
15.28
15.30
15.29
15.19
15.36
15.53
15.31
15.09
15.29
15.39
15.60
15.61
15.68
15.62
15.74
15.74
15.81
15.73
15.70
15.72
15.70
15.68
15.71
15.74
15.72
15.78
15.75
15.75
15.77
15.78
15.70
15.77
15.83
15.85
15.95
16.11
16.01
15.93
15.93
16.15
16.09
16.09
16.10
16.15
16.17
16.15
16.11
16.14
16.17
16.26
16.16
16.18
16.24
16.24
16.22
16.24
16.28
16.31
16.37
16.40
16.43
16.39
16.47
16.53
16.51
16.70
16.58
16.43
16.36
16.51
16.59
16.69
16.74
16.72
16.78
16.84
16.85
16.82
16.85
16.82
16.93
16.90
16.84
16.88
16.89
16.94
16.98
16.96
17.00
16.97
17.00
17.07
17.07
17.10
16.98
16.64
16.50
16.42
16.51
16.46
16.41
16.43
16.54
16.35
16.14
16.38
16.61
16.66
16.73
16.60
16.58
16.59
16.61
16.59
16.48
16.46
16.44
16.59
16.64
16.67
16.75
16.74
16.77
16.78
16.76
17.01
17.51
17.48
17.47
17.34
17.19
17.04
16.99
17.01
16.96
17.14
17.16
17.11
17.09
17.04
17.09
17.13
17.14
17.24
17.24
17.32
17.30
17.31
17.30
17.31
17.33
17.31
17.40
17.20
17.22
17.13
17.23
17.14
17.10
17.10
17.26
17.26
17.34
17.26
17.15
17.35
17.26
17.20
17.34
17.38
17.48
17.53
17.37
17.65
17.74
17.65
17.64
17.50
17.40
17.62
17.54
17.52
17.50
17.47
17.58
17.61
17.52
17.51
17.58
17.55
17.55
17.60
17.55
17.70
17.61
17.83
17.60
17.49
17.68
17.75
17.74
17.70
17.72
17.76
17.82
17.81
17.68
17.75
17.68
17.71
17.62
17.67
17.70
17.64
17.41
17.40
17.61
17.60
17.48
17.50
17.60
17.56
17.66
17.69
17.69
17.71
17.81
17.82
17.84
17.83
17.76
17.81
17.83
17.73
17.77
17.79
17.94
18.00
18.01
18.01
18.09
18.03
17.84
17.51
17.36
17.66
17.69
17.76
17.78
17.59
17.65
17.63
18.04
17.88
17.73
17.65
17.67
17.73
17.71
17.63
17.80
17.71
17.66
17.51
17.61
17.55
17.49
17.53
17.70
17.74
17.80
17.67
17.72
17.55
17.70
17.63
17.40
17.82
18.01
18.02
18.04
17.89
17.80
17.91
17.99
18.00
18.06
17.97
18.26
18.38
18.32
18.31
18.31
18.37
18.37
18.37
18.35
18.34
18.41
18.42
18.40
18.45
18.40
18.46
18.36
18.24
18.70
18.48
18.43
18.47
18.46
18.70
18.80
18.73
18.54
18.82
18.72
18.67
18.65
18.87
18.87
18.82
18.75
18.85
18.88
18.87
18.92
18.90
18.93
18.99
19.08
19.01
19.02
18.96
19.05
18.94
18.61
18.71
18.85
18.98
19.14
19.14
19.22
19.31
19.38
19.30
19.11
19.08
19.10
19.05
19.08
19.13
19.09
18.97
18.77
19.01
19.18
19.20
19.07
19.15
19.32
18.97
18.59
18.56
18.72
18.94
18.20
18.72
18.76
18.99
19.16
19.22
19.38
19.23
19.61
19.46
19.43
19.20
19.06
18.85
18.84
18.89
18.90
18.87
18.97
19.14
19.26
19.27
19.50
19.55
19.65
19.70
19.70
19.60
19.35
19.67
19.52
19.14
19.31
19.57
19.60
19.49
19.46
19.51
19.54
19.49
19.69
19.65
19.69
19.72
19.72
19.78
19.88
19.92
19.88
19.86
19.88
19.83
19.87
19.82
19.59
19.61
19.77
19.56
19.38
19.65
19.47
19.61
19.50
19.31
19.30
19.34
19.51
19.37
19.52
19.89
19.85
19.64
19.69
19.79
19.95
19.86
20.03
19.93
19.93
19.82
19.97
20.01
19.96
20.04
20.02
19.92
19.83
19.73
19.84
19.89
20.00
20.04
19.99
19.86
19.78
19.80
19.65
19.77
19.94
19.91
19.88
20.06
20.29
20.40
20.47
20.35
20.51
20.59
20.37
20.26
20.18
20.27
20.24
19.88
19.85
19.97
19.95
20.07
20.13
20.31
20.61
20.38
20.42
20.35
20.33
20.10
20.13
20.17
20.16
20.41
20.42
20.50
20.28
20.06
20.27
20.26
20.36
20.40
20.29
20.35
20.41
20.35
20.36
20.43
20.42
20.46
20.46
20.45
20.37
20.67
20.73
20.78
20.66
20.24
19.84
20.16
20.33
20.61
20.68
20.72
20.67
20.50
20.66
20.81
20.84
20.80
20.72
20.70
20.69
20.71
20.77
20.81
20.77
20.80
20.71
20.84
20.93
20.98
20.63
20.44
20.57
20.54
20.52
20.46
20.46
20.32
20.47
20.59
20.63
20.63
20.49
20.47
20.43
20.56
20.53
20.50
20.38
20.55
20.62
20.59
20.60
20.69
20.60
20.63
20.71
20.87
20.86
20.96
20.86
20.96
20.87
20.79
20.79
20.95
20.67
20.50
20.69
20.68
20.36
20.54
20.80
20.91
20.73
20.81
20.82
20.89
21.05
21.02
21.06
21.15
20.93
20.84
20.84
20.91
21.00
21.12
21.27
21.23
21.45
21.65
21.41
21.52
21.24
21.25
21.49
21.61
21.33
21.27
21.63
21.62
21.44
21.27
21.29
21.31
21.45
21.48
21.19
21.18
21.42
21.56
21.56
21.59
21.41
21.49
21.37
21.22
21.58
21.29
21.62
21.55
21.58
21.40
21.54
21.75
21.84
21.82
21.75
21.72
21.72
21.71
21.76
21.66
21.70
21.71
21.89
21.81
21.90
21.63
21.68
21.66
21.71
21.78
21.81
21.76
21.89
21.92
21.97
21.85
21.74
21.71
21.56
21.66
22.17
22.04
22.04
22.08
22.27
22.04
22.11
22.24
22.19
22.23
22.15
22.21
22.14
22.22
22.33
22.04
21.99
22.00
21.98
22.07
21.84
21.73
21.94
22.01
21.99
22.11
22.23
22.16
21.90
21.81
22.08
22.11
22.35
22.09
21.79
21.82
21.99
22.03
21.97
21.93
21.84
22.08
22.10
21.99
22.12
22.09
22.04
21.94
21.87
21.99
22.20
22.25
22.23
22.05
22.20
22.09
22.28
22.21
22.36
22.31
22.28
22.12
22.35
22.46
22.55
22.64
22.64
22.46
22.56
22.56
22.52
22.50
22.49
22.45
22.43
22.33
22.31
22.45
22.48
22.56
22.52
22.48
22.42
22.52
22.62
22.78
22.66
22.44
22.22
21.98
22.40
22.34
22.14
21.89
22.09
22.31
22.29
22.16
22.28
22.52
22.64
22.53
22.62
22.50
22.50
22.46
22.65
22.59
22.47
22.50
22.37
22.32
22.53
22.63
22.55
22.40
22.11
22.16
22.45
22.53
22.41
22.04
22.20
22.34
22.30
22.35
22.38
22.72
22.81
22.61
22.55
22.55
22.54
22.35
22.52
22.49
22.54
22.50
22.58
22.76
22.71
22.72
22.72
22.71
22.67
22.71
22.60
22.67
22.55
22.34
22.58
23.00
23.11
23.15
23.20
22.98
22.96
23.08
23.17
23.19
22.95
23.09
23.13
23.37
23.33
23.25
23.23
23.29
23.43
23.51
23.50
23.51
23.49
23.41
23.50
23.29
23.21
23.61
23.66
23.65
23.37
23.42
23.49
23.38
23.56
23.45
23.24
23.15
23.21
23.30
23.39
23.56
23.52
23.51
23.39
23.36
23.37
23.51
23.69
23.78
23.82
23.99
24.02
23.99
24.04
24.06
24.07
23.94
24.00
24.03
24.07
24.03
23.65
23.97
23.92
23.93
24.04
23.91
24.07
24.07
24.23
24.24
24.12
23.86
23.65
23.73
23.57
23.86
24.01
23.73
23.93
24.09
24.11
24.16
24.17
23.91
23.91
23.80
24.06
23.80
24.03
24.36
24.17
24.14
24.13
24.16
23.57
23.78
24.08
24.52
24.23
24.20
24.13
24.04
23.97
24.11
24.30
24.11
23.93
23.90
23.91
23.78
24.10
23.90
23.71
23.61
23.46
23.67
23.65
23.84
24.06
24.03
24.03
23.89
23.77
23.68
23.80
23.76
23.63
23.93
24.01
24.03
24.05
24.36
24.21
24.30
24.35
24.21
23.70
23.63
23.89
23.82
23.90
23.92
23.94
24.01
24.02
24.15
23.98
24.02
24.14
23.99
24.10
24.46
24.30
24.04
24.13
24.34
24.44
24.43
24.44
24.41
24.64
24.62
24.56
24.65
24.71
24.55
24.53
24.38
24.63
24.63
24.60
24.55
24.78
25.00
25.23
25.03
24.70
24.78
24.86
24.95
24.92
25.01
25.02
25.07
25.02
25.28
25.47
25.51
25.35
25.02
24.85
24.95
25.05
25.29
24.99
25.26
25.37
25.32
25.09
25.21
24.93
24.91
25.37
24.91
24.95
24.95
25.02
24.67
24.87
24.71
24.92
24.96
24.99
25.18
25.22
25.17
25.25
25.22
25.34
25.12
25.11
25.31
25.03
25.09
25.42
25.45
25.26
24.97
24.99
24.93
25.18
25.29
25.49
25.64
25.63
25.64
25.90
25.80
25.85
25.97
26.02
26.03
25.99
26.06
26.03
26.10
26.24
26.13
26.14
26.19
26.17
26.19
26.22
26.23
26.30
26.19
26.23
26.29
26.30
26.29
26.18
26.11
26.32
26.39
26.54
26.40
26.25
26.32
26.36
26.35
26.17
26.17
26.24
26.35
26.29
26.25
26.20
26.20
26.28
26.10
25.89
26.23
26.12
26.03
25.86
25.96
25.96
25.94
26.00
26.02
26.06
25.92
26.04
26.11
26.08
26.07
25.84
25.90
26.02
26.05
26.01
25.93
26.16
26.28
26.23
26.46
26.33
26.49
26.40
26.55
26.77
26.70
26.52
26.57
26.55
26.46
26.48
26.63
26.63
26.73
26.65
26.67
26.69
26.55
26.21
26.33
26.50
26.09
25.94
25.66
25.59
25.94
25.57
25.77
25.76
25.70
25.90
25.84
25.70
25.86
25.86
26.08
26.19
26.26
26.43
26.41
26.37
25.76
25.96
26.09
26.07
26.20
26.47
26.59
26.64
26.79
26.93
27.22
27.32
27.08
26.94
26.75
26.93
27.02
27.01
27.09
27.00
27.09
27.00
27.06
27.01
27.10
27.20
26.92
26.90
26.78
26.96
27.13
27.24
27.22
27.10
27.15
26.92
26.60
26.87
26.97
26.84
26.50
26.99
27.17
26.51
26.57
26.77
27.17
27.08
27.46
27.65
27.39
27.48
27.23
26.83
27.30
27.35
27.02
26.85
26.76
26.86
27.08
26.91
27.01
26.99
26.93
27.03
27.20
27.14
27.16
26.95
27.09
27.13
27.10
26.69
26.90
26.93
26.81
27.06
27.03
27.38
27.35
27.29
27.32
27.72
27.54
27.47
27.56
27.67
27.74
27.89
27.97
28.06
28.06
28.01
28.00
27.96
27.95
27.95
27.88
28.26
27.64
27.33
27.26
27.42
27.54
27.89
27.95
28.13
28.25
28.34
28.42
28.53
28.38
28.30
28.31
28.29
28.28
28.12
28.06
28.24
28.28
28.33
28.43
28.45
28.45
28.41
28.05
28.33
28.66
28.95
28.79
28.68
28.87
28.85
28.66
28.69
28.80
28.83
28.77
28.54
28.54
28.61
28.97
28.97
29.10
28.99
28.96
28.81
28.94
28.62
27.95
27.88
27.78
28.30
27.93
27.97
28.50
28.44
28.67
28.64
28.58
28.41
28.32
28.82
28.83
28.67
28.60
28.64
28.73
28.78
28.97
29.10
29.23
29.15
29.35
29.29
29.27
29.22
29.21
29.13
29.26
29.24
29.28
29.28
29.40
29.44
29.34
28.97
28.87
28.68
28.78
28.58
28.45
28.58
28.93
28.95
28.78
28.65
28.66
28.69
28.81
28.74
28.70
28.90
28.71
28.91
29.16
29.06
29.12
29.00
28.98
29.01
29.22
29.27
29.31
29.16
29.04
28.85
28.94
28.77
29.15
29.32
29.45
29.43
29.43
29.58
29.38
29.34
29.43
29.51
29.49
29.38
29.39
29.53
29.68
29.36
29.45
29.63
29.71
29.43
29.56
29.57
29.53
29.47
29.81
29.98
29.60
29.71
29.22
29.09
28.30
29.09
29.59
29.69
29.61
29.66
29.53
29.43
29.25
29.48
29.60
29.87
29.84
29.88
29.88
29.85
29.85
29.83
29.91
29.97
29.92
29.87
29.89
30.06
29.99
29.88
29.90
30.02
30.09
30.19
29.97
29.98
29.79
29.75
29.62
29.74
29.85
29.93
29.79
29.71
29.77
30.03
29.92
29.77
29.53
29.62
29.78
29.86
29.87
29.89
29.84
29.94
29.93
29.91
29.89
30.01
30.14
29.87
29.97
30.02
29.65
29.52
29.63
29.89
29.90
29.98
30.02
29.77
29.69
29.62
29.95
30.15
30.19
30.20
30.36
30.50
30.58
30.48
30.55
30.58
30.50
30.65
30.23
30.01
30.17
30.13
29.93
30.03
29.70
29.79
29.75
29.85
30.03
30.04
30.05
30.10
29.98
30.48
30.30
30.56
30.65
30.58
30.38
30.69
30.50
30.50
30.59
30.54
30.61
30.66
30.21
30.38
30.31
30.37
30.24
30.39
30.50
30.29
30.34
29.98
29.77
30.02
29.81
30.29
30.34
30.35
30.28
30.25
30.18
29.83
29.84
30.22
30.08
29.71
29.47
29.44
29.91
29.91
30.07
30.15
30.69
30.83
30.89
30.80
30.90
31.03
31.00
30.64
30.63
30.68
30.66
30.59
30.71
30.82
30.85
30.98
30.59
30.76
30.82
30.90
30.83
30.86
30.90
31.04
31.14
31.01
30.96
30.93
31.24
31.23
31.03
30.95
30.68
30.32
30.40
30.62
30.46
30.57
30.80
30.88
30.81
30.89
30.75
31.18
31.38
31.16
31.01
31.08
31.17
31.21
31.24
31.18
31.06
31.37
31.21
31.35
31.48
31.20
31.14
31.34
31.51
31.52
31.80
31.79
31.67
31.59
31.53
31.56
32.00
31.94
31.88
32.09
31.95
31.67
31.62
31.74
31.96
32.17
32.03
32.00
32.01
32.01
32.18
32.22
32.05
32.01
32.02
32.10
32.10
32.08
32.00
32.19
32.11
32.42
32.35
32.33
32.28
32.90
32.63
32.44
32.18
32.31
32.35
32.34
32.23
32.46
32.40
32.05
32.03
32.11
32.14
32.54
32.29
32.28
32.34
32.36
32.47
32.49
32.44
32.54
32.58
32.42
32.72
32.37
32.55
32.45
31.86
31.94
31.88
32.04
32.02
32.06
32.22
32.06
32.17
31.86
32.07
32.28
32.56
32.30
32.07
32.07
32.17
31.92
31.93
31.75
31.99
32.38
32.27
32.22
32.34
32.31
32.21
32.24
31.95
32.05
32.32
32.30
32.64
32.35
31.71
32.39
32.25
32.32
32.73
32.43
32.05
32.12
32.46
32.46
32.09
32.16
32.03
31.98
32.17
32.47
32.35
31.96
32.22
31.76
32.20
32.33
32.28
32.31
32.06
32.56
32.80
32.98
32.73
32.46
32.45
32.36
32.25
32.19
32.29
32.24
32.39
32.56
32.66
32.72
32.72
32.87
33.18
33.14
33.13
33.14
33.26
33.08
33.06
33.00
33.14
32.68
32.84
32.94
33.14
32.93
32.81
33.00
32.85
33.10
32.88
33.12
33.02
33.14
32.98
33.19
33.04
32.90
32.95
33.11
32.92
32.91
33.09
33.08
33.13
33.17
33.11
33.04
32.84
32.65
32.56
32.89
32.70
32.65
32.84
33.14
33.01
32.55
31.89
32.20
32.37
32.33
32.45
32.92
32.75
32.44
32.40
32.12
32.14
32.36
32.40
32.60
32.89
32.97
32.85
33.09
32.97
33.03
33.28
33.48
33.58
33.59
33.63
33.71
33.67
33.57
32.89
32.81
33.01
32.81
32.70
33.05
33.13
32.92
33.04
33.00
32.91
33.00
32.86
32.88
32.64
32.69
32.65
32.72
32.91
32.69
32.93
32.92
33.07
33.16
33.16
33.12
33.12
33.18
32.59
32.61
32.95
32.86
33.01
33.14
33.11
33.06
33.32
33.04
32.75
32.65
32.62
32.83
33.04
33.13
33.48
33.26
32.89
32.88
32.98
33.19
33.38
33.32
33.33
33.21
33.21
33.27
33.43
33.11
33.08
33.03
32.73
33.03
33.06
33.00
33.11
33.33
33.43
33.09
32.84
33.37
33.47
33.24
33.28
33.44
33.46
33.32
33.47
33.63
33.69
33.62
33.64
33.78
33.87
33.76
33.78
33.35
33.77
33.67
33.67
33.34
33.16
33.64
33.66
33.50
33.69
33.74
33.86
34.03
34.00
33.86
33.97
34.04
34.09
34.09
33.94
34.05
34.08
34.06
34.31
34.19
34.18
34.18
34.39
34.58
34.49
34.52
34.41
34.40
34.54
34.54
34.53
34.55
34.42
34.21
34.41
34.17
34.04
34.56
34.55
34.64
34.46
34.36
34.31
34.13
34.30
34.35
34.38
34.64
34.46
34.57
34.46
34.36
34.22
34.31
34.33
34.44
34.52
34.56
34.68
34.77
34.89
34.78
34.80
34.84
34.79
34.75
35.09
35.09
35.08
35.20
35.33
35.14
35.02
34.89
34.43
34.39
34.41
34.49
34.56
34.65
34.69
34.68
34.47
33.92
34.18
34.38
34.28
34.46
34.58
34.36
34.04
34.03
34.30
34.38
34.63
34.68
34.64
34.73
34.81
35.11
35.14
35.34
34.81
34.84
35.01
35.03
34.90
34.95
35.13
34.68
34.87
34.88
34.77
34.70
34.76
34.72
34.97
34.88
35.03
35.04
34.81
34.35
34.13
34.16
33.71
33.83
34.29
34.42
34.39
34.52
34.52
34.79
34.86
35.14
33.67
34.91
34.84
34.83
34.71
34.78
34.93
34.96
35.11
35.17
35.24
35.21
35.14
34.90
35.08
35.09
35.06
35.12
35.01
35.29
35.15
35.06
35.04
35.03
34.99
35.61
35.72
35.23
35.55
35.62
35.77
35.62
35.83
36.01
36.14
36.17
35.81
35.72
35.75
35.92
36.09
36.12
36.36
35.98
36.14
35.84
35.89
35.36
35.37
35.50
35.69
35.92
36.03
35.77
35.69
36.08
36.17
36.17
36.19
35.53
36.04
36.08
36.13
36.14
36.13
35.97
35.69
35.60
35.80
35.68
35.68
35.76
35.82
35.72
35.48
35.62
35.77
35.52
35.51
35.33
35.59
35.78
35.82
35.92
35.95
35.55
35.80
35.94
35.76
35.73
35.75
36.16
35.92
35.91
36.06
35.90
36.24
36.13
36.03
36.08
36.02
36.32
36.23
36.15
36.00
35.93
35.98
35.85
35.89
35.77
35.78
35.89
36.01
35.84
35.91
35.88
35.94
35.99
35.31
35.28
35.48
35.59
35.82
35.85
35.52
35.21
35.45
36.04
36.07
36.17
36.17
36.08
35.90
35.87
36.30
36.26
35.96
35.95
35.60
35.84
35.87
35.50
36.11
36.02
36.05
35.97
35.56
35.29
35.60
35.52
35.75
36.05
36.23
35.58
35.90
36.04
35.89
36.25
36.27
36.22
36.23
36.02
35.79
35.77
35.93
35.99
35.86
35.81
35.93
35.70
35.75
36.06
36.16
36.10
36.15
36.07
36.09
36.17
36.27
36.49
36.57
36.59
36.69
36.54
36.62
36.71
36.63
36.57
36.48
36.12
35.93
35.95
36.14
36.22
36.33
36.26
36.26
36.64
36.58
36.69
36.47
36.59
36.62
36.63
36.51
36.18
36.39
36.29
36.40
36.24
36.03
36.04
36.23
36.20
36.22
36.40
36.27
36.38
36.84
36.82
36.88
36.74
36.70
36.83
36.86
36.67
36.70
36.70
36.53
36.91
36.74
36.63
36.83
36.70
36.69
36.91
37.11
37.04
37.09
36.92
36.84
36.33
35.63
35.97
36.40
36.07
36.11
36.23
36.26
36.23
36.54
36.34
36.15
36.35
36.81
36.73
36.69
36.75
36.75
36.68
36.69
36.54
36.50
36.59
36.76
36.76
36.84
36.98
37.02
37.08
37.04
36.97
37.27
37.29
37.40
37.32
37.31
37.46
37.29
37.03
36.97
37.33
37.22
37.25
37.17
37.07
36.80
37.02
37.12
37.05
37.04
37.11
36.98
37.10
37.12
36.79
37.11
36.97
37.24
37.29
37.41
37.15
37.27
37.33
37.17
37.25
37.51
37.50
37.64
37.43
37.36
37.67
37.81
37.45
37.70
37.71
37.59
37.45
37.12
37.38
37.39
37.32
37.21
37.22
37.15
37.35
37.35
37.07
37.19
37.36
37.32
37.46
37.43
37.76
37.34
37.41
37.55
37.67
37.73
37.94
37.89
38.01
37.74
37.84
37.56
37.68
37.37
37.14
36.99
37.39
37.30
37.43
37.38
37.66
38.16
38.32
38.03
37.82
38.00
37.99
38.00
38.07
38.01
38.04
38.07
38.24
38.33
38.21
38.19
38.31
38.20
38.24
38.40
38.25
38.13
38.21
37.76
37.98
38.15
38.26
38.28
38.00
37.85
38.21
38.14
38.22
38.22
38.19
37.93
38.15
38.33
38.48
38.72
38.54
38.42
38.20
38.13
37.98
37.51
37.57
37.85
37.90
37.86
38.13
38.15
37.79
37.56
37.39
37.00
37.47
37.42
37.68
37.66
37.50
37.41
37.83
37.58
37.26
36.95
37.13
37.48
37.50
37.74
36.93
37.00
37.10
36.90
36.59
36.66
36.99
36.95
36.98
36.53
36.33
36.75
36.83
36.59
36.09
36.40
36.74
36.52
36.76
37.10
36.82
37.51
36.95
37.01
36.72
36.84
36.62
36.44
36.51
36.69
36.62
36.87
37.04
36.95
36.90
37.11
37.18
37.32
37.43
37.46
37.78
37.84
37.34
37.25
37.35
37.16
37.03
37.12
36.87
36.72
36.60
36.61
36.91
36.71
36.58
36.74
36.46
36.80
37.11
37.16
36.89
36.77
36.60
36.53
36.49
36.88
36.98
36.39
35.97
36.46
36.63
36.33
36.75
36.06
36.00
36.14
36.16
35.88
36.27
35.38
35.63
36.18
35.76
35.79
35.89
36.08
35.99
36.41
36.48
36.58
37.01
36.80
36.97
36.94
37.06
37.17
37.06
36.76
37.12
37.41
37.47
37.52
37.34
37.13
37.18
37.18
37.19
36.99
36.68
36.56
36.88
36.83
36.78
36.67
37.12
37.15
37.42
37.64
37.49
37.62
37.39
37.67
37.96
37.95
37.53
37.72
37.91
37.65
37.75
37.70
37.70
37.60
37.53
37.59
37.44
37.48
37.71
37.42
36.94
37.58
37.73
37.86
37.56
37.61
37.66
37.77
38.24
38.38
37.99
37.80
37.78
37.67
37.49
37.72
37.89
37.74
37.46
37.43
37.08
37.20
37.35
37.48
37.00
37.22
37.57
37.42
37.15
37.66
37.66
37.84
37.84
37.89
37.99
38.05
37.82
37.89
38.01
38.34
38.06
38.10
38.31
38.58
38.43
38.34
38.31
38.46
38.49
38.66
38.35
38.56
38.56
38.60
38.49
38.27
38.25
38.14
38.03
38.11
38.39
38.70
38.33
38.33
38.36
38.21
38.39
38.70
38.74
38.89
38.86
38.63
38.81
38.84
38.96
38.97
38.99
38.84
38.73
38.59
38.40
38.51
38.78
38.64
38.45
38.51
38.58
38.62
38.93
38.81
38.71
38.84
38.89
38.79
38.69
39.09
38.66
38.63
38.89
38.97
38.71
38.78
38.92
38.42
38.21
38.06
38.23
38.08
38.22
38.29
38.41
38.42
38.59
38.60
38.46
38.37
38.08
38.36
38.41
38.45
38.46
38.44
37.74
38.07
38.20
38.41
38.72
38.54
38.82
38.76
38.63
38.70
38.83
38.94
38.66
38.58
38.57
38.47
37.95
38.03
38.13
38.21
38.33
38.24
38.55
38.04
38.09
38.29
37.78
38.22
38.39
38.46
38.48
38.67
38.62
38.55
38.23
38.58
38.75
38.62
38.48
38.64
38.67
38.59
38.90
39.07
38.85
38.79
38.79
38.68
38.61
38.62
38.57
38.26
38.31
38.42
38.64
38.72
38.40
38.82
38.93
39.22
39.11
39.05
39.12
38.99
39.16
38.96
38.87
38.77
39.01
39.04
38.92
38.75
39.05
39.22
39.06
39.09
39.17
39.06
39.09
39.38
38.82
38.58
39.15
39.10
39.04
39.17
39.19
39.22
39.20
39.29
39.29
39.38
39.26
39.15
39.28
39.54
39.56
39.53
39.15
39.42
39.55
39.44
39.54
39.43
39.51
39.81
39.34
38.86
38.85
39.07
38.99
39.15
38.98
39.03
39.09
39.07
39.14
39.43
39.48
39.39
39.49
39.87
39.73
39.60
39.61
39.90
39.98
40.17
40.35
40.35
40.20
40.24
40.22
40.33
39.49
39.78
39.58
40.02
39.96
39.90
39.61
39.73
39.67
39.66
39.13
38.41
38.64
39.04
39.46
39.60
39.35
39.48
39.76
39.81
39.98
40.35
40.68
40.21
40.16
40.10
40.00
40.00
40.21
40.32
40.35
40.32
40.51
40.49
40.62
40.72
40.74
40.72
40.60
40.74
40.90
40.77
40.81
40.66
40.71
40.53
40.66
40.75
40.88
40.61
40.62
40.61
40.92
40.76
40.14
40.05
40.22
40.31
40.61
40.71
40.74
40.74
40.81
40.99
40.90
40.93
40.71
40.91
40.81
40.47
40.83
40.78
40.57
40.60
40.70
40.71
41.00
40.85
40.95
40.83
40.82
40.69
40.95
40.96
40.98
40.88
40.80
40.76
40.62
40.44
40.77
40.79
40.94
40.90
41.01
40.78
41.11
40.90
40.77
40.37
40.32
40.16
40.67
40.55
40.43
40.52
40.69
40.52
40.47
40.89
40.88
40.46
40.68
40.73
41.11
41.22
41.26
41.16
41.21
41.21
41.06
41.20
41.22
41.08
41.01
41.00
41.02
41.10
41.13
40.92
41.00
40.79
41.01
40.98
41.14
40.88
41.04
40.74
40.69
40.55
40.61
40.38
40.45
40.71
40.84
40.87
40.65
40.89
40.85
40.67
40.67
40.65
40.98
40.78
40.55
40.60
40.30
40.28
40.53
40.45
40.64
40.74
41.19
41.07
41.11
41.05
40.94
41.10
41.09
41.27
41.05
40.93
40.98
41.16
41.19
41.30
41.50
41.47
41.00
40.82
41.03
41.09
40.82
40.83
40.97
40.58
40.71
40.78
41.05
40.94
40.75
40.42
40.93
40.86
40.62
40.94
41.55
41.56
41.56
41.32
40.98
41.00
40.94
41.13
41.23
41.41
41.35
41.42
41.51
41.35
41.35
41.35
41.35
41.28
41.16
41.29
40.85
40.63
41.00
41.18
41.31
41.40
41.44
41.50
41.66
41.66
41.66
41.47
41.49
41.87
42.04
41.62
41.72
41.95
41.79
41.55
41.59
41.79
41.98
42.25
42.11
41.98
41.93
41.88
42.09
41.83
42.06
42.10
42.11
41.90
41.63
41.75
41.95
41.82
41.89
41.82
41.74
41.93
42.11
42.16
42.26
42.28
42.44
42.65
42.53
42.63
42.60
42.53
42.18
42.36
42.75
42.50
42.16
42.31
42.26
42.28
42.23
42.20
42.13
42.41
42.47
41.98
42.24
42.39
42.32
42.21
42.70
42.69
42.53
42.43
42.85
42.82
42.67
42.63
42.70
42.74
42.78
42.73
42.53
42.45
42.58
42.62
42.87
42.87
42.90
43.15
42.86
42.23
42.28
42.10
42.30
42.71
42.93
42.69
43.00
43.43
43.46
43.32
42.72
42.55
42.53
42.68
42.81
43.07
43.01
43.33
43.28
43.19
43.19
43.01
43.03
42.88
42.69
42.77
43.12
43.11
42.92
43.07
42.80
42.83
42.48
42.74
42.82
42.63
42.41
42.59
42.61
42.39
42.59
42.65
42.80
42.92
42.59
42.56
42.66
42.73
42.88
42.97
43.19
43.36
43.38
42.79
42.86
42.87
42.55
42.57
42.68
42.92
42.89
42.76
42.71
42.88
43.10
42.86
43.12
42.76
43.07
43.05
43.12
43.47
43.64
43.78
43.52
43.31
43.22
43.25
43.40
43.24
43.46
43.55
43.31
43.19
43.26
43.26
43.75
43.79
43.34
43.40
42.98
43.16
43.26
43.63
43.75
43.90
43.26
43.25
43.45
43.39
43.50
43.21
43.27
43.32
43.32
43.70
43.70
43.46
42.73
43.05
43.07
42.92
42.76
42.45
43.03
42.81
42.74
42.52
42.39
42.41
42.24
42.28
42.59
42.94
42.93
42.83
42.89
42.64
42.38
42.56
42.86
43.04
43.18
43.15
43.25
43.51
43.40
43.47
43.36
43.29
43.11
42.84
43.09
42.96
43.21
43.24
43.04
43.62
43.55
43.38
43.58
43.72
43.21
43.24
43.32
43.26
43.14
43.57
43.33
43.53
43.79
43.90
43.83
44.06
44.11
44.33
43.98
43.89
43.92
43.84
43.78
43.61
43.99
43.69
43.38
43.66
43.67
43.56
43.62
43.65
43.42
43.38
42.83
43.42
43.61
43.22
43.41
43.69
43.73
43.67
43.32
43.30
43.78
43.77
43.68
43.49
43.41
43.39
43.69
43.70
43.52
43.66
43.62
43.72
43.90
43.81
43.81
43.76
43.33
43.55
43.66
43.91
43.27
43.37
43.61
43.13
43.47
43.92
44.02
44.07
44.14
43.88
43.89
43.99
44.29
44.09
44.04
44.61
44.61
44.55
44.60
44.59
44.63
44.63
44.63
44.62
44.73
44.63
44.72
44.34
44.35
43.78
44.09
44.12
44.02
44.20
44.18
44.05
44.71
44.35
44.34
43.66
44.86
44.52
44.12
44.31
44.18
44.33
44.46
44.87
44.75
44.91
44.97
45.09
44.51
44.46
44.31
44.13
44.07
44.23
44.58
44.69
44.64
44.42
44.68
44.79
44.87
44.97
45.10
45.26
44.85
44.94
44.72
45.17
45.02
44.93
45.04
44.93
45.01
45.00
45.22
44.96
45.20
44.93
44.79
44.85
44.71
44.45
44.50
44.68
44.59
44.82
44.58
44.56
44.55
44.43
44.66
44.87
44.99
44.85
44.78
44.66
44.64
44.71
45.04
44.78
44.72
44.80
44.24
44.23
44.18
44.40
44.42
44.76
45.06
45.04
45.02
45.04
44.88
44.90
44.71
45.07
45.13
44.98
45.25
45.47
45.34
45.63
44.89
45.18
45.34
45.37
45.24
45.31
45.42
45.62
45.58
45.27
45.25
45.26
45.28
45.54
45.26
45.21
44.37
44.67
45.00
44.82
44.65
44.32
44.52
44.25
44.52
44.65
44.70
44.78
44.88
44.61
44.81
44.71
44.85
44.60
44.59
44.32
44.68
44.88
44.90
44.83
44.95
45.15
44.91
45.13
44.86
44.85
45.07
45.15
45.28
45.32
45.56
45.18
44.70
44.86
44.62
44.18
44.36
44.92
44.69
44.77
45.36
45.56
45.50
45.56
45.62
45.59
45.35
45.27
45.09
45.17
45.06
45.18
45.42
45.26
45.36
45.33
45.48
45.69
45.70
45.78
45.94
45.66
45.43
46.08
46.28
45.68
45.74
45.88
45.94
45.99
45.75
46.06
46.22
46.25
46.17
46.05
46.36
45.89
45.84
46.26
46.39
45.82
46.24
46.00
46.21
46.17
46.32
46.39
46.45
46.45
46.32
46.23
46.15
46.28
46.00
45.92
46.32
46.52
45.92
46.20
46.07
46.28
46.50
46.52
46.56
46.49
45.98
46.05
46.13
46.13
46.22
45.70
46.17
46.24
46.37
46.32
46.57
46.62
47.04
46.79
46.44
46.30
46.30
46.33
46.65
46.22
45.78
45.90
46.67
46.26
45.49
45.55
45.45
45.65
45.11
44.76
45.05
45.73
45.85
45.82
45.45
45.75
46.13
45.97
46.34
46.21
46.04
46.00
46.35
46.70
46.51
46.61
46.01
46.55
46.68
46.50
46.75
46.95
46.76
46.98
47.16
46.99
47.12
46.65
46.90
47.20
47.19
47.21
47.02
46.89
46.58
46.79
46.85
47.02
46.65
46.52
46.17
46.18
46.78
46.91
46.47
46.40
46.16
46.59
47.00
46.59
46.73
46.88
46.96
46.96
46.77
46.99
47.06
46.84
46.87
47.05
47.31
47.64
47.48
47.20
47.21
47.14
47.39
47.24
47.19
47.21
47.24
47.29
47.49
47.83
47.52
47.16
46.67
45.83
45.86
46.70
46.49
46.67
46.30
46.25
46.85
46.84
46.62
46.12
46.21
46.08
46.24
46.23
46.23
45.91
45.92
45.90
46.13
46.26
46.04
46.41
46.23
46.10
46.53
46.99
47.03
46.08
46.44
46.74
46.49
46.39
47.13
46.97
47.02
46.46
46.19
46.20
46.34
46.69
46.96
46.87
46.85
46.98
47.08
47.46
47.28
47.54
47.42
47.44
47.50
47.62
47.21
47.26
47.46
47.31
47.15
46.82
46.70
47.01
47.01
47.94
47.56
47.33
47.48
47.76
47.72
47.91
47.78
47.62
47.68
47.63
47.32
46.78
46.71
46.44
46.85
47.09
46.84
47.02
46.81
46.99
46.70
46.76
47.26
47.20
46.79
46.34
46.30
46.80
46.70
47.12
46.68
46.16
46.18
46.68
46.57
47.05
47.15
47.27
47.52
47.60
47.35
47.41
47.82
47.68
47.79
47.71
47.95
47.81
47.81
47.75
47.78
47.81
48.26
48.15
48.30
48.38
47.95
48.03
47.96
48.13
48.31
47.96
48.37
48.32
48.14
48.42
48.38
48.32
48.31
48.49
47.81
48.17
48.01
47.80
48.10
48.27
48.11
47.76
47.66
47.90
47.99
47.98
47.81
47.75
47.52
47.82
48.13
47.90
48.38
47.87
48.07
48.29
48.29
48.51
48.52
48.46
48.77
48.64
48.59
48.68
48.32
48.18
48.14
47.81
48.17
48.33
48.03
48.32
47.97
48.37
48.59
48.36
48.30
48.56
48.42
48.48
48.50
48.70
48.68
48.74
48.65
47.92
48.75
48.78
48.64
48.72
49.12
48.93
48.50
48.58
48.69
48.81
48.71
48.79
48.67
48.51
48.59
48.73
48.86
48.90
48.93
48.93
48.99
49.06
48.83
48.51
48.39
48.56
48.62
48.51
48.61
49.05
48.68
48.35
48.62
48.78
49.07
48.67
48.76
48.44
48.44
48.55
48.21
48.30
48.55
48.54
48.43
48.58
48.73
48.57
48.98
49.16
49.17
49.12
49.00
48.79
48.85
48.16
48.09
47.75
48.11
47.88
48.04
47.84
48.17
48.04
47.89
48.13
47.96
47.87
47.62
47.56
48.50
48.69
48.50
48.19
48.16
48.66
48.46
48.57
48.58
48.56
48.60
48.50
48.52
48.20
48.49
48.90
48.78
48.85
49.05
49.19
49.27
49.39
49.39
49.17
49.42
49.39
49.44
49.35
49.11
49.47
49.32
49.39
49.37
49.17
49.16
49.17
49.23
49.35
49.49
49.34
49.34
49.34
49.18
48.92
48.74
48.93
48.67
48.97
49.03
49.23
48.66
48.42
47.96
47.79
48.12
48.09
48.44
48.70
48.49
48.51
48.73
48.77
48.53
48.78
48.89
48.81
48.61
48.59
48.87
48.95
48.94
48.90
48.46
48.15
48.29
48.48
48.52
48.66
48.46
48.61
48.45
48.75
48.71
48.79
48.45
48.49
48.40
48.13
48.37
48.25
48.27
48.19
48.19
48.38
48.28
48.49
48.10
48.59
48.69
48.82
48.55
48.40
48.60
47.73
48.72
48.19
48.47
48.21
48.65
48.85
48.94
48.80
48.98
49.12
48.92
49.06
49.17
49.16
48.74
48.89
48.74
49.26
49.30
49.64
49.56
49.49
49.61
49.33
49.47
49.53
49.67
49.55
49.58
49.92
49.72
49.28
49.26
49.37
49.41
49.24
48.99
49.29
49.42
49.82
49.71
49.58
49.27
48.94
48.97
49.06
49.09
48.82
49.33
49.69
49.57
49.87
49.77
49.59
49.33
49.40
49.35
49.20
49.12
48.81
49.16
49.21
49.67
49.56
49.63
49.66
49.50
49.52
49.63
49.81
49.84
49.48
49.50
49.46
49.24
49.29
49.36
49.56
49.39
49.37
49.40
49.47
49.43
49.63
49.61
49.54
49.67
49.73
49.29
49.54
49.53
49.25
49.43
49.30
49.10
49.11
48.92
49.16
49.34
48.99
49.01
49.15
49.43
49.70
49.90
49.70
49.65
49.46
49.84
50.18
50.13
50.36
50.03
50.05
50.33
50.49
50.25
50.28
49.62
49.79
49.82
49.73
49.62
49.67
49.50
49.68
49.96
49.84
49.98
50.16
50.11
50.44
50.14
50.48
50.48
50.77
50.55
50.60
50.34
50.12
50.06
50.16
50.22
50.49
50.48
50.26
50.43
50.59
50.24
50.13
50.13
50.07
50.37
50.28
50.33
50.40
50.34
50.46
50.46
50.63
50.60
50.55
50.86
50.56
50.38
49.83
49.84
49.96
50.11
50.16
50.43
50.63
50.66
50.70
50.66
50.70
50.57
50.50
50.09
50.05
49.91
49.95
50.12
50.87
50.64
50.68
50.15
50.06
49.74
49.60
49.93
50.53
50.31
50.68
50.58
51.16
51.17
51.33
51.01
50.80
50.92
50.96
51.02
51.19
51.11
51.17
51.19
51.55
51.51
51.68
51.37
51.40
51.10
51.41
51.15
51.29
51.05
50.93
50.95
50.94
51.19
51.23
51.15
51.16
51.13
50.63
50.81
51.25
51.40
51.53
51.69
51.53
51.56
51.74
51.78
51.69
51.60
51.40
51.82
52.02
52.24
52.40
52.33
52.33
52.26
52.48
52.08
51.80
52.03
52.18
52.08
52.11
52.20
52.44
52.31
52.28
52.49
52.54
52.47
52.23
52.37
52.28
52.32
52.29
52.48
52.26
52.15
51.65
51.70
52.00
51.65
51.51
51.14
51.72
51.80
51.83
51.91
51.94
51.96
51.74
51.94
52.12
52.02
52.07
52.21
52.35
52.36
52.52
52.38
52.28
52.46
52.09
52.07
52.32
52.56
52.54
52.17
52.13
51.66
52.07
51.59
51.05
51.40
51.39
51.38
51.66
51.81
51.88
51.98
51.80
52.06
51.90
51.61
51.94
51.86
51.94
52.14
51.86
51.56
51.71
51.69
51.94
51.77
51.98
51.60
52.11
52.11
51.84
51.65
51.93
52.22
52.45
52.32
52.35
52.19
51.79
51.87
51.64
51.69
51.76
51.66
51.88
51.40
50.83
50.85
51.40
51.41
51.50
51.64
52.25
52.18
52.55
52.52
52.58
52.86
53.03
52.28
52.29
52.12
51.83
52.06
52.51
52.75
52.57
52.72
52.62
52.37
52.52
52.29
51.88
52.25
52.31
52.37
52.41
52.32
52.40
52.63
52.32
52.45
52.50
52.71
53.24
53.50
53.24
53.08
53.14
53.26
53.00
53.10
53.10
53.00
52.80
52.90
52.82
52.79
52.76
52.14
52.92
53.18
52.99
52.87
52.42
52.47
52.64
52.77
52.90
53.01
52.66
52.46
52.83
52.87
52.70
52.93
52.74
52.46
52.48
52.45
52.52
52.14
52.31
52.26
52.28
52.58
52.62
52.60
52.60
52.54
52.69
52.78
52.67
52.78
52.88
53.00
52.87
52.89
52.82
52.94
53.18
53.12
53.05
52.88
52.91
52.66
52.63
52.95
53.02
53.23
53.24
53.45
53.27
53.31
53.27
52.98
53.63
53.83
53.91
53.69
53.57
53.45
53.02
53.25
52.80
52.72
52.84
52.78
52.72
52.86
52.70
52.64
53.25
53.25
53.11
52.53
52.48
52.45
52.64
52.66
52.79
53.04
53.25
53.10
53.25
53.25
53.43
53.27
53.40
53.44
53.65
53.48
53.40
53.50
53.34
53.32
53.04
53.52
53.28
53.80
53.65
53.70
53.46
53.14
52.88
53.23
53.29
53.22
53.66
53.11
53.34
53.27
53.53
53.58
53.41
53.30
53.29
52.84
53.37
53.34
53.48
53.36
53.44
53.42
53.32
53.72
53.88
53.87
53.68
53.05
53.55
53.76
53.84
53.85
53.70
53.21
53.80
