0.50
0.50
0.50
0.50
0.50
0.50
0.50
0.50
0.50
0.55
0.73
0.95
1.20
1.57
1.65
1.66
1.79
1.86
1.85
2.03
2.10
2.16
2.28
2.54
2.83
3.22
3.56
3.95
4.27
4.36
4.67
4.91
5.36
5.56
5.71
5.93
5.98
6.04
6.17
6.29
6.25
6.45
6.63
6.67
6.65
6.71
6.90
6.87
6.97
7.03
7.00
7.05
7.00
7.05
7.16
7.30
7.63
8.02
8.23
8.43
8.59
8.81
8.89
8.90
8.87
9.04
9.15
9.37
9.51
9.68
9.71
9.94
10.00
10.05
9.98
10.00
10.01
10.16
10.17
10.45
10.62
10.63
10.85
10.79
10.53
10.49
10.48
10.61
10.56
10.40
10.42
10.50
10.38
10.37
10.35
10.30
10.37
10.37
10.39
10.37
10.35
10.43
10.71
10.79
10.83
10.80
10.62
10.66
10.81
10.80
10.90
11.17
11.10
11.12
11.12
11.10
11.17
11.25
11.35
11.52
11.74
11.78
11.78
11.83
12.02
12.17
12.38
12.70
12.82
12.87
12.83
12.85
12.83
12.86
12.85
12.90
12.87
12.79
12.66
12.64
12.61
12.73
12.76
12.83
12.86
12.85
12.94
13.06
13.45
13.67
13.74
13.74
13.92
14.09
14.37
14.38
14.42
14.50
14.53
14.50
14.79
14.76
14.80
14.79
14.75
14.79
14.91
14.95
14.99
15.04
15.03
14.93
14.98
14.92
14.94
14.86
14.97
15.03
14.94
15.08
15.05
15.06
15.13
15.32
15.34
15.44
15.47
15.66
15.63
15.54
15.76
15.88
15.71
15.91
15.89
16.11
16.17
16.12
16.37
16.42
16.45
16.49
16.15
15.88
15.75
15.96
16.08
16.65
16.79
17.02
16.98
16.99
16.82
16.69
16.83
16.95
16.96
16.93
16.98
16.98
17.12
17.26
17.58
17.77
17.79
17.69
17.58
17.54
17.65
17.76
17.60
17.65
17.75
17.75
17.70
17.62
17.52
17.69
17.47
17.70
17.93
18.35
18.51
18.48
18.69
18.89
19.00
18.84
18.73
18.82
19.00
19.16
19.16
19.08
18.78
18.91
19.14
19.24
19.41
19.51
19.33
19.25
19.33
19.37
19.39
19.42
19.46
19.82
19.68
19.97
20.08
20.09
20.23
20.34
20.46
20.29
20.12
20.15
20.22
20.18
20.07
20.31
20.36
20.38
20.28
20.38
20.42
20.36
20.69
20.66
20.86
20.83
20.93
20.89
21.06
21.13
20.93
20.81
21.08
20.93
21.07
21.02
21.07
21.04
20.95
20.88
21.05
21.24
21.08
21.19
20.92
20.97
20.89
20.83
21.00
21.19
21.51
21.79
21.78
21.79
21.53
21.20
21.40
21.69
21.67
21.91
21.89
21.96
21.73
21.89
21.65
21.65
21.62
21.38
21.25
21.38
21.44
21.52
21.50
21.80
21.99
22.38
22.53
22.58
23.05
23.22
23.27
23.40
23.55
23.37
23.38
23.37
23.31
23.25
23.07
23.05
22.89
22.89
23.13
23.50
23.49
23.17
23.09
23.35
23.34
23.31
23.54
23.40
23.43
23.48
23.74
23.86
23.88
23.93
23.78
23.37
23.00
23.00
22.92
22.96
23.44
23.53
23.66
23.56
23.63
24.06
23.95
24.33
24.59
24.61
24.61
24.50
24.64
24.82
24.64
24.33
24.18
24.19
24.12
24.01
24.11
23.50
23.77
24.22
24.62
24.63
24.81
24.74
24.36
24.35
24.49
24.99
25.14
25.20
25.24
25.50
25.38
25.65
25.66
25.64
25.58
25.73
25.60
26.03
25.99
25.44
25.42
25.66
25.73
25.83
26.13
25.86
26.11
26.21
26.23
26.11
26.09
26.00
26.21
26.29
26.14
26.10
26.13
26.16
26.20
26.38
26.70
26.54
26.52
26.64
26.64
26.82
26.63
27.04
27.33
27.42
27.22
27.37
27.07
26.81
27.00
26.93
27.10
27.02
27.02
27.65
27.38
27.57
27.50
27.48
27.31
27.31
27.45
27.75
27.76
27.61
27.41
27.44
27.41
27.52
27.63
27.98
28.16
28.07
27.84
27.78
27.93
28.43
28.52
28.68
28.54
28.48
28.37
28.54
28.26
28.26
28.36
28.31
28.62
28.67
28.53
28.73
28.61
28.48
28.05
28.19
28.16
28.12
28.21
28.05
27.98
28.29
28.12
27.89
27.92
28.50
28.56
28.56
28.72
28.75
28.71
29.01
29.35
29.17
28.86
29.06
29.02
29.35
29.57
29.80
30.02
29.82
29.92
29.58
29.64
29.99
30.19
30.26
30.42
30.46
30.04
30.24
30.23
30.17
30.37
30.57
31.01
30.98
31.21
31.40
31.09
30.96
30.96
31.04
30.89
31.08
30.93
30.80
30.76
30.72
30.84
31.10
30.96
30.81
30.84
31.12
31.25
31.40
31.16
31.33
31.32
31.20
31.23
31.15
31.11
30.85
31.01
31.14
30.77
30.86
30.56
30.53
30.92
31.31
31.04
31.04
31.11
31.25
30.86
30.87
30.90
30.98
31.27
31.27
31.46
31.28
30.91
30.74
31.03
30.76
30.71
30.81
30.91
30.95
31.06
31.34
31.37
31.13
31.10
31.45
30.91
30.99
31.44
31.55
31.64
31.50
31.05
31.35
31.80
31.66
31.59
31.50
31.00
30.91
30.81
31.27
30.73
30.60
30.70
30.33
30.45
30.99
30.94
31.11
31.38
31.37
31.46
31.47
31.27
31.21
31.75
31.53
31.33
31.60
31.53
31.40
31.45
31.33
31.16
31.29
31.68
31.45
31.44
31.73
31.47
31.80
31.80
31.43
32.12
32.15
31.86
31.63
32.26
32.48
32.56
31.93
31.78
31.25
31.31
31.38
30.82
30.81
30.56
30.80
31.49
31.59
31.57
31.78
32.03
32.41
32.67
32.64
32.60
32.03
31.94
32.62
32.41
32.40
32.22
32.63
31.95
31.86
31.92
31.65
31.44
31.45
31.56
31.48
31.59
31.35
31.14
31.36
31.97
32.36
31.94
31.42
31.85
32.05
31.56
31.15
30.99
31.24
31.24
31.61
31.38
32.02
32.02
32.01
32.18
32.47
32.54
32.40
32.82
32.91
32.91
33.64
32.90
32.75
33.11
33.18
33.27
33.25
33.65
33.45
33.57
33.60
33.54
33.59
33.32
33.10
33.39
33.11
33.42
33.17
33.04
33.06
33.07
33.40
33.30
33.56
33.48
33.19
33.27
33.68
33.92
33.71
33.55
33.25
32.98
32.95
33.22
33.53
33.50
32.87
33.07
33.42
33.55
33.33
33.47
33.12
32.88
33.36
33.21
33.81
33.05
32.61
32.30
32.65
33.16
33.13
32.99
32.75
33.15
33.02
33.16
33.54
34.17
34.34
34.30
34.70
34.29
33.50
34.27
34.32
34.35
34.30
33.74
34.17
34.26
33.98
33.85
34.37
34.26
34.40
34.91
34.27
34.69
35.31
35.18
34.89
34.51
35.11
34.72
34.56
34.63
34.34
34.66
34.44
34.66
34.88
34.77
34.89
35.07
35.47
35.19
34.94
35.20
35.06
35.18
34.93
35.00
35.43
35.80
36.00
36.32
36.68
36.18
36.40
36.27
36.13
36.22
36.23
36.11
36.08
36.07
36.07
36.37
36.19
36.10
35.56
35.80
36.02
35.86
35.83
35.65
34.99
35.16
34.69
34.66
34.86
34.96
35.22
35.06
35.01
34.90
35.17
35.51
34.96
34.62
34.84
35.10
34.98
35.26
34.11
35.36
35.35
35.60
35.12
35.73
35.95
36.22
35.82
36.05
36.15
35.89
35.39
35.72
35.61
35.63
35.38
35.49
35.93
35.93
35.86
35.76
35.66
35.54
35.18
35.22
34.41
34.48
34.46
34.91
35.08
34.61
35.04
34.84
34.20
33.28
33.99
33.55
34.93
34.42
34.06
33.70
34.33
34.63
34.77
35.08
34.72
34.40
34.67
35.14
34.98
35.09
34.90
34.46
34.31
34.40
34.32
35.06
35.53
35.92
35.11
34.76
35.29
35.62
35.50
35.45
35.56
35.38
35.74
35.90
36.21
36.49
36.63
35.74
35.40
35.36
35.59
35.86
35.95
35.83
36.13
35.66
35.64
35.27
35.49
35.28
35.37
35.94
36.16
35.88
36.06
35.94
36.38
35.94
35.78
36.32
36.24
35.90
35.80
35.85
35.20
35.37
35.48
35.68
36.43
36.19
36.17
35.82
35.95
36.67
36.46
37.07
37.08
37.09
36.05
36.06
36.23
36.49
36.32
36.27
36.78
36.41
36.84
36.75
36.34
36.17
36.43
36.85
36.29
35.89
36.30
36.38
36.47
35.72
35.74
35.82
35.51
36.44
37.10
37.18
36.96
37.26
36.33
36.92
36.99
36.45
36.67
36.29
35.57
35.75
35.72
35.97
35.62
35.83
36.16
36.49
37.16
37.43
37.50
37.39
37.79
37.61
38.06
38.14
38.09
38.08
38.07
38.38
37.98
37.63
36.99
37.26
36.77
37.73
37.87
37.65
37.52
37.42
37.56
37.04
36.69
36.86
37.03
37.04
36.69
37.68
37.49
37.35
36.62
37.04
36.94
36.79
36.58
36.82
37.04
36.73
36.77
36.36
36.72
37.01
36.93
37.18
37.32
37.69
37.53
37.08
37.20
37.11
37.08
36.53
36.38
36.58
36.47
37.00
37.20
36.68
36.65
37.11
37.05
37.12
37.24
37.86
37.45
37.48
37.04
36.64
36.95
36.42
36.53
36.70
36.77
36.51
36.31
36.48
37.13
37.24
37.32
37.46
37.69
37.66
37.67
37.27
37.65
37.66
38.01
37.77
37.66
37.56
37.80
37.50
37.07
37.45
37.54
37.77
37.65
38.04
37.59
38.31
37.53
36.64
37.06
37.28
37.42
36.93
37.18
37.61
37.34
37.29
37.26
37.91
37.89
37.96
38.40
38.63
38.69
38.69
38.92
37.36
37.80
37.60
37.60
37.19
37.14
36.62
37.34
37.35
37.28
37.44
37.83
38.78
38.86
37.93
37.88
37.83
37.96
38.25
38.13
38.26
38.60
37.31
37.61
36.94
37.09
37.75
37.78
37.90
37.89
38.84
38.95
38.67
38.74
38.54
38.18
38.80
38.57
38.43
38.68
38.70
39.66
39.04
38.08
38.13
38.42
38.25
38.17
37.90
37.82
37.75
37.59
37.94
38.26
38.43
38.53
39.19
39.66
40.08
39.99
40.16
40.13
40.39
40.28
40.45
40.48
40.09
40.34
39.59
40.28
40.17
39.80
39.75
40.01
40.14
40.18
39.86
39.94
40.25
39.41
39.10
39.54
39.02
39.28
39.34
39.58
39.42
39.62
39.41
39.33
39.80
39.82
39.83
40.00
39.86
40.20
40.26
40.02
40.11
40.01
39.76
39.40
39.59
39.53
39.46
38.68
39.16
39.36
39.89
39.61
39.69
39.77
39.69
39.94
40.11
40.20
40.28
40.41
40.39
40.54
40.46
40.62
40.33
41.20
41.07
40.79
40.83
40.40
40.10
40.25
40.24
40.49
40.57
41.05
40.76
41.09
41.04
41.22
41.09
41.11
41.18
41.32
41.63
41.58
41.20
40.83
40.87
40.83
41.08
41.43
41.75
41.78
41.58
41.80
41.83
41.68
41.63
40.43
41.79
42.01
42.14
42.20
42.52
42.47
42.96
42.81
42.64
42.64
42.64
42.74
42.49
42.53
42.43
42.60
42.16
41.92
42.23
42.34
42.28
41.69
41.67
41.20
41.45
41.48
41.65
41.68
42.11
42.62
42.08
42.16
41.79
42.18
42.56
42.75
42.64
42.55
41.69
41.03
41.64
42.08
42.28
41.93
42.42
42.76
42.48
42.50
42.66
42.68
43.15
42.84
43.04
43.38
43.20
42.91
43.13
43.20
43.02
43.31
43.57
43.94
43.81
44.09
44.17
44.40
44.25
44.09
44.56
44.78
44.17
44.14
44.46
43.79
43.77
44.08
44.01
43.76
43.63
43.82
44.10
43.74
44.13
44.10
44.27
44.59
44.55
44.29
43.92
43.58
43.72
43.65
43.59
43.80
43.56
43.42
43.38
43.82
43.89
43.69
43.58
43.11
43.47
43.60
43.55
42.52
42.71
42.69
42.70
42.69
43.02
42.70
43.28
43.50
43.42
43.27
43.96
43.93
43.21
43.44
43.66
44.11
44.18
44.49
44.13
44.19
43.85
43.62
43.83
43.49
43.50
43.83
43.98
43.97
43.74
43.48
43.90
44.15
44.36
43.98
43.94
44.03
44.00
44.07
44.00
44.06
44.17
43.83
44.18
44.58
44.69
44.72
44.95
44.76
44.83
44.78
44.95
45.31
44.92
43.77
44.01
43.76
44.19
43.42
42.83
44.15
43.88
44.14
43.49
43.34
43.58
44.41
44.63
44.67
44.98
45.20
44.94
44.79
44.46
44.46
44.41
44.67
44.39
44.79
45.06
45.12
45.09
45.28
45.64
45.44
45.29
44.93
44.68
44.32
44.49
44.47
44.26
44.86
44.95
45.49
45.14
45.20
45.05
45.44
45.91
45.96
45.82
45.64
45.50
45.68
45.99
45.70
45.75
45.80
45.17
44.97
45.21
45.17
45.13
45.04
44.84
44.76
45.57
45.24
45.88
44.90
45.51
45.38
45.18
45.45
45.20
44.83
44.87
44.99
45.08
45.15
45.57
45.63
45.90
45.68
46.14
46.20
46.78
46.47
46.75
46.24
46.08
46.00
46.35
46.89
46.37
46.50
46.31
46.06
46.40
46.53
46.58
46.43
46.67
46.59
46.57
47.02
47.14
47.08
47.19
47.33
47.09
46.76
47.08
46.59
46.63
45.93
46.24
46.62
46.19
46.46
46.25
46.19
46.36
46.34
46.39
46.73
47.07
46.82
46.80
46.43
47.17
47.15
46.85
46.45
46.57
46.46
45.91
46.10
46.00
46.20
46.52
46.49
46.09
46.44
46.44
46.41
46.54
46.77
46.51
46.71
46.42
47.13
47.11
47.01
46.89
46.19
46.31
46.59
46.62
46.90
46.86
46.29
46.67
47.02
46.52
46.77
46.84
47.06
46.90
47.04
46.92
47.24
47.40
48.29
48.08
47.74
47.79
47.87
48.13
48.43
47.98
47.14
47.29
47.72
48.28
47.87
48.31
47.64
47.46
47.56
47.69
47.47
47.39
47.39
48.13
48.05
47.40
47.95
47.96
48.19
47.96
47.81
47.87
48.09
48.14
48.22
48.32
48.38
48.29
48.27
48.38
48.05
47.99
47.91
48.25
48.42
48.44
48.45
48.59
48.61
48.63
48.72
48.41
48.20
47.86
47.44
47.46
47.54
47.62
47.64
47.71
47.75
47.75
48.07
47.97
47.99
47.76
47.47
47.57
47.90
47.66
47.93
48.16
48.10
48.38
47.98
48.20
47.78
47.98
47.79
47.61
47.83
47.90
47.94
47.38
47.49
47.73
48.13
47.64
48.20
48.21
47.20
47.69
47.97
48.48
48.50
48.49
48.71
48.59
49.02
49.04
48.90
47.75
47.64
48.02
47.83
47.07
47.31
46.87
47.61
47.73
48.22
47.67
47.02
47.79
47.74
47.52
47.83
47.88
47.89
46.80
47.24
46.99
47.21
47.41
47.29
47.73
48.06
48.29
48.19
48.47
48.38
48.67
48.58
48.46
48.52
48.49
48.78
48.64
48.98
49.20
49.19
48.90
49.02
48.25
48.15
48.71
49.08
48.74
48.87
49.18
49.48
49.21
49.46
49.81
49.48
48.92
49.24
48.87
49.22
49.13
49.29
49.51
49.47
49.17
49.37
49.36
49.25
49.51
49.46
49.31
49.32
49.38
49.47
49.42
48.65
49.11
48.84
49.08
48.13
48.31
47.98
48.27
48.96
49.74
49.40
49.18
49.02
48.71
49.34
48.87
49.04
49.08
49.09
48.59
49.06
49.36
49.22
49.19
48.83
48.49
48.76
48.95
48.93
48.91
49.19
49.18
49.13
49.46
49.47
49.56
49.28
49.21
49.42
50.11
49.64
49.82
49.58
49.81
50.17
49.64
49.82
49.84
49.61
49.72
49.90
49.73
49.86
49.45
49.41
49.67
49.21
48.53
49.39
49.17
49.39
49.65
49.49
49.53
49.37
49.90
49.74
49.83
49.67
49.90
49.96
49.40
49.35
49.47
49.89
49.93
49.75
49.74
50.20
49.46
49.72
49.64
49.37
49.64
49.65
49.23
48.96
49.40
49.68
50.05
50.31
48.81
49.22
49.45
49.93
50.59
50.78
50.35
50.44
49.88
50.00
49.89
49.76
49.79
50.27
49.72
49.38
49.93
50.17
50.32
50.18
50.01
49.53
49.90
50.20
50.25
50.27
50.23
50.39
50.37
50.46
49.95
50.29
50.41
50.38
49.95
49.35
49.46
49.12
49.40
49.63
49.58
49.67
49.68
49.64
49.69
50.21
49.91
50.18
50.35
50.43
50.62
50.43
50.29
50.08
50.40
50.77
50.32
50.55
50.68
50.78
50.90
50.68
50.91
50.94
50.92
50.96
51.18
51.39
51.43
51.43
51.06
51.39
51.12
50.81
50.42
50.37
50.30
50.14
50.15
50.71
51.26
51.34
50.91
50.73
50.90
51.24
51.15
51.18
51.28
51.01
51.02
51.13
50.81
51.35
51.54
51.40
51.33
51.33
51.20
51.10
51.12
51.16
50.98
51.18
51.09
51.25
50.98
51.03
50.80
51.32
51.03
50.06
50.76
50.68
50.55
50.70
51.05
51.38
51.31
51.18
51.13
51.00
50.93
51.90
51.41
51.09
51.52
51.59
51.58
51.58
52.15
52.01
52.16
52.33
51.97
51.44
51.58
51.57
51.23
51.68
51.42
51.43
51.56
51.68
51.72
52.10
52.07
51.98
52.12
52.30
52.49
52.22
52.58
52.06
52.11
52.91
53.07
52.78
52.59
52.15
52.44
52.20
51.85
51.51
51.31
52.02
51.91
52.19
52.73
52.17
52.24
52.25
51.80
52.35
52.49
52.46
52.26
52.81
53.01
52.62
52.44
52.61
52.71
52.41
52.40
52.31
52.22
52.24
52.19
51.89
52.08
51.66
51.91
51.69
52.17
52.02
50.78
51.29
51.27
51.16
51.17
50.73
51.59
51.49
51.17
51.29
50.63
50.85
50.68
51.08
51.21
51.65
51.62
51.13
51.36
50.95
51.44
50.75
50.32
50.56
50.75
50.48
50.65
50.77
50.87
51.21
50.90
51.06
51.14
50.69
51.08
51.30
51.62
51.52
51.48
50.82
51.23
51.14
51.60
51.70
51.52
51.15
51.62
51.92
51.94
51.84
51.74
51.74
51.72
51.91
52.44
52.12
52.24
52.28
52.23
52.40
52.29
52.09
52.03
52.47
52.51
53.02
52.48
52.28
52.02
51.93
52.13
51.83
51.54
52.27
52.41
52.86
52.66
52.57
52.82
52.97
52.92
52.76
52.59
52.59
52.75
52.50
52.30
52.40
52.76
52.47
53.21
52.75
53.40
53.31
53.31
52.90
52.93
52.06
51.92
52.64
52.38
52.15
52.33
52.55
52.30
52.70
52.61
52.82
52.41
53.12
53.48
53.49
53.37
53.13
52.86
53.13
53.22
53.29
53.19
52.86
53.27
53.04
53.25
53.91
53.68
53.37
53.88
53.98
53.89
53.63
53.64
53.58
53.54
53.77
53.93
53.95
54.05
54.18
53.94
53.93
54.02
53.91
53.86
53.90
53.74
53.90
53.81
53.88
53.81
53.77
53.71
53.64
53.74
53.74
53.71
53.60
53.68
53.91
54.28
54.34
54.76
54.15
54.15
53.40
53.36
53.96
53.79
53.83
54.24
53.65
53.77
53.72
53.65
53.75
53.66
53.66
53.60
53.72
53.51
53.83
53.62
54.07
53.99
54.18
53.78
54.01
54.15
54.30
54.41
54.21
54.34
53.92
54.12
53.81
53.80
54.40
54.00
54.24
54.20
53.90
54.31
54.28
54.05
54.34
54.49
54.38
54.47
54.50
54.39
54.59
54.71
54.77
54.10
53.93
54.31
53.92
53.82
53.71
53.24
53.88
53.99
53.71
54.35
54.18
54.68
54.23
54.23
53.62
53.90
53.80
53.75
53.47
53.84
53.78
54.26
54.52
54.48
54.02
54.24
54.27
54.04
54.12
54.16
54.59
54.59
54.46
54.32
54.45
54.34
54.40
54.24
53.81
53.36
54.09
53.98
53.72
53.61
53.48
53.74
54.10
53.96
53.88
53.73
53.46
53.54
54.14
54.21
54.18
53.95
53.92
53.74
53.68
53.90
54.05
54.33
54.17
54.21
54.23
54.43
54.10
54.21
54.53
53.53
53.63
53.49
53.69
53.27
53.84
53.76
53.70
54.27
53.99
53.30
53.31
53.63
53.92
54.24
54.40
54.29
53.87
54.44
54.05
54.66
54.37
53.87
53.74
53.96
54.20
54.20
53.93
54.09
54.09
53.96
53.84
54.34
53.98
54.32
54.28
54.59
54.49
54.58
54.43
54.39
54.31
54.00
53.53
54.05
54.25
54.17
54.18
54.38
54.47
54.70
54.85
54.58
54.71
54.24
54.55
54.94
54.88
54.68
54.83
55.03
54.58
54.36
53.71
54.01
54.27
54.39
54.25
54.44
54.40
54.30
53.83
53.85
54.24
54.51
54.57
54.43
54.38
54.66
54.66
54.56
54.59
54.76
54.63
55.16
54.65
54.74
54.16
53.86
54.16
54.11
53.78
53.95
54.30
53.93
53.96
54.11
54.13
54.29
54.03
53.83
53.70
53.94
54.22
53.94
54.06
54.00
54.38
54.16
54.42
54.42
54.69
54.35
54.52
54.91
55.05
54.45
54.74
54.71
54.61
54.70
54.74
55.00
54.87
54.94
54.75
54.97
54.72
55.11
55.41
54.61
54.65
54.70
54.79
54.84
54.56
54.30
54.20
54.32
54.65
55.01
54.85
54.49
54.46
54.76
54.90
54.93
55.28
55.48
55.27
55.38
55.08
54.98
55.05
54.78
54.99
54.88
54.63
54.75
54.63
55.00
55.05
55.37
54.84
54.90
54.70
54.98
54.53
54.68
54.66
54.45
54.41
55.11
55.01
55.06
55.05
55.22
55.21
55.26
54.85
55.06
55.40
55.39
55.04
54.92
55.14
55.10
55.08
55.02
55.02
54.72
54.42
54.56
55.10
54.55
54.97
54.66
54.66
54.41
54.42
54.31
54.21
54.23
54.07
54.73
54.62
54.99
54.94
54.84
55.33
55.67
55.76
55.64
55.50
55.75
55.23
54.37
54.43
54.47
54.70
54.32
54.23
54.39
54.54
54.26
54.12
54.09
54.75
55.00
55.00
55.26
55.07
55.59
55.09
54.80
54.98
54.92
55.31
54.90
55.22
55.53
55.75
55.73
55.64
55.23
54.83
55.01
55.10
55.61
56.00
55.68
55.69
56.32
56.31
56.16
55.58
55.62
55.52
55.12
55.57
55.64
55.65
55.48
55.35
55.64
55.53
55.40
55.22
55.33
55.14
55.19
55.42
55.77
55.77
55.57
55.86
55.65
55.92
55.62
55.37
55.69
55.84
55.94
56.23
56.08
55.81
56.09
55.96
55.81
55.80
55.68
55.91
55.69
55.91
56.17
56.16
56.32
56.56
56.17
56.33
55.86
56.03
56.07
56.29
56.29
55.89
55.86
55.82
55.81
55.75
55.63
55.88
56.10
56.40
55.87
55.62
55.06
54.99
55.40
55.00
55.25
55.23
55.01
55.05
55.16
55.44
55.34
55.52
55.80
55.56
54.99
55.30
55.45
54.61
55.16
55.41
55.44
55.52
55.78
55.36
55.53
55.56
55.79
55.70
55.60
55.58
56.04
56.20
55.89
56.07
56.08
55.89
55.95
55.96
56.19
55.83
55.70
55.69
55.41
55.56
55.40
55.54
55.97
55.95
56.01
56.16
55.81
55.88
56.04
56.22
55.97
56.23
56.10
56.50
56.49
56.50
56.36
56.14
56.46
56.43
56.49
56.76
56.86
56.67
56.75
56.76
56.49
56.44
56.58
56.63
56.29
55.88
55.75
55.85
56.05
56.18
56.03
55.69
55.72
55.91
55.78
55.98
56.55
56.35
56.24
56.17
56.41
56.20
56.40
56.44
56.72
56.66
56.27
56.65
56.64
56.70
56.55
56.87
57.11
57.07
56.80
57.03
56.69
57.03
56.92
56.74
56.68
56.27
56.43
56.30
56.25
56.10
55.96
56.39
56.22
56.20
56.51
56.36
56.55
56.32
56.12
56.16
56.13
56.10
56.32
56.24
56.30
55.98
56.22
56.62
56.20
56.30
56.16
56.26
56.28
55.87
56.68
56.93
57.11
57.36
56.88
56.68
56.61
56.54
56.53
56.24
56.66
56.69
56.49
56.49
56.43
56.42
56.13
56.55
56.89
56.42
56.63
56.95
56.77
56.86
57.04
56.87
56.64
56.92
57.24
57.48
57.40
57.36
57.16
57.49
57.03
57.32
56.92
56.79
56.85
56.88
56.52
56.51
56.74
57.00
56.88
57.64
57.24
57.22
57.62
57.39
57.37
57.15
57.63
57.06
57.00
57.05
56.46
57.01
57.03
57.14
56.67
56.85
56.90
56.65
56.98
57.26
57.10
57.10
57.32
57.16
56.88
56.74
56.60
56.98
56.66
56.79
57.09
57.48
57.36
57.91
57.65
57.26
57.14
57.13
57.28
57.26
57.19
57.17
57.56
57.69
57.77
57.91
57.77
57.87
57.91
57.59
57.68
57.50
57.83
57.42
57.39
57.27
57.14
57.03
57.24
57.47
57.63
57.72
58.01
57.72
57.34
57.60
57.41
57.60
57.78
57.70
57.75
57.69
57.56
57.61
57.17
57.56
57.60
57.12
57.32
57.67
57.51
57.82
57.90
57.26
56.82
56.97
57.38
57.06
57.60
57.51
57.07
57.12
56.99
56.79
56.82
56.78
56.62
56.91
56.49
57.00
57.17
57.06
57.35
57.00
57.26
57.04
57.37
57.07
57.08
56.33
56.43
56.28
56.51
57.00
56.73
57.22
57.19
57.58
57.35
57.68
57.72
58.17
57.74
58.40
58.41
58.17
58.14
57.94
58.24
57.99
58.14
57.82
58.19
58.13
58.29
58.57
58.55
58.61
58.38
58.16
58.00
58.00
57.80
57.76
57.43
57.77
57.70
57.98
57.83
58.42
58.30
58.66
58.67
58.50
57.89
58.23
58.02
57.86
57.83
57.95
58.19
58.03
58.38
57.68
57.60
57.57
57.72
57.79
58.09
57.72
57.70
57.90
58.09
57.82
58.11
58.07
58.05
57.81
57.69
58.01
58.13
58.06
58.09
58.14
58.33
58.18
58.41
58.53
58.36
58.38
58.31
58.29
57.93
58.49
58.11
58.58
58.79
58.95
59.04
58.59
58.63
58.59
58.32
58.90
58.73
58.82
58.81
58.92
58.44
58.41
58.64
58.85
59.00
58.97
58.37
58.79
58.50
58.98
58.73
58.37
58.52
58.36
58.57
58.45
58.29
58.74
58.63
58.28
58.50
58.81
59.00
59.09
59.20
58.94
58.88
58.76
59.14
59.06
58.76
59.20
59.07
58.89
59.39
58.51
58.71
58.50
58.75
58.12
58.25
58.12
58.16
57.92
58.11
57.77
57.83
58.16
58.54
58.01
58.18
58.39
58.70
58.45
58.19
58.32
58.19
58.37
58.42
58.51
58.13
58.44
58.66
58.55
58.48
58.70
58.56
58.39
58.94
58.85
58.79
58.68
58.90
58.89
58.38
59.04
58.88
58.73
58.82
58.83
59.05
58.78
58.71
58.71
59.00
59.30
58.77
58.59
58.28
58.01
57.63
57.96
58.47
58.41
58.22
57.99
57.94
58.68
58.57
58.67
58.64
58.76
58.59
58.76
58.81
59.04
58.93
58.28
58.29
58.26
57.72
57.87
57.64
57.88
58.40
58.39
58.25
57.60
58.28
58.23
58.46
58.30
58.23
58.56
58.79
58.71
58.70
58.58
58.76
58.84
59.14
58.91
59.11
58.70
58.80
58.48
58.78
59.02
58.98
58.82
59.06
59.13
59.37
59.07
59.12
59.49
59.53
59.34
59.43
59.35
59.16
58.96
58.98
59.23
59.13
58.82
58.65
59.24
59.05
59.40
59.10
59.37
59.38
59.52
59.52
59.65
59.48
58.61
58.85
58.38
58.51
58.76
58.33
58.45
58.48
58.55
58.98
58.72
59.22
58.92
58.59
58.82
58.52
58.59
58.64
58.59
58.68
59.06
58.81
58.89
59.08
59.02
59.21
59.36
59.57
59.55
58.72
58.91
58.95
58.98
58.99
58.79
59.48
59.07
58.88
58.92
58.80
59.06
59.20
59.18
59.22
59.28
59.09
58.96
59.29
59.42
58.71
58.51
58.68
58.22
58.33
58.59
58.65
58.34
58.21
58.79
59.06
59.12
59.25
59.50
59.16
59.55
59.19
59.31
59.15
58.99
58.96
58.97
59.25
59.46
59.56
59.65
59.69
59.99
60.68
60.47
60.69
60.48
60.34
60.53
60.41
60.43
60.61
60.95
60.81
60.70
60.32
60.47
60.52
60.70
60.58
60.71
60.73
60.48
60.12
59.74
59.83
59.90
59.96
59.92
59.75
59.77
59.46
59.35
59.46
59.59
59.57
59.75
59.91
59.76
60.15
60.29
59.84
59.87
60.23
60.18
60.11
60.24
60.57
60.19
60.28
59.95
59.71
59.05
59.57
60.33
60.15
60.04
60.44
60.06
59.75
60.08
59.76
59.75
59.37
59.79
59.82
60.09
59.85
59.68
59.42
60.02
60.00
59.85
59.82
59.70
59.94
59.70
59.82
59.59
59.38
59.65
59.70
59.64
59.63
59.86
59.54
59.48
59.76
59.18
59.54
59.16
59.29
59.59
59.40
59.69
58.93
59.39
59.42
59.34
59.42
59.47
59.54
59.84
59.92
59.44
59.67
59.85
59.59
60.10
60.10
59.82
59.34
59.96
59.93
59.53
59.48
59.56
59.76
59.57
59.89
60.14
60.00
59.91
60.07
59.91
60.39
60.33
60.47
60.25
60.03
60.10
60.03
60.02
60.12
59.82
59.74
59.49
59.40
59.54
59.70
59.58
59.50
59.42
59.78
59.97
60.05
60.23
60.23
60.35
60.59
60.54
60.09
59.95
60.23
59.92
60.16
59.86
59.55
59.59
59.99
60.01
59.45
59.58
59.96
60.23
59.85
59.97
59.72
59.61
59.62
59.70
59.87
59.61
59.91
60.11
60.12
59.74
59.81
59.63
59.70
59.64
59.54
59.61
59.80
59.77
59.55
59.61
59.81
60.31
60.07
60.05
60.01
59.86
59.63
59.41
59.27
59.19
59.82
59.64
59.12
59.75
59.72
60.03
59.66
60.04
59.92
60.03
60.09
59.98
60.42
59.97
60.11
60.01
60.13
60.02
60.34
60.39
60.27
60.19
60.54
60.55
60.29
60.28
60.33
60.38
59.81
60.20
60.08
60.49
60.33
60.26
60.24
60.21
60.39
60.31
60.33
60.46
60.69
60.86
61.18
60.65
60.76
60.75
60.72
60.71
60.50
60.27
60.41
60.53
60.53
60.36
60.21
59.90
60.16
60.21
60.47
60.75
60.75
60.38
60.62
60.26
60.78
60.73
60.46
60.18
60.41
60.51
60.29
59.86
59.91
60.41
60.59
60.72
60.77
60.44
60.49
60.83
60.31
60.65
60.55
60.75
60.79
60.43
60.14
60.00
60.30
60.13
60.65
60.71
60.39
60.37
60.10
59.82
60.10
60.40
60.38
60.11
60.30
60.15
60.44
60.55
60.30
60.12
59.79
60.26
59.88
59.73
59.65
60.08
60.18
60.47
61.08
61.08
61.04
60.66
60.59
60.44
60.45
60.39
60.48
60.54
60.26
60.03
60.46
60.34
60.42
60.33
60.28
60.31
60.48
60.20
60.00
59.93
59.71
59.89
60.17
59.67
60.09
60.68
60.30
60.14
60.37
60.77
60.51
60.35
60.37
60.24
60.30
60.21
60.43
60.48
60.66
60.67
60.81
60.28
60.69
60.81
60.74
60.84
60.59
60.72
60.79
60.34
60.50
60.48
60.77
60.83
60.55
60.18
60.17
60.20
60.36
60.55
60.38
60.50
60.30
60.58
60.15
60.53
60.51
60.69
60.58
60.81
60.95
60.92
60.83
60.91
61.09
61.22
61.26
61.43
61.16
60.97
60.75
60.73
60.70
60.77
61.02
60.93
60.89
60.49
60.71
60.80
60.45
60.32
60.78
60.65
60.85
60.33
60.53
60.20
60.47
60.52
60.90
61.02
60.90
60.90
60.96
60.97
61.01
60.66
60.62
60.60
60.36
60.18
60.73
60.91
60.88
60.87
61.20
61.14
61.36
61.47
61.04
61.04
61.15
61.07
60.76
60.80
61.14
60.74
60.70
60.65
60.94
61.11
60.83
60.92
60.53
60.89
60.43
60.91
60.49
60.40
60.46
60.58
60.40
60.37
60.71
60.72
60.77
60.84
60.81
60.70
60.51
60.47
60.49
60.20
60.77
60.46
60.46
60.35
60.67
60.34
60.62
60.50
60.62
60.44
60.34
60.55
60.55
60.85
60.54
60.79
60.58
60.66
60.96
60.76
61.09
61.06
60.76
60.78
60.63
60.96
60.47
60.86
60.64
60.96
60.69
60.33
60.40
60.70
60.78
60.79
60.85
60.81
60.57
60.78
61.04
60.82
60.71
60.57
60.88
61.11
60.54
60.88
60.90
60.52
60.48
60.45
60.61
60.35
60.56
60.27
60.16
60.27
60.13
59.89
60.20
60.21
60.41
60.36
60.32
60.36
60.64
60.28
60.57
60.61
60.59
60.28
59.60
59.89
60.22
60.19
60.53
60.40
60.83
60.98
60.80
61.18
61.31
61.26
60.83
60.87
60.92
60.32
60.70
60.93
61.22
61.14
61.01
61.03
61.01
60.90
61.15
60.80
61.39
61.01
61.18
61.11
61.03
61.22
61.20
61.07
60.70
60.76
60.98
60.75
60.66
60.98
60.75
60.83
60.70
60.77
60.81
60.58
60.14
60.26
60.21
60.38
60.21
60.49
60.39
60.24
60.67
60.67
60.32
60.61
60.46
60.04
60.64
60.81
60.51
60.62
60.47
60.90
60.86
60.88
61.30
61.58
61.33
61.31
61.49
61.36
61.52
61.37
61.14
61.15
61.51
61.56
61.57
61.31
61.45
61.77
61.44
61.20
60.99
61.18
61.09
61.15
61.23
61.42
61.40
61.70
61.63
61.16
61.42
61.33
61.27
61.31
61.17
61.42
61.52
61.13
61.27
61.16
61.06
61.40
61.47
61.46
61.45
61.38
61.36
61.62
61.32
61.54
61.72
61.63
61.91
61.51
61.10
61.22
61.48
61.25
61.63
61.51
61.35
61.09
60.93
61.21
61.20
61.31
61.64
61.72
61.27
61.78
61.92
61.68
61.73
62.00
61.80
61.60
61.38
61.70
61.31
61.56
61.23
61.14
61.72
61.49
61.35
61.59
61.43
61.64
61.48
61.44
61.61
61.40
61.60
61.75
61.66
61.40
61.60
61.72
61.74
61.81
62.13
62.03
61.67
61.94
61.58
61.56
61.35
61.36
61.40
61.48
61.73
61.82
61.72
61.57
61.72
61.66
61.18
61.52
61.69
61.67
61.54
61.29
61.28
61.24
61.29
61.39
61.29
61.52
61.53
61.86
61.58
61.50
61.38
61.65
62.15
61.87
61.69
61.77
61.57
61.84
61.50
61.35
61.47
61.37
61.54
61.73
61.81
61.55
61.64
61.73
61.38
61.17
61.52
61.45
61.82
61.84
61.59
61.58
61.35
61.59
61.39
61.58
61.58
61.59
61.69
61.66
62.07
62.13
61.95
62.17
62.31
62.01
61.97
62.07
61.95
62.37
62.20
62.15
61.85
61.97
61.84
62.12
62.31
62.43
62.38
62.38
62.13
61.78
61.86
61.90
61.96
61.90
61.74
61.81
62.03
61.63
62.02
61.75
61.90
61.86
61.97
61.99
61.82
61.73
61.59
61.74
61.61
61.77
61.47
61.40
61.27
60.88
60.88
60.84
61.03
61.52
61.67
61.76
61.85
61.64
61.63
61.86
61.63
61.80
61.67
61.87
61.79
61.31
61.80
61.47
61.62
61.64
62.15
62.23
61.88
61.85
61.97
61.96
62.06
61.91
62.33
62.19
62.24
62.34
62.35
62.56
62.16
62.04
62.00
62.21
62.24
61.71
61.34
61.86
61.91
62.08
61.50
61.38
61.60
61.74
61.78
61.66
61.62
61.51
61.73
61.98
62.09
62.33
61.87
61.99
61.83
61.97
62.12
62.07
61.80
62.56
62.27
62.38
62.47
62.30
62.06
61.96
61.81
62.14
61.87
61.42
61.78
61.30
61.57
61.55
61.63
61.80
61.80
62.09
61.78
61.84
61.77
61.90
61.70
61.85
61.87
62.35
61.98
62.03
61.84
61.57
62.14
62.17
62.01
62.27
61.95
61.39
61.79
61.83
61.84
62.09
62.28
62.15
62.12
62.66
62.39
62.41
62.40
62.35
62.37
62.71
62.43
62.24
62.00
62.05
62.11
62.15
62.12
62.50
62.19
62.02
61.74
61.65
61.74
61.83
61.96
62.38
62.19
62.01
61.98
61.99
61.76
62.08
61.70
62.20
62.03
61.85
61.91
61.71
62.05
61.58
61.68
61.42
61.67
61.61
61.72
61.89
62.02
62.25
62.24
62.48
62.21
62.13
61.78
61.91
61.41
61.55
61.58
61.85
61.45
61.55
61.54
61.56
61.83
61.89
62.17
61.64
61.76
62.05
61.90
62.20
62.27
62.60
62.18
62.24
62.19
62.19
62.36
62.77
62.56
62.51
62.22
62.15
62.10
61.84
61.51
61.57
62.20
62.26
62.21
61.89
61.73
61.50
60.94
61.24
62.06
61.41
61.91
61.87
61.94
61.89
61.83
62.02
62.06
61.73
61.76
61.74
61.90
61.59
61.28
61.07
60.91
61.51
61.10
61.48
61.58
61.76
61.83
62.03
61.61
61.57
61.49
61.84
62.12
62.00
61.96
62.01
61.89
61.75
61.55
61.80
62.02
61.86
62.07
62.30
61.76
61.56
61.76
61.60
61.70
61.82
61.88
61.71
61.63
61.68
61.91
62.21
62.15
61.83
62.01
62.26
62.54
62.24
62.47
62.58
62.58
62.23
62.48
62.75
62.72
62.12
62.23
62.14
62.59
62.84
62.71
62.65
62.18
61.99
62.46
62.19
62.56
61.88
61.22
61.65
61.89
62.13
61.95
62.25
62.41
62.06
62.02
62.40
62.04
62.40
62.26
62.57
62.38
62.40
62.14
62.69
62.41
62.60
62.13
62.43
62.36
62.60
62.50
62.78
62.92
63.01
62.97
62.76
62.71
62.97
62.83
62.97
62.90
63.05
62.94
62.51
62.47
62.31
62.11
62.07
62.10
61.99
62.13
62.44
62.21
62.48
62.28
62.27
62.63
62.16
62.10
61.91
61.75
62.16
62.28
61.91
62.37
62.36
62.59
62.69
62.54
62.28
62.16
62.05
62.11
61.83
62.20
62.30
62.49
62.07
62.36
62.06
62.19
62.24
62.34
62.44
62.25
62.37
61.87
61.95
61.82
61.99
62.32
62.20
61.93
61.93
61.88
62.12
62.50
62.75
62.73
62.68
62.50
62.50
62.55
62.08
62.43
62.26
61.80
61.87
61.97
62.33
62.57
62.22
62.23
62.04
62.02
62.22
62.73
62.53
62.65
62.96
63.12
62.68
62.55
62.40
62.29
62.10
62.49
62.77
63.01
62.78
62.72
62.38
62.34
62.20
62.25
62.25
62.39
62.32
62.28
62.24
62.40
62.50
62.64
62.64
62.66
62.71
62.16
62.35
62.81
62.28
62.57
62.70
62.57
62.60
62.56
62.03
62.10
62.06
62.36
62.01
62.26
62.38
62.41
62.58
62.62
62.73
62.92
63.05
63.00
63.13
62.25
62.48
62.63
62.80
63.07
62.74
63.01
63.10
62.86
63.01
63.04
63.16
62.86
62.69
62.77
62.86
62.99
63.13
63.54
63.33
63.19
63.12
63.01
63.50
63.34
63.35
63.21
62.93
62.99
62.73
62.89
62.81
62.62
63.09
62.99
62.31
62.34
62.56
62.79
63.06
62.92
63.04
63.03
63.05
63.37
63.05
63.04
62.73
62.74
62.87
63.14
63.08
63.27
63.18
63.67
63.65
63.64
63.60
63.85
63.66
63.73
63.79
63.89
63.85
64.12
63.83
63.50
63.60
63.05
62.99
62.97
63.05
63.26
63.56
63.42
63.45
63.54
63.56
63.64
63.72
63.52
63.66
63.79
63.55
63.41
63.47
63.54
64.11
63.51
63.41
63.68
63.48
63.60
63.54
63.70
63.38
63.68
63.49
62.98
63.05
63.27
63.26
63.63
63.70
63.59
63.40
63.31
63.24
63.46
63.32
63.25
62.94
63.63
63.84
63.74
63.55
63.63
63.33
63.50
63.64
63.49
63.43
63.33
63.41
63.58
63.54
63.27
63.18
63.45
63.36
63.51
63.33
62.90
63.48
63.20
63.11
63.50
63.36
63.16
63.07
62.95
62.67
62.77
63.08
63.17
63.14
63.11
62.57
62.80
63.01
63.19
62.93
63.15
63.26
63.00
62.98
63.40
63.17
62.89
62.94
63.15
63.20
62.93
63.00
63.18
63.29
63.46
63.35
63.58
63.59
63.52
63.83
63.88
63.69
63.45
62.94
63.17
63.17
63.26
63.23
63.27
63.89
63.61
63.68
63.53
63.58
63.65
63.83
63.58
63.47
63.76
63.63
64.28
63.73
63.61
63.77
63.85
63.87
63.63
63.72
63.92
63.92
63.42
63.52
62.98
63.24
63.00
63.26
63.14
63.18
63.10
63.47
63.51
63.54
63.42
63.23
62.84
63.29
63.43
63.25
63.15
63.24
63.33
63.35
63.50
63.75
63.34
63.40
63.44
63.18
63.44
63.42
62.99
63.04
63.37
62.91
63.16
63.26
63.28
63.24
63.51
63.53
63.65
63.57
63.52
63.45
63.20
63.19
63.06
63.16
63.16
63.13
62.92
62.64
63.07
62.99
62.75
63.27
63.32
63.16
63.03
63.01
63.02
63.31
63.26
63.26
63.16
63.42
63.32
63.30
63.53
63.28
63.39
63.28
63.00
63.76
63.58
63.75
63.75
63.90
63.87
63.74
63.58
63.83
63.80
64.08
63.48
63.82
63.40
63.58
63.59
63.67
63.89
63.94
63.50
63.83
63.71
63.69
63.66
63.49
63.60
63.65
63.86
63.89
63.71
63.83
64.06
63.95
64.05
63.87
63.94
63.76
63.31
63.34
63.43
63.51
63.15
62.86
62.92
63.10
63.15
63.06
63.13
63.44
63.34
63.39
63.60
63.54
63.48
63.03
63.00
62.81
62.99
63.09
63.38
63.50
63.37
63.55
63.38
63.31
63.36
63.48
63.28
63.32
62.97
62.70
62.72
62.84
63.08
62.47
62.72
62.67
62.67
62.94
63.12
63.12
62.86
62.92
63.32
63.32
63.44
63.28
63.44
63.39
63.52
63.42
63.17
63.26
63.16
63.34
63.43
63.47
63.67
63.28
63.48
63.40
63.94
63.58
63.30
63.47
63.33
63.13
63.33
63.27
63.01
62.96
63.02
63.00
63.17
63.39
63.05
63.03
63.56
63.63
63.61
63.24
63.59
63.01
63.11
63.50
63.94
64.03
63.96
63.89
63.78
63.93
64.03
63.94
63.96
64.25
64.34
64.12
64.54
64.50
64.45
64.05
63.99
63.60
63.87
64.08
63.98
63.96
63.64
64.01
64.28
63.96
64.16
63.90
63.74
63.64
63.78
63.72
64.02
63.92
63.91
63.58
63.68
63.81
63.95
63.74
63.70
63.64
63.37
63.68
63.76
63.75
63.91
63.61
63.79
63.84
63.85
63.97
63.62
63.63
63.50
63.68
64.05
63.81
63.85
63.91
64.06
64.22
63.92
63.94
64.07
64.10
63.61
63.67
63.84
63.82
63.75
63.41
63.64
63.70
63.83
63.74
63.69
63.74
63.57
63.38
62.99
63.05
63.19
63.52
63.27
63.21
63.27
62.82
63.43
63.21
63.09
63.46
63.56
63.76
63.74
63.88
63.92
63.93
64.05
63.91
64.12
63.56
63.66
63.73
63.59
63.82
63.35
63.84
63.70
63.93
63.80
63.62
63.57
63.50
63.79
63.72
63.74
63.44
63.66
63.69
63.52
63.60
63.48
63.52
63.52
63.56
63.08
63.34
63.67
63.79
63.44
63.66
64.25
64.12
64.24
64.33
64.21
63.95
63.96
63.75
63.47
63.39
63.45
63.39
63.54
63.36
63.21
63.36
63.26
63.38
62.92
62.68
62.60
62.82
62.89
62.84
63.28
63.25
63.11
63.06
62.99
62.57
62.53
62.60
62.56
62.68
62.97
63.04
63.00
62.80
63.28
63.07
62.96
63.04
62.76
62.98
62.90
63.11
63.37
63.60
63.10
62.89
62.88
63.38
63.38
63.09
63.14
63.20
63.04
63.10
63.03
63.24
63.22
63.14
63.46
63.14
62.88
62.99
62.90
62.70
62.66
62.90
62.73
62.55
62.68
63.14
62.97
62.75
62.77
62.92
63.03
62.63
62.79
62.74
62.60
62.64
62.55
62.84
63.16
63.28
62.97
62.88
62.57
62.94
62.99
63.24
63.55
63.43
63.30
63.54
63.63
63.75
63.14
62.91
62.76
62.81
62.54
62.69
63.16
62.91
63.03
63.37
63.44
63.40
63.38
63.42
63.26
63.66
63.74
63.40
63.81
63.88
64.12
63.98
63.51
63.18
63.45
63.14
63.28
63.29
63.10
63.64
63.92
63.85
63.76
63.79
63.38
63.16
63.55
63.81
63.98
63.99
63.76
63.38
63.59
63.65
63.54
63.74
63.69
63.65
63.75
63.85
63.98
64.20
63.77
64.08
64.15
63.83
63.89
64.06
64.07
64.07
64.14
64.12
64.02
64.40
64.82
64.26
64.06
64.17
64.29
64.13
64.31
64.03
64.49
64.39
64.40
64.19
64.00
63.74
63.78
64.13
64.01
64.15
63.99
64.20
64.22
64.15
64.09
63.99
63.63
63.75
63.75
64.17
64.08
63.96
64.35
64.13
63.72
63.77
63.58
63.56
63.22
63.53
63.45
63.41
62.86
63.25
63.38
63.85
63.70
63.57
63.85
64.06
63.97
63.98
63.91
63.83
63.88
63.73
64.12
63.95
63.82
64.03
64.39
64.49
64.24
64.41
63.93
63.94
64.20
64.15
64.13
64.09
64.05
63.99
64.09
64.41
64.20
63.88
64.36
64.23
63.99
63.84
63.79
63.73
64.00
64.09
63.83
64.00
64.00
64.13
63.76
63.78
64.07
64.17
63.85
64.03
63.79
63.92
63.69
63.76
63.90
63.80
63.81
63.52
63.98
63.81
63.97
63.92
64.03
64.08
64.19
64.46
64.53
64.56
64.19
64.35
64.37
64.45
64.36
64.37
64.29
64.60
64.23
64.27
64.44
64.36
64.09
64.15
63.83
63.97
63.96
64.20
64.19
64.05
63.76
64.16
64.07
64.08
64.21
64.31
64.36
64.20
63.83
63.78
63.70
63.76
63.84
63.64
63.75
63.86
63.81
63.80
63.88
64.09
63.97
63.92
63.92
63.93
64.12
63.97
63.96
63.45
63.44
63.80
63.61
63.54
63.58
63.14
63.21
63.31
63.49
63.42
63.12
63.46
63.14
63.35
63.24
63.34
63.21
63.23
63.25
63.41
63.76
63.51
63.68
63.87
63.24
63.32
63.23
63.18
63.36
63.18
63.31
63.00
63.14
63.46
63.11
62.88
63.52
63.66
63.09
63.34
63.53
63.24
63.41
63.26
63.11
63.79
63.42
63.51
63.87
63.97
63.63
63.49
63.12
63.18
63.31
63.41
63.38
63.23
63.51
63.65
63.41
63.28
63.58
63.27
63.74
63.72
64.01
63.85
63.80
63.88
64.03
64.18
64.02
64.17
64.06
63.62
64.00
63.68
63.67
63.83
63.74
63.74
63.50
63.47
63.52
63.30
63.40
63.46
63.16
63.66
63.61
63.50
63.38
63.50
64.05
64.03
64.33
64.30
64.15
64.34
63.91
63.64
64.08
64.16
64.29
64.05
63.87
63.96
64.01
64.08
64.15
63.55
63.39
63.61
63.78
63.73
63.41
63.74
63.89
64.37
64.02
63.86
64.31
64.43
64.17
64.74
64.63
64.58
64.26
64.30
64.57
64.52
64.56
64.31
64.29
64.59
64.53
64.35
64.38
64.50
64.57
64.34
64.19
64.20
64.33
63.72
64.22
64.28
64.39
64.66
64.76
64.50
64.47
64.47
64.52
64.59
64.39
64.30
64.07
63.96
63.77
64.15
64.11
64.26
64.48
64.58
64.52
64.61
63.95
63.81
63.95
63.93
63.87
64.00
64.15
64.14
64.13
64.24
64.49
64.11
64.26
64.35
64.10
64.52
64.48
64.49
64.27
64.36
64.64
64.52
64.74
64.47
64.42
64.39
64.21
64.26
64.35
64.34
64.01
63.97
63.97
63.98
64.04
64.27
63.91
63.83
63.57
64.26
63.94
63.73
63.77
63.98
64.22
64.42
64.37
64.15
64.26
64.09
64.00
63.73
64.24
64.19
64.26
64.80
64.84
64.75
64.26
64.42
64.50
64.15
64.03
64.29
64.41
64.59
64.69
64.59
64.62
64.65
64.44
64.19
64.51
64.05
64.32
64.03
64.33
64.39
64.36
64.44
64.49
64.40
64.10
64.34
64.56
64.37
64.51
64.41
64.24
64.14
64.23
64.29
64.14
64.35
64.19
64.15
63.81
63.98
63.79
63.80
63.78
63.83
63.93
63.73
63.65
63.87
63.90
64.05
63.87
64.03
63.98
63.92
63.66
63.94
64.04
64.04
63.80
63.62
63.94
64.18
64.09
63.85
63.36
63.42
63.46
63.47
63.83
63.37
63.67
63.85
64.04
63.89
64.39
64.09
64.29
64.66
64.60
64.35
64.48
64.36
63.96
64.50
64.54
64.63
64.81
64.97
64.75
64.59
64.56
64.73
64.80
64.97
64.65
64.82
64.71
64.75
64.37
64.21
64.26
63.99
64.34
63.91
64.05
64.02
64.23
64.09
64.10
64.22
64.09
64.01
64.04
64.19
64.00
64.23
64.34
64.48
64.47
64.20
64.25
64.31
63.97
63.66
63.99
64.13
63.85
64.00
63.98
64.20
64.29
64.31
64.47
64.90
64.81
64.91
64.56
64.65
64.85
64.53
64.54
64.71
64.68
64.83
64.64
64.59
64.38
64.28
64.27
64.18
64.17
64.33
64.13
64.17
64.01
64.11
64.25
64.20
64.25
64.60
64.58
64.79
64.77
64.49
64.56
64.13
64.29
64.64
64.57
64.50
64.43
64.66
64.74
64.81
64.68
64.60
64.42
64.53
64.59
64.42
64.36
64.49
64.87
64.49
64.48
64.12
64.27
64.26
64.46
64.37
64.48
64.31
64.23
64.43
64.33
64.37
64.26
64.07
64.33
64.13
64.39
64.59
64.83
64.93
65.15
64.88
65.18
65.08
65.18
65.05
65.20
64.98
65.34
65.11
64.87
65.06
64.72
64.95
64.90
65.29
65.38
65.36
65.06
64.82
65.06
65.16
65.02
65.01
64.86
65.01
64.79
65.05
65.15
64.89
64.87
64.67
64.82
65.14
65.15
65.43
65.30
65.38
65.01
65.12
65.51
65.88
65.68
65.81
65.53
65.37
65.57
65.84
65.20
65.45
65.22
65.03
65.07
64.88
64.56
64.49
64.99
64.76
64.76
64.67
64.55
64.74
64.75
64.45
64.44
64.40
64.46
64.33
64.26
64.35
64.55
64.78
64.64
64.68
64.78
64.84
64.87
64.60
64.61
64.64
64.55
64.47
64.46
64.51
64.54
64.66
64.50
64.62
64.30
64.65
64.53
64.42
64.44
64.22
64.41
64.19
64.32
64.14
64.40
64.54
64.71
64.70
64.65
64.82
64.70
64.64
65.01
64.93
65.17
64.92
65.10
64.90
65.08
65.11
64.90
64.98
64.77
64.96
64.55
64.36
64.63
64.43
64.59
64.47
