0.52
0.52
0.52
0.52
0.52
0.52
0.52
0.52
0.52
0.74
0.52
0.52
0.52
0.52
0.52
0.52
0.52
0.52
0.52
0.52
0.52
0.52
0.52
0.52
0.52
0.52
0.55
0.54
0.55
0.69
0.69
0.78
0.79
0.79
0.74
0.72
0.74
0.72
0.74
0.74
0.72
0.74
0.72
0.74
0.74
0.74
0.72
0.72
0.74
0.72
0.72
0.72
0.72
0.72
0.72
0.74
0.74
0.72
0.74
0.74
0.74
0.72
0.72
0.72
0.72
0.74
0.76
0.79
0.86
0.90
0.90
0.90
0.95
0.98
1.00
1.02
1.02
1.04
1.04
1.05
1.07
1.05
1.04
1.05
1.07
1.05
1.05
1.07
1.05
1.05
1.07
1.07
1.07
1.05
1.10
1.21
1.33
1.43
1.47
1.47
1.47
1.48
1.47
1.48
1.48
1.47
1.47
1.45
1.45
1.48
1.45
1.47
1.47
1.47
1.47
1.47
1.47
1.47
1.45
1.45
1.47
1.47
1.50
1.50
1.50
1.50
1.55
1.55
1.57
1.62
1.64
1.62
1.59
1.59
1.59
1.62
1.62
1.62
1.61
1.57
1.57
1.59
1.59
1.61
1.59
1.57
1.57
1.55
1.55
1.55
1.55
1.59
1.61
1.61
1.62
1.64
1.69
1.74
1.73
1.73
1.71
1.69
1.66
1.64
1.64
1.61
1.57
1.57
1.54
1.52
1.50
1.50
1.52
1.52
1.54
1.55
1.55
1.57
1.57
1.55
1.59
1.61
1.64
1.74
1.76
1.78
1.81
1.86
1.90
2.07
2.11
2.16
2.14
2.12
2.11
2.09
2.07
2.05
2.05
2.04
2.05
2.05
2.05
2.05
2.05
2.04
2.02
2.02
2.05
2.04
2.04
2.05
2.07
2.11
2.09
2.11
2.11
2.12
2.14
2.14
2.17
2.24
2.24
2.23
2.23
2.23
2.23
2.19
2.21
2.23
2.19
2.21
2.16
2.17
2.19
2.19
2.21
2.17
2.17
2.19
2.19
2.19
2.19
2.17
2.17
2.19
2.21
2.24
2.28
2.30
2.36
2.36
2.47
2.50
2.50
2.50
2.57
2.61
2.54
2.52
2.47
2.47
2.49
2.54
2.55
2.59
2.61
2.59
2.62
2.59
2.59
2.59
2.61
2.62
2.62
2.62
2.61
2.62
2.68
2.83
2.95
2.99
2.95
2.83
2.85
2.76
2.74
2.73
2.76
2.74
2.78
2.80
2.81
2.83
2.83
2.90
2.97
2.97
2.97
3.05
3.05
3.04
3.05
3.05
3.04
3.00
2.99
3.00
2.95
2.90
2.88
2.87
2.95
2.92
2.99
2.95
2.92
2.93
2.93
2.95
2.97
2.99
2.99
3.00
3.00
3.00
2.99
3.04
3.05
3.02
3.00
3.04
3.04
3.04
3.04
3.04
3.00
3.04
3.09
3.21
3.19
3.24
3.28
3.28
3.23
3.23
3.23
3.24
3.24
3.26
3.26
3.28
3.31
3.28
3.28
3.30
3.30
3.31
3.30
3.28
3.28
3.31
3.31
3.33
3.33
3.35
3.37
3.40
3.49
3.57
3.62
3.57
3.57
3.47
3.45
3.45
3.47
3.49
3.49
3.50
3.50
3.59
3.61
3.62
3.71
3.69
3.71
3.75
3.75
3.75
3.76
3.78
3.75
3.75
3.69
3.71
3.85
3.90
4.12
4.19
4.25
4.25
4.25
4.28
4.26
4.28
4.28
4.26
4.25
4.25
4.26
4.30
4.31
4.30
4.28
4.30
4.30
4.30
4.31
4.30
4.30
4.31
4.37
4.38
4.42
4.40
4.38
4.52
4.47
4.42
4.30
4.30
4.31
4.42
4.49
4.50
4.54
4.59
4.61
4.68
4.64
4.63
4.57
4.56
4.49
4.47
4.47
4.45
4.45
4.45
4.45
4.50
4.52
4.52
4.61
4.61
4.64
4.73
4.90
4.95
5.06
5.13
5.04
4.95
4.85
4.76
4.76
4.69
4.66
4.66
4.64
4.66
4.76
4.78
4.90
4.88
4.95
5.01
5.04
5.06
5.06
5.13
5.14
5.21
5.21
5.20
5.21
5.20
5.18
5.25
5.23
5.32
5.33
5.32
5.30
5.35
5.35
5.37
5.44
5.49
5.47
5.51
5.57
5.63
5.63
5.61
5.68
5.66
5.66
5.66
5.68
5.70
5.68
5.66
5.70
5.73
5.78
5.83
5.82
5.85
5.85
5.89
5.90
5.85
5.83
5.80
5.83
5.83
5.83
5.82
5.76
5.76
5.73
5.75
5.73
5.73
5.73
5.73
5.73
5.73
5.73
5.73
5.71
5.71
5.66
5.66
5.70
5.66
5.73
5.87
5.89
5.95
5.99
5.94
5.99
5.99
5.97
6.01
5.97
5.97
5.99
5.99
5.99
5.97
5.95
5.97
5.99
5.99
5.92
5.95
5.95
5.95
5.94
5.94
5.94
5.95
6.01
6.02
6.18
6.28
6.28
6.30
6.33
6.27
6.30
6.20
6.14
6.09
6.01
5.99
6.04
6.02
6.02
6.04
6.06
6.04
6.18
6.21
6.28
6.33
6.30
6.30
6.33
6.37
6.42
6.45
6.45
6.47
6.52
6.54
6.59
6.70
6.73
6.80
6.78
6.80
6.82
6.75
6.71
6.73
6.71
6.68
6.66
6.64
6.63
6.66
6.66
6.66
6.66
6.68
6.71
6.77
6.82
6.89
6.96
6.99
7.04
7.21
7.37
7.35
7.39
7.40
7.37
7.35
7.32
7.28
7.25
7.21
7.23
7.28
7.27
7.28
7.32
7.32
7.35
7.37
7.37
7.37
7.35
7.39
7.44
7.44
7.49
7.47
7.47
7.49
7.51
7.53
7.58
7.61
7.56
7.47
7.46
7.42
7.42
7.44
7.46
7.44
7.47
7.53
7.53
7.54
7.59
7.66
7.68
7.68
7.71
7.75
7.73
7.71
7.71
7.73
7.71
7.75
7.77
7.78
7.73
7.77
7.80
7.77
7.82
7.82
7.77
7.80
7.85
7.82
7.84
7.89
7.89
7.89
7.87
7.87
7.87
7.84
7.87
7.85
7.85
7.85
7.87
7.89
7.89
7.90
7.96
7.99
8.01
8.06
8.01
8.01
8.04
8.08
8.15
8.13
8.13
8.20
8.22
8.25
8.28
8.23
8.25
8.28
8.30
8.25
8.25
8.27
8.22
8.22
8.23
8.22
8.20
8.22
8.25
8.23
8.20
8.13
8.16
8.15
8.11
8.15
8.20
8.32
8.34
8.32
8.35
8.37
8.35
8.27
8.16
8.13
8.08
8.06
8.08
8.04
8.06
8.08
8.09
8.11
8.16
8.16
8.20
8.22
8.28
8.35
8.37
8.39
8.46
8.47
8.49
8.56
8.58
8.58
8.65
8.72
8.73
8.66
8.73
8.72
8.61
8.60
8.53
8.47
8.39
8.41
8.41
8.42
8.42
8.39
8.41
8.42
8.44
8.49
8.54
8.54
8.56
8.58
8.54
8.58
8.72
8.82
8.91
8.80
8.77
8.70
8.63
8.70
8.73
8.77
8.77
8.77
8.80
8.82
8.85
8.84
8.87
8.89
8.89
8.89
8.87
8.89
8.91
8.89
8.91
8.92
8.99
8.99
8.97
8.97
9.01
8.99
8.97
9.04
9.03
8.99
9.01
9.13
9.15
9.10
9.15
9.13
9.13
9.18
9.22
9.27
9.30
9.30
9.35
9.32
9.29
9.32
9.34
9.34
9.30
9.29
9.27
9.29
9.34
9.34
9.30
9.35
9.29
9.30
9.32
9.37
9.34
9.37
9.30
9.13
9.11
9.11
9.11
9.22
9.30
9.30
9.32
9.34
9.29
9.25
9.29
9.29
9.34
9.39
9.39
9.35
9.35
9.30
9.29
9.35
9.37
9.39
9.37
9.41
9.49
9.51
9.58
9.60
9.54
9.48
9.39
9.39
9.42
9.48
9.51
9.51
9.54
9.60
9.61
9.61
9.61
9.65
9.68
9.72
9.70
9.73
9.79
9.77
9.77
9.75
9.77
9.79
9.86
9.77
9.75
9.67
9.61
9.51
9.49
9.44
9.41
9.42
9.46
9.41
9.46
9.48
9.53
9.56
9.54
9.58
9.61
9.63
9.67
9.63
9.58
9.56
9.67
9.70
9.77
9.82
9.82
9.84
9.87
9.80
9.75
9.84
9.77
9.82
9.84
9.84
9.87
9.91
9.96
9.94
9.94
10.01
10.04
10.03
10.01
10.03
9.96
9.99
9.99
10.03
10.03
10.01
10.01
10.01
10.04
10.03
10.03
10.18
10.18
10.32
10.36
10.44
10.34
10.30
10.29
10.15
10.15
10.15
10.15
10.17
10.20
10.18
10.18
10.22
10.23
10.29
10.34
10.32
10.34
10.32
10.30
10.32
10.34
10.32
10.36
10.36
10.39
10.49
10.56
10.53
10.48
10.51
10.48
10.44
10.42
10.39
10.44
10.51
10.51
10.60
10.60
10.61
10.67
10.63
10.65
10.70
10.70
10.74
10.77
10.77
10.77
10.79
10.82
10.77
10.79
10.79
10.75
10.79
10.87
10.99
11.01
11.05
11.11
11.10
11.17
11.11
11.15
11.18
11.20
11.20
11.24
11.20
11.24
11.22
11.22
11.24
11.24
11.18
11.13
11.17
11.24
11.24
11.25
11.25
11.27
11.29
11.30
11.34
11.30
11.29
11.34
11.36
11.44
11.41
11.46
11.46
11.46
11.48
11.44
11.44
11.37
11.37
11.37
11.34
11.32
11.30
11.29
11.30
11.34
11.30
11.37
11.37
11.49
11.56
11.62
11.63
11.62
11.58
11.53
11.53
11.51
11.51
11.56
11.56
11.49
11.37
11.44
11.41
11.43
11.46
11.48
11.53
11.60
11.65
11.67
11.72
11.79
11.82
11.87
11.86
11.87
11.94
11.94
11.96
11.93
11.87
11.91
11.89
11.82
11.82
11.87
11.87
11.89
11.94
11.89
11.93
11.94
11.93
11.89
11.84
11.79
11.81
11.84
11.86
11.91
11.87
11.87
11.91
11.89
11.84
11.89
11.82
11.87
11.86
11.84
11.91
11.91
11.96
12.06
12.15
12.19
12.25
12.34
12.31
12.32
12.39
12.36
12.24
12.17
12.06
12.00
11.98
11.96
11.91
11.87
11.84
11.84
11.86
11.89
11.91
11.94
11.96
12.00
12.03
12.03
12.03
12.10
12.17
12.20
12.25
12.29
12.24
12.25
12.22
12.22
12.22
12.10
12.13
12.10
12.00
11.96
11.89
11.87
11.84
11.79
11.75
11.77
11.74
11.75
11.79
11.81
11.86
11.84
11.81
11.81
11.86
11.84
11.98
11.96
11.93
11.89
11.84
11.87
11.87
11.96
12.01
12.05
12.13
12.25
12.27
12.31
12.37
12.44
12.43
12.44
12.50
12.50
12.50
12.50
12.48
12.50
12.44
12.48
12.46
12.44
12.31
12.27
12.25
12.19
12.24
12.25
12.20
12.22
12.32
12.37
12.32
12.36
12.37
12.43
12.46
12.51
12.58
12.75
12.77
12.81
12.77
12.75
12.75
12.74
12.75
12.79
12.81
12.79
12.86
12.79
12.88
12.81
12.77
12.74
12.72
12.70
12.79
12.88
12.89
12.93
12.89
12.91
12.91
12.86
12.79
12.70
12.72
12.72
12.75
12.79
12.79
12.82
12.84
12.82
12.91
12.91
12.91
12.86
12.86
12.82
12.74
12.67
12.70
12.60
12.58
12.43
12.44
12.44
12.55
12.58
12.69
12.69
12.82
12.96
12.98
12.96
13.00
13.03
13.00
13.03
13.07
13.01
13.07
13.01
13.03
13.05
13.03
12.98
12.94
12.96
13.01
13.27
13.32
13.34
13.22
13.13
13.03
12.91
12.89
12.88
12.88
13.01
13.03
13.03
13.12
13.15
13.15
13.13
13.12
13.17
13.19
13.19
13.20
13.22
13.20
13.26
13.32
13.39
13.38
13.32
13.32
13.50
13.57
13.57
13.53
13.41
13.38
13.36
13.36
13.38
13.32
13.41
13.41
13.48
13.50
13.55
13.58
13.65
13.70
13.76
13.70
13.65
13.63
13.63
13.63
13.65
13.63
13.69
13.67
13.69
13.63
13.70
13.69
13.77
13.82
13.84
13.84
13.86
13.82
13.84
13.89
13.91
13.91
13.89
13.91
13.86
13.77
13.76
13.77
13.70
13.70
13.72
13.65
13.70
13.70
13.76
13.79
13.79
13.84
13.96
14.00
14.01
14.00
14.05
14.14
14.20
14.24
14.24
14.26
14.19
14.19
14.20
14.26
14.22
14.14
14.14
14.17
14.15
14.15
14.12
14.15
14.24
14.26
14.31
14.38
14.36
14.29
14.29
14.31
14.33
14.22
14.24
14.31
14.43
14.53
14.62
14.57
14.58
14.65
14.65
14.70
14.64
14.64
14.65
14.69
14.69
14.72
14.74
14.79
14.76
14.72
14.70
14.76
14.79
14.79
14.69
14.70
14.65
14.74
14.81
14.86
15.05
15.00
15.00
14.98
14.91
15.00
15.05
15.12
15.12
15.24
15.29
15.27
15.24
15.26
15.19
15.15
15.19
15.12
15.31
15.24
15.27
15.27
15.24
15.15
15.19
15.12
15.19
15.19
15.33
15.53
15.45
15.45
15.36
15.38
15.36
15.46
15.46
15.48
15.53
15.46
15.48
15.52
15.53
15.52
15.50
15.48
15.50
15.48
15.50
15.55
15.57
15.59
15.62
15.64
15.60
15.55
15.52
15.52
15.72
15.83
15.77
15.86
15.96
16.05
16.05
16.02
15.98
15.98
15.96
15.98
16.00
15.98
16.00
15.93
15.84
15.81
15.79
15.83
15.69
15.62
15.60
15.64
15.65
15.76
15.83
15.86
15.76
15.64
15.64
15.64
15.67
15.84
16.02
16.09
16.14
16.09
16.09
16.14
16.15
16.07
16.05
16.02
16.07
16.05
16.12
16.14
16.21
16.24
16.14
15.95
15.79
15.83
15.90
16.12
16.22
16.24
16.10
16.07
16.09
16.00
15.95
16.05
16.31
16.36
16.36
16.41
16.36
16.40
16.36
16.40
16.34
16.34
16.36
16.38
16.38
16.43
16.38
16.43
16.48
16.47
16.55
16.60
16.57
16.55
16.59
16.50
16.38
16.50
16.48
16.43
16.43
16.60
16.76
16.78
16.83
16.79
16.81
16.76
16.66
16.64
16.71
16.69
16.83
16.83
16.90
16.85
16.93
16.91
17.02
16.91
16.83
16.90
16.95
16.97
17.00
17.09
17.10
17.07
17.12
17.02
16.97
16.83
16.79
16.74
16.72
16.85
16.97
16.95
17.00
16.97
17.05
17.07
17.02
17.02
17.05
16.98
16.98
16.98
16.97
16.79
16.85
16.83
16.81
16.72
16.81
16.76
16.72
16.78
16.97
17.17
17.05
16.79
16.52
16.52
16.71
17.12
17.43
17.54
17.62
17.57
17.57
17.57
17.59
17.54
17.45
17.47
17.48
17.55
17.57
17.57
17.57
17.54
17.64
17.64
17.57
17.52
17.52
17.48
17.54
17.62
17.60
17.55
17.67
17.76
17.83
17.79
17.73
17.74
17.73
17.71
17.74
17.74
17.81
17.86
17.78
17.79
17.78
17.78
17.78
17.79
17.90
17.86
17.78
17.76
17.81
17.92
18.19
18.02
18.09
18.17
18.17
18.21
18.10
18.12
17.98
17.98
17.88
17.71
17.76
17.74
17.69
17.62
17.71
17.78
17.79
17.83
17.86
17.88
17.88
17.83
17.81
17.88
17.86
17.92
17.92
18.14
18.17
18.12
18.14
18.21
18.12
17.97
17.81
17.85
17.97
18.02
18.09
18.12
18.12
18.14
18.21
18.19
18.17
18.21
18.23
18.23
18.16
18.12
18.17
18.26
18.31
18.26
18.26
18.33
18.36
18.43
18.43
18.42
18.48
18.54
18.61
18.64
18.64
18.69
18.80
18.85
18.92
18.95
18.95
18.90
18.83
18.67
18.62
18.62
18.57
18.54
18.54
18.61
18.48
18.48
18.67
18.83
18.80
18.81
18.88
18.93
18.83
18.83
18.83
18.95
18.92
18.92
18.80
18.85
18.74
18.66
18.64
18.71
18.64
18.71
18.69
18.73
18.80
18.81
18.86
18.83
18.92
18.85
18.88
18.88
18.81
18.86
18.90
18.83
18.92
18.99
19.12
19.11
18.99
19.18
19.11
19.16
19.09
19.09
19.12
19.24
19.16
19.21
19.16
19.24
19.21
19.14
19.05
19.11
19.04
19.02
19.19
19.12
19.19
19.18
19.21
19.19
19.11
19.02
19.04
19.05
19.04
19.18
19.24
19.18
19.11
18.93
18.85
18.86
18.80
18.88
19.05
19.05
19.07
19.02
19.05
19.05
19.21
19.28
19.35
19.35
19.28
19.21
19.28
19.31
19.42
19.40
19.19
19.14
19.07
18.95
18.95
18.90
19.04
19.00
18.86
18.90
18.97
18.95
18.97
18.93
18.92
18.78
18.90
18.88
18.76
18.81
18.86
18.85
18.85
18.90
18.93
18.97
18.93
18.92
18.93
18.88
18.69
18.67
18.78
18.81
18.83
18.86
18.95
19.07
19.19
19.14
19.30
19.31
19.23
19.26
19.35
19.42
19.49
19.45
19.45
19.49
19.59
19.66
19.62
19.64
19.66
19.69
19.69
19.81
19.80
19.85
19.85
19.85
19.78
19.74
19.69
19.69
19.55
19.66
19.64
19.66
20.07
20.06
20.07
20.14
20.04
19.93
19.93
20.04
20.00
19.99
19.90
19.85
19.87
19.85
19.81
19.80
19.83
19.69
19.71
19.76
19.76
19.80
19.69
19.81
19.78
19.76
19.83
20.09
20.12
20.04
19.90
19.92
19.99
20.07
19.99
19.93
20.09
19.99
19.95
20.11
20.02
19.95
19.99
20.16
20.23
20.33
20.37
20.33
20.31
20.21
20.18
20.12
20.04
20.07
20.14
20.52
20.78
20.71
20.57
20.50
20.49
20.42
20.45
20.40
20.42
20.35
20.38
20.38
20.40
20.38
20.40
20.43
20.47
20.42
20.42
20.42
20.43
20.40
20.47
20.47
20.50
20.49
20.57
20.68
20.66
20.59
20.52
20.37
20.09
20.12
20.25
20.45
20.57
20.45
20.40
20.30
20.26
20.37
20.43
20.45
20.42
20.35
20.28
20.25
20.18
20.14
20.16
20.26
20.26
20.16
20.25
20.37
20.23
20.38
20.61
20.43
20.40
20.43
20.47
20.49
20.52
20.54
20.49
20.38
20.40
20.42
20.30
20.33
20.47
20.49
20.45
20.49
20.30
20.23
20.25
20.26
20.33
20.43
20.40
20.50
20.57
20.56
20.62
20.49
20.62
20.92
21.09
21.07
21.04
20.83
20.73
20.71
20.88
20.73
20.68
20.75
20.75
20.68
20.81
20.80
20.80
20.83
20.90
21.00
21.00
20.95
20.90
20.99
21.06
21.11
21.14
21.13
21.40
21.66
21.66
21.61
21.68
21.82
21.97
21.99
21.85
21.71
21.64
21.57
21.32
21.30
21.35
21.40
21.47
21.44
21.37
21.45
21.47
21.52
21.52
21.54
21.64
21.69
21.73
21.71
21.69
21.75
21.85
21.94
21.94
21.92
21.94
22.01
21.99
21.99
21.76
21.45
21.42
21.45
21.69
21.90
22.14
22.18
22.11
22.06
21.95
21.99
21.95
21.95
21.95
22.04
22.06
22.09
22.02
22.06
22.06
22.13
22.13
22.11
22.01
21.97
22.06
22.13
21.92
21.78
21.68
21.59
21.64
21.75
21.82
21.88
21.97
22.04
22.21
22.23
22.37
22.37
22.28
22.30
22.32
22.30
22.25
22.28
22.20
22.20
22.20
22.20
22.14
22.25
22.35
22.37
22.51
22.45
22.26
22.09
21.87
21.88
22.16
22.32
22.28
22.30
22.37
22.30
22.28
22.35
22.23
22.11
22.04
22.09
22.07
21.92
21.82
21.80
21.83
21.71
21.75
21.83
21.80
22.02
22.18
22.37
22.47
22.59
22.54
22.42
22.33
22.04
21.92
22.13
22.28
22.25
22.30
22.33
22.49
22.47
22.40
22.47
22.35
22.32
22.21
21.97
21.83
21.75
21.45
21.26
21.14
21.14
21.42
22.02
22.26
22.33
22.47
22.70
22.75
22.70
22.39
21.97
21.78
21.69
21.76
22.06
22.26
22.33
22.20
22.11
21.90
21.97
22.01
22.13
22.21
22.49
22.64
22.73
22.83
22.85
22.87
22.85
22.78
22.94
23.11
23.27
23.06
23.06
22.97
23.06
22.68
22.37
22.32
22.21
22.06
21.80
21.80
21.97
22.25
22.11
22.09
22.09
22.13
22.18
22.20
22.28
22.21
22.11
22.09
22.07
22.18
22.32
22.52
22.87
22.92
22.99
23.11
23.23
23.35
23.30
23.25
23.28
23.18
23.21
23.14
23.16
23.27
23.23
23.25
23.30
23.30
23.28
23.28
23.23
23.30
23.30
23.28
23.35
23.28
23.32
23.30
23.37
23.37
23.32
23.25
23.27
23.20
23.11
23.09
23.06
22.95
22.90
22.80
22.80
22.85
22.80
22.95
22.92
23.04
22.95
22.83
22.87
22.82
22.97
23.06
22.99
23.04
23.01
23.06
23.02
22.99
23.01
23.01
22.97
23.09
23.11
23.37
23.46
23.52
23.59
23.37
23.18
23.18
23.35
23.44
23.46
23.51
23.51
23.59
23.51
23.56
23.49
23.54
23.52
23.56
23.42
23.37
23.25
23.20
23.21
23.23
23.37
23.33
23.39
23.16
23.11
23.27
23.32
23.32
23.16
23.08
23.13
23.16
23.30
23.30
23.27
23.35
23.33
23.32
23.39
23.44
23.46
23.32
23.32
23.25
23.47
23.30
23.28
23.14
23.28
23.39
23.30
23.39
23.40
23.49
23.59
23.80
23.80
23.97
24.06
24.02
24.04
24.04
24.11
24.18
24.32
24.32
24.28
24.25
24.28
24.23
24.18
24.23
24.27
24.30
24.21
24.23
24.27
24.23
24.23
24.23
24.32
24.30
24.37
24.30
24.28
24.23
24.35
24.46
24.54
24.56
24.49
24.44
24.54
24.47
24.47
24.47
24.46
24.47
24.49
24.47
24.56
24.58
24.66
24.53
24.56
24.54
24.63
24.65
24.68
24.80
24.75
24.66
24.68
24.78
24.66
24.77
24.72
24.63
24.77
24.73
24.84
24.94
25.03
25.08
25.11
25.20
25.13
25.16
25.18
25.11
25.09
25.16
25.28
25.35
25.42
25.46
25.41
25.53
25.41
25.34
25.32
25.32
25.42
25.39
25.41
25.42
25.58
25.47
25.30
25.15
25.11
25.16
25.32
25.37
25.42
25.46
25.51
25.49
25.54
25.61
25.56
25.58
25.53
25.41
25.46
25.51
25.53
25.51
25.58
25.63
25.54
25.61
25.65
25.51
25.53
25.72
25.99
26.08
26.22
26.11
25.99
25.80
25.68
25.56
25.54
25.58
25.54
25.60
25.65
25.73
25.73
25.85
25.92
25.92
26.04
26.08
26.11
26.08
26.11
26.20
26.18
26.22
25.98
25.85
25.80
25.79
25.94
25.85
26.11
26.04
26.11
26.22
26.34
26.27
26.27
26.23
26.25
26.34
26.29
26.34
26.35
26.41
26.41
26.48
26.49
26.49
26.46
26.46
26.48
26.49
26.44
26.63
26.72
26.79
26.77
26.80
26.80
26.77
26.72
26.68
26.72
26.48
26.04
25.92
25.79
25.66
25.65
25.60
25.66
25.89
25.92
26.03
26.08
26.13
26.20
26.20
26.29
26.37
26.49
26.42
26.01
25.46
25.20
24.99
25.03
25.22
25.23
25.37
25.49
25.58
25.73
25.92
25.99
25.98
26.08
26.03
26.30
26.32
26.44
26.53
26.73
26.72
26.73
26.65
26.58
26.53
26.44
26.34
26.25
26.30
26.34
26.35
26.41
26.60
26.70
26.77
26.75
26.98
27.06
27.01
26.63
26.34
26.11
26.06
26.13
26.27
26.37
26.54
26.58
26.80
26.92
26.96
27.06
27.13
27.18
27.20
27.27
27.25
27.13
27.22
27.22
27.27
27.29
27.25
27.41
27.46
27.63
27.56
27.65
27.63
27.61
27.60
27.60
27.60
27.61
27.60
27.67
27.68
27.75
27.67
27.61
27.67
27.67
27.67
27.67
27.77
27.84
27.93
27.98
28.01
28.08
28.15
28.06
27.98
27.91
27.77
27.82
27.84
27.77
27.93
27.89
27.96
28.01
28.06
28.05
28.03
28.12
28.20
28.25
28.34
28.32
28.44
28.43
28.48
28.58
28.62
28.56
28.62
28.65
28.56
28.55
28.63
28.79
28.55
28.37
28.36
28.46
28.58
28.48
28.27
28.29
28.34
28.32
28.29
28.18
28.15
28.17
28.25
28.31
28.34
28.29
28.41
28.55
28.46
28.46
28.53
28.48
28.53
28.60
28.67
28.77
28.74
28.84
28.68
28.56
28.49
28.41
28.24
28.13
28.05
28.01
28.18
28.37
28.41
28.49
28.60
28.89
28.87
28.75
28.34
28.20
27.99
27.65
27.48
27.30
27.37
27.56
27.93
28.13
28.49
28.68
28.94
29.01
29.00
28.98
28.91
28.96
28.91
28.75
28.51
28.77
29.22
29.29
29.27
29.32
29.34
29.36
29.38
29.39
29.36
29.41
29.46
29.38
29.31
29.19
29.06
28.81
28.79
28.77
28.68
28.74
28.77
28.84
28.81
28.75
28.86
28.91
29.12
29.05
28.91
28.94
28.93
29.00
29.19
29.22
29.27
29.31
29.32
29.44
29.43
29.38
29.36
29.36
29.34
29.36
29.32
29.24
29.31
29.27
29.43
29.34
29.41
29.27
29.24
29.46
29.51
29.62
29.55
29.51
29.44
29.53
29.60
29.70
29.65
29.60
29.62
29.70
29.60
29.69
29.58
29.53
29.55
29.67
29.69
29.67
29.70
29.72
29.75
29.81
29.86
29.91
29.96
29.88
29.89
29.79
29.79
29.69
29.94
30.36
30.22
30.15
30.20
30.19
30.20
30.10
30.05
29.74
29.55
29.82
30.00
29.98
30.03
30.15
30.17
30.27
30.27
30.26
30.26
30.17
30.20
30.20
30.20
30.08
29.94
29.62
29.70
29.70
29.81
29.98
30.12
30.17
30.43
30.36
30.43
30.45
30.13
29.96
29.74
29.63
29.86
29.77
29.46
28.82
28.75
28.93
29.05
29.31
29.43
29.50
29.43
28.91
29.43
29.72
29.93
30.01
30.05
29.86
29.74
29.55
29.53
29.51
29.67
29.70
29.58
29.44
28.82
28.79
28.81
28.98
28.89
28.87
28.91
28.68
28.68
29.06
29.19
29.36
29.38
29.55
29.70
29.62
29.58
29.55
29.69
29.74
29.89
30.00
29.94
30.05
30.20
30.20
30.31
30.32
30.36
30.45
30.43
30.50
30.51
30.57
30.58
30.60
30.65
30.65
30.62
30.46
30.38
30.22
30.10
30.05
29.98
29.98
30.22
30.29
30.15
30.15
30.50
30.76
30.74
30.74
30.60
30.34
30.50
30.65
30.55
30.43
30.41
30.51
30.50
30.36
30.31
30.45
30.32
30.20
30.24
30.50
30.41
30.34
30.39
30.38
30.55
30.39
30.48
30.38
30.31
30.36
30.55
30.29
29.91
29.50
29.74
29.91
30.07
30.34
30.51
30.57
30.57
30.55
30.65
30.69
30.69
30.60
30.74
30.74
30.77
30.70
30.62
30.79
30.86
30.82
30.91
30.98
30.84
30.77
30.46
30.29
30.38
30.60
30.64
30.82
30.57
30.69
30.69
30.64
30.69
30.53
30.65
30.53
30.43
30.48
30.70
30.84
30.70
30.77
30.79
30.91
30.96
30.96
31.05
31.01
30.84
30.88
30.60
30.65
30.51
30.34
30.26
30.22
30.20
29.96
29.79
29.74
29.75
29.79
29.70
30.03
30.13
29.98
29.82
29.86
29.93
30.03
30.00
29.82
29.89
30.20
30.08
30.15
30.03
29.84
29.75
29.74
29.58
29.32
29.15
28.79
29.10
29.44
29.65
30.12
30.19
30.26
30.32
30.38
30.27
30.13
29.81
29.60
29.77
29.74
29.69
30.00
30.55
30.67
30.84
30.86
30.76
30.76
30.36
30.13
29.93
29.77
30.01
30.31
30.62
30.62
30.57
30.60
30.81
30.88
31.03
31.15
31.20
31.24
31.29
31.33
31.27
31.31
31.43
31.52
31.36
31.31
31.26
31.22
31.55
31.74
31.74
31.79
31.84
31.88
31.83
31.88
32.03
32.02
31.93
31.77
31.98
31.77
31.79
31.67
31.58
31.64
31.86
31.72
31.86
31.91
31.93
32.03
32.00
32.07
31.98
31.96
32.07
32.05
32.14
32.02
31.90
31.86
31.91
31.81
31.93
32.07
32.07
32.15
32.15
31.96
32.02
32.07
32.10
32.07
31.84
31.58
31.46
31.27
31.14
31.34
31.46
31.57
31.53
31.62
31.84
31.84
31.98
31.95
32.00
31.74
31.64
31.34
31.58
31.67
31.96
31.98
32.07
32.24
32.24
32.02
31.72
31.65
31.95
32.29
32.27
32.24
31.95
31.91
31.77
31.69
31.81
31.74
31.74
31.93
31.98
32.12
32.17
32.26
32.33
32.31
32.40
32.53
32.53
32.41
32.40
32.50
32.26
32.26
32.31
32.19
32.05
31.93
31.84
31.46
31.27
31.26
31.41
31.53
31.88
31.95
32.07
32.33
32.14
31.65
31.38
31.77
32.26
32.40
32.55
32.67
32.76
32.76
32.83
32.81
32.83
32.88
32.86
32.74
32.67
32.64
32.33
32.07
32.17
32.40
32.24
31.84
31.76
31.77
31.64
31.53
31.93
32.29
32.48
32.65
32.57
32.65
32.76
32.55
32.55
32.50
32.55
32.67
32.64
32.67
32.79
33.26
33.41
33.34
33.41
33.22
32.74
32.15
31.77
31.58
31.60
31.81
31.79
32.00
32.08
31.98
31.98
32.10
32.19
32.17
31.77
31.77
31.76
31.84
31.57
31.64
31.60
31.67
31.53
31.46
31.62
31.98
32.12
32.27
32.22
32.21
32.17
32.31
32.43
32.48
32.38
32.34
32.36
32.41
32.34
32.36
32.55
32.67
32.76
32.40
32.27
32.69
32.84
32.74
32.83
32.83
32.69
32.60
32.72
32.78
32.79
32.90
33.17
33.41
33.22
33.15
32.74
32.74
32.46
32.40
32.26
31.79
31.67
31.76
31.57
31.15
31.00
30.98
31.00
31.07
31.14
30.89
30.84
30.39
30.96
31.69
31.93
31.65
31.45
31.24
31.27
31.58
32.03
32.50
32.46
32.65
32.45
32.17
32.10
32.07
31.76
31.76
31.57
31.69
31.90
31.74
31.64
31.43
31.31
31.07
30.96
31.07
31.31
31.76
31.77
31.88
31.96
32.10
32.07
31.41
31.00
31.10
31.39
31.74
31.74
31.57
31.57
31.83
31.91
32.03
32.03
32.05
32.00
31.93
31.83
31.88
31.77
31.74
31.76
31.95
31.95
32.02
32.05
32.03
32.19
32.27
32.22
32.14
31.98
31.91
32.15
32.31
32.71
32.90
32.79
32.72
32.91
32.67
32.67
32.79
32.78
32.59
32.41
32.19
32.19
32.12
32.10
32.52
32.50
32.27
32.08
31.95
32.21
32.26
32.24
32.40
32.29
32.14
32.05
32.31
32.43
32.59
32.86
32.76
32.83
32.86
32.91
32.50
32.45
32.52
32.36
32.26
32.24
32.21
32.15
32.05
31.88
31.81
31.91
32.05
32.12
32.07
31.96
31.88
31.45
31.26
31.52
31.65
31.77
31.88
31.93
31.83
31.74
31.83
31.93
32.07
32.34
32.53
32.55
32.22
31.88
32.15
32.29
32.48
32.57
32.76
32.88
32.98
32.86
32.95
33.00
33.07
33.10
33.10
33.02
33.02
33.05
32.90
32.88
32.98
32.86
33.17
33.36
33.40
33.41
33.36
33.38
33.21
33.10
33.34
33.40
33.47
33.45
33.53
33.17
32.84
33.10
33.21
33.05
33.21
33.21
33.09
33.05
32.90
32.84
33.02
33.03
33.02
33.12
33.19
33.26
33.15
33.14
33.43
33.50
33.53
33.60
33.66
33.79
33.72
33.81
33.79
33.64
33.64
34.04
34.02
34.10
33.83
33.97
34.12
33.93
33.88
33.69
33.71
33.34
33.28
33.33
33.55
33.67
34.02
33.93
34.05
34.33
34.31
34.41
34.35
34.23
34.17
34.16
34.28
34.28
34.10
33.95
33.91
33.86
33.85
33.90
33.71
33.60
33.62
33.55
33.52
33.47
33.43
33.14
33.50
33.67
33.74
33.66
33.64
33.85
33.98
33.91
33.91
33.91
33.43
33.47
33.62
33.72
33.81
33.86
33.98
34.02
34.07
33.93
33.85
33.91
33.91
33.93
33.88
33.83
33.86
34.00
34.36
34.55
34.36
34.26
34.26
34.36
34.45
34.47
34.52
34.54
34.54
34.57
34.47
34.33
34.23
34.19
33.98
33.88
33.72
33.78
33.83
33.83
33.69
33.62
33.50
33.43
33.38
33.45
33.53
33.76
33.88
33.98
34.09
34.31
34.31
34.40
34.38
34.16
33.93
34.10
34.19
34.09
33.90
33.72
33.60
33.79
33.98
34.26
34.17
33.98
33.93
33.85
34.17
34.14
34.26
34.24
34.38
34.24
33.76
33.53
33.52
33.66
33.67
33.60
33.81
33.91
34.02
34.10
34.28
34.48
34.41
34.50
34.31
34.07
33.78
34.23
34.26
34.16
34.07
33.88
33.83
33.62
33.59
33.59
33.88
34.09
34.36
34.60
34.54
34.43
34.29
34.38
34.47
34.52
34.47
34.59
34.52
34.79
34.73
34.60
34.64
34.64
34.48
34.43
34.47
34.47
34.47
34.59
34.73
34.62
34.55
34.26
34.43
34.60
34.57
34.43
34.41
34.48
34.35
34.12
33.69
33.98
34.52
34.35
34.23
34.23
34.33
34.28
34.48
34.54
34.40
34.41
34.64
34.88
34.93
35.02
35.04
34.86
34.60
34.12
34.02
34.09
34.14
34.00
33.91
33.98
34.00
34.10
34.14
33.98
33.81
33.67
33.98
34.43
34.40
34.41
34.36
34.29
34.52
34.71
34.79
34.81
35.00
35.02
35.31
35.19
35.12
34.92
34.64
34.67
34.33
34.07
34.09
34.04
33.91
33.85
33.93
33.90
33.79
33.88
34.05
34.19
34.23
34.40
34.45
34.67
34.73
34.69
34.67
34.59
34.71
34.40
34.31
34.45
34.47
34.50
34.60
34.76
34.81
34.92
34.95
34.74
34.36
34.14
34.23
34.41
34.71
34.88
34.92
34.98
34.93
34.93
34.92
34.81
34.78
34.92
34.81
34.78
34.78
34.60
34.35
34.19
33.90
33.88
33.88
34.07
34.23
34.24
34.29
33.88
33.48
33.45
33.62
33.88
34.09
33.85
33.95
34.26
34.31
34.24
34.38
34.41
34.36
34.04
33.79
32.88
31.96
32.34
33.43
34.12
34.66
34.93
34.71
34.54
34.14
34.19
34.24
34.26
34.29
33.98
33.91
33.85
33.74
33.98
34.31
34.48
34.64
34.48
34.62
34.54
34.35
34.35
34.69
34.76
34.83
34.67
34.73
34.88
35.14
35.28
34.98
34.93
34.74
34.95
35.04
34.90
34.86
34.92
35.02
34.62
34.76
34.55
34.52
34.48
34.26
34.16
34.28
34.19
34.10
33.86
33.78
33.64
33.78
33.74
33.55
33.52
33.81
33.95
33.95
34.10
34.54
35.07
35.05
35.05
35.02
34.74
34.66
34.43
34.33
34.24
33.86
33.83
33.90
33.93
33.76
33.67
33.81
33.95
34.23
34.52
34.83
34.74
34.73
34.52
34.69
34.88
34.74
34.54
34.21
33.71
33.45
33.60
33.62
33.76
33.78
33.76
33.66
33.86
34.04
34.29
34.29
34.50
34.55
34.62
34.78
34.98
35.11
35.07
35.23
35.19
34.74
35.16
35.40
35.55
35.61
35.62
35.86
35.36
34.92
34.90
34.90
34.76
34.97
34.79
34.60
34.81
34.45
34.43
34.62
34.67
34.59
34.60
34.67
34.90
34.95
34.97
34.97
34.85
34.88
35.11
35.14
35.21
35.30
35.42
35.47
35.43
35.45
35.59
35.52
35.35
35.43
35.67
35.86
35.80
35.99
35.92
35.85
35.85
35.78
35.95
36.02
35.99
35.90
35.97
35.93
36.16
36.16
36.18
36.30
36.49
36.57
36.16
36.04
36.12
36.19
36.47
36.24
36.14
36.12
35.90
35.95
35.88
35.85
35.76
35.54
34.85
34.69
35.05
35.40
35.66
35.61
35.71
35.76
35.88
35.78
35.62
35.50
35.62
35.50
35.62
35.61
35.64
35.64
35.69
35.85
35.88
35.97
35.69
35.76
35.81
35.99
35.93
36.07
36.05
36.16
36.05
36.19
36.24
36.28
36.38
36.37
36.57
36.45
36.43
36.59
36.56
36.45
36.30
36.14
36.12
36.26
36.38
36.38
36.37
36.24
36.11
36.45
36.56
36.68
36.74
36.85
36.73
36.97
37.11
37.06
37.12
37.02
36.99
37.04
37.18
37.12
37.18
37.12
37.12
37.12
37.21
37.16
37.18
37.28
37.52
37.50
37.52
37.54
37.52
37.64
37.69
37.88
37.94
37.75
37.57
37.42
37.26
37.31
37.12
37.25
37.12
37.06
36.69
36.69
36.69
36.88
36.88
37.00
37.19
37.26
37.31
37.37
37.37
37.45
37.56
37.59
37.63
37.68
37.75
37.69
37.71
37.42
37.35
37.25
37.31
37.28
37.37
37.69
37.99
37.87
37.66
37.50
37.47
37.33
37.07
37.12
37.14
37.07
37.30
37.26
37.16
37.06
36.95
37.00
37.18
37.40
37.54
37.61
37.59
37.59
37.45
37.45
37.68
37.85
37.69
37.68
37.68
37.73
37.81
37.78
37.57
37.49
37.63
37.63
37.66
37.57
37.52
37.40
37.26
37.23
37.18
37.21
37.40
37.23
36.92
37.07
37.06
37.14
37.23
37.37
37.57
37.40
37.07
37.04
37.23
37.28
37.26
36.87
36.56
36.45
36.11
36.35
36.33
36.42
36.61
36.78
36.76
37.07
37.04
37.14
37.16
37.25
37.25
37.30
37.45
37.52
37.45
37.57
37.63
37.64
37.56
37.50
37.49
37.37
37.14
37.18
37.19
37.33
37.68
37.69
37.75
37.95
37.54
37.31
36.92
36.90
36.95
37.21
37.23
37.30
37.56
37.50
37.64
37.75
37.76
37.76
37.81
37.87
37.73
37.50
37.56
37.56
37.66
37.59
37.94
38.04
37.94
37.78
37.75
37.80
37.69
37.68
37.94
38.06
38.14
38.23
38.25
38.32
38.45
38.56
38.56
38.37
38.14
38.11
38.25
38.33
38.45
38.56
38.75
38.78
38.64
38.40
38.13
38.07
37.54
37.12
37.25
37.76
38.11
38.45
38.33
37.76
37.18
36.97
36.90
36.71
36.87
37.23
37.19
37.23
37.26
37.06
36.74
36.56
36.37
36.59
36.85
36.97
37.11
37.26
37.75
38.00
37.81
37.30
36.69
37.38
37.30
36.93
37.06
36.97
36.97
37.30
37.23
37.16
37.11
37.21
37.33
37.52
37.44
37.50
37.78
37.52
37.56
37.40
37.44
37.49
37.40
37.26
37.28
37.61
37.95
38.11
37.97
37.76
37.83
37.61
37.30
37.26
37.45
37.54
37.45
37.38
37.02
36.62
36.56
36.88
37.19
37.21
37.16
37.31
37.28
37.35
37.38
37.49
37.66
37.40
37.33
37.47
37.26
37.21
37.33
37.35
37.42
37.21
36.97
36.92
37.02
37.09
37.07
36.54
36.24
36.31
36.95
37.16
37.23
37.18
37.04
37.26
37.02
36.90
36.74
36.83
36.76
36.73
36.73
36.90
36.80
36.54
36.45
36.69
37.04
37.52
37.59
37.47
37.38
37.45
37.52
37.52
37.68
37.42
37.47
37.42
37.45
37.50
37.45
37.12
37.23
37.23
37.38
37.80
38.18
37.97
37.94
38.18
38.09
38.06
37.85
37.73
37.71
37.56
37.85
37.73
37.76
37.71
37.21
36.61
36.87
37.02
37.21
37.94
38.00
38.18
38.07
37.92
37.92
37.90
37.78
37.88
37.97
37.94
37.42
37.33
37.73
38.00
38.16
37.92
38.11
38.09
37.30
36.87
36.93
37.44
37.56
37.49
37.49
37.45
37.40
37.25
37.40
37.52
37.66
37.92
38.07
38.13
38.02
37.90
37.59
37.50
37.63
37.49
37.09
37.75
38.19
38.04
38.06
38.09
38.14
38.09
38.04
38.18
38.30
38.35
38.57
38.82
38.73
38.54
38.07
37.81
37.63
37.68
37.78
38.00
37.90
37.95
37.71
37.61
37.59
37.47
37.64
37.49
37.87
38.02
38.09
38.33
38.35
38.23
38.47
38.66
38.80
38.80
39.02
39.21
39.40
39.59
39.52
39.33
39.37
39.09
38.70
38.82
39.09
39.25
39.42
39.32
39.39
39.40
39.25
39.09
39.23
39.26
39.32
39.35
39.40
39.49
39.71
39.70
39.70
39.70
39.77
39.68
39.83
39.33
38.66
38.44
38.16
37.69
37.80
37.85
37.61
37.59
37.73
37.56
37.23
37.63
37.37
37.95
38.28
38.19
38.56
38.57
38.33
38.47
38.57
38.59
38.85
39.04
39.01
39.07
39.25
39.21
39.44
39.49
38.68
38.42
38.28
38.52
38.42
38.28
38.66
38.59
38.47
38.52
38.78
38.97
39.01
39.07
39.02
38.61
38.75
39.01
39.07
39.13
38.75
38.66
39.01
39.26
39.61
39.33
39.45
39.42
39.44
39.01
38.92
38.76
38.89
39.07
38.97
39.25
39.35
39.06
38.52
38.26
38.35
38.28
38.13
37.71
37.69
38.00
38.18
38.23
37.92
37.45
37.87
38.00
37.83
38.00
37.83
38.04
38.40
38.66
38.76
38.47
38.59
38.57
38.54
38.38
38.64
38.47
38.49
38.75
39.02
38.56
38.35
38.33
38.40
38.68
38.83
39.11
39.07
38.90
38.82
38.54
38.94
38.95
38.97
39.13
39.14
39.18
39.40
39.28
38.99
38.44
38.16
38.33
38.54
38.80
39.04
39.28
39.37
39.42
39.18
38.99
39.06
39.28
39.04
39.14
39.13
39.01
39.25
39.33
39.13
39.14
38.94
38.90
38.82
38.66
38.73
38.80
38.99
39.14
39.28
39.45
39.64
39.80
39.94
39.51
39.33
39.13
38.82
38.38
38.45
38.54
38.70
38.56
38.56
38.54
38.64
38.82
38.87
38.82
38.87
38.99
39.16
39.37
39.56
39.80
39.73
39.66
39.51
39.47
39.51
39.78
40.11
39.89
40.13
39.58
39.30
39.49
39.66
39.97
39.80
39.51
39.63
39.59
39.49
39.26
39.04
38.78
39.20
39.28
39.58
39.58
39.47
39.37
39.13
39.51
39.56
39.35
39.51
39.68
39.82
39.90
40.18
40.01
39.51
39.30
39.20
39.06
39.28
39.32
38.82
38.75
39.09
39.61
39.68
39.96
39.90
39.66
39.87
40.06
39.87
39.90
40.13
40.06
39.94
40.11
40.25
39.94
39.70
39.73
39.63
39.85
40.06
39.82
39.78
39.89
40.04
40.32
40.32
40.23
39.97
39.68
39.85
40.06
40.18
40.52
40.80
40.66
40.61
40.59
40.73
40.56
39.99
39.56
39.75
40.09
40.20
40.01
40.06
39.99
40.14
40.27
40.33
40.46
40.51
40.63
40.52
40.47
40.42
40.37
40.39
40.28
40.32
40.44
40.42
40.35
40.44
40.37
40.37
40.27
40.18
39.96
39.96
39.99
40.06
40.30
40.14
40.20
40.11
40.02
40.01
40.46
40.51
40.54
40.39
40.20
39.75
39.82
39.52
39.58
39.42
39.97
40.44
40.68
40.71
40.51
40.39
40.33
40.58
40.80
40.73
40.96
40.71
40.87
40.61
40.70
40.42
40.58
40.49
40.32
40.35
40.51
41.03
41.23
41.49
40.84
40.49
40.80
41.37
41.56
41.37
41.23
40.96
40.99
40.94
40.82
40.84
40.85
40.70
40.61
40.37
40.42
40.58
40.97
41.28
41.40
41.25
41.28
41.39
41.46
41.37
41.18
41.01
41.01
41.25
41.25
40.77
40.73
40.78
40.63
40.40
40.56
40.61
40.73
40.80
40.77
40.90
40.97
40.80
40.63
40.82
41.01
40.89
40.92
40.77
40.66
40.65
40.59
40.89
41.09
41.20
41.54
41.70
41.58
41.16
40.59
41.03
41.13
41.28
41.66
41.35
41.32
41.22
41.23
41.35
41.35
41.13
41.25
41.27
41.20
41.16
41.15
41.20
41.34
41.58
41.61
41.59
41.65
41.65
41.78
41.78
41.70
41.54
41.44
41.06
40.80
40.70
40.02
40.23
40.33
40.44
40.35
39.71
39.78
40.25
40.68
40.73
40.84
40.52
40.08
39.85
39.80
39.73
39.58
39.73
39.96
40.09
40.30
40.32
40.33
40.63
40.56
40.59
40.68
40.85
40.63
40.61
40.84
41.27
41.53
41.58
41.35
41.35
41.22
41.15
41.34
41.34
41.11
41.01
41.09
41.01
40.97
40.97
40.77
40.49
39.78
39.52
39.77
40.06
40.09
40.08
40.14
40.23
40.04
40.59
40.68
40.78
41.15
41.22
41.42
41.46
41.28
41.28
41.18
41.09
40.96
41.18
41.22
41.46
41.47
41.30
41.63
41.72
41.68
41.53
41.25
41.03
41.16
41.46
41.72
41.72
41.08
40.94
41.08
40.78
40.59
40.80
41.03
41.35
41.59
41.77
41.87
41.63
41.75
41.89
41.82
42.04
41.85
41.94
41.73
41.53
41.18
41.28
41.53
41.96
42.27
42.39
42.46
42.51
42.54
42.58
42.44
42.68
42.63
42.37
42.13
42.01
41.84
41.68
41.85
41.91
42.10
42.34
42.15
42.06
42.01
41.68
41.51
41.87
42.16
42.16
42.04
42.04
41.99
41.97
42.18
42.20
41.99
41.91
41.70
41.87
42.01
41.87
42.08
41.89
42.01
41.65
41.78
41.84
41.96
41.51
41.09
41.04
41.03
40.92
40.75
40.75
41.08
40.92
41.06
40.89
40.58
40.35
40.40
40.92
41.28
41.44
41.47
41.39
41.35
41.32
41.66
41.89
41.75
41.44
41.39
41.46
41.25
41.20
41.06
41.23
41.39
41.34
41.20
41.27
41.42
41.68
41.78
41.78
41.78
41.78
41.65
41.61
41.51
41.51
41.68
41.65
41.91
42.01
42.03
41.97
42.15
42.11
42.29
42.20
42.11
42.08
42.37
42.29
42.13
41.78
41.68
41.80
41.77
41.97
42.04
42.06
42.11
42.11
42.13
42.08
42.16
42.35
42.34
42.47
42.60
42.65
42.63
42.56
42.72
42.70
42.60
42.25
42.27
42.22
42.34
42.51
42.68
42.49
42.42
42.66
42.72
42.89
43.30
42.92
42.65
42.37
42.61
42.58
42.61
42.98
43.08
43.29
43.30
43.13
43.20
43.34
43.39
43.13
42.99
43.30
43.29
43.30
43.01
42.94
42.79
42.89
42.42
42.37
42.66
42.85
43.06
42.98
43.10
43.20
43.41
43.37
43.41
43.49
43.41
43.44
43.49
43.30
43.36
43.23
43.23
43.27
43.23
43.23
43.32
43.39
43.73
43.80
43.84
43.91
43.87
43.80
43.53
43.25
42.96
43.11
42.91
42.82
42.60
42.79
42.65
42.15
41.56
41.70
41.78
41.61
41.94
42.35
42.51
42.63
42.60
42.77
42.44
42.15
42.13
42.29
42.08
41.94
42.06
42.15
42.44
42.18
42.37
42.25
42.34
42.53
42.60
42.66
42.60
42.72
42.72
42.75
42.63
42.53
42.60
42.66
42.68
42.82
42.96
42.94
43.20
43.42
43.41
43.48
43.49
43.72
43.96
43.39
43.18
43.15
43.06
42.89
42.87
42.96
43.10
43.30
43.08
43.41
43.65
43.92
43.82
43.98
44.18
44.08
44.08
44.17
44.18
44.10
43.98
44.06
44.10
44.17
44.24
44.22
44.41
44.27
43.96
43.75
43.55
43.67
43.68
43.41
42.77
43.46
43.56
43.82
43.80
43.75
43.70
43.44
43.68
43.34
43.63
43.55
43.68
43.91
44.11
44.06
44.36
44.58
44.63
44.77
44.79
44.74
44.56
44.58
44.46
44.32
44.37
44.63
44.58
44.11
43.77
43.68
43.77
43.79
43.77
44.03
44.13
44.39
44.60
44.70
44.65
44.27
44.60
44.82
44.87
44.86
44.87
44.80
44.62
44.25
43.99
43.92
43.91
44.32
44.17
44.15
43.79
43.94
43.72
44.05
44.30
44.48
44.67
44.63
44.49
44.48
44.39
44.55
44.58
44.70
44.67
44.56
44.62
44.58
44.56
44.32
44.37
44.48
44.46
44.46
44.51
44.46
44.63
44.63
44.74
44.82
45.03
44.72
44.72
44.94
44.77
44.62
44.58
45.01
45.31
45.25
45.18
45.44
45.58
45.60
45.58
45.55
45.22
45.25
44.98
44.89
44.77
44.87
45.05
45.17
45.25
45.41
45.48
45.74
45.88
45.65
45.65
44.94
44.44
44.53
44.62
44.94
45.31
45.15
45.18
45.31
45.63
45.82
45.81
45.93
45.89
45.63
45.53
45.31
45.31
45.39
45.44
45.46
45.62
45.94
46.00
46.22
46.25
46.29
46.06
46.19
46.06
45.77
45.72
45.41
45.55
46.06
45.98
46.10
46.13
45.93
45.72
45.86
45.89
45.98
46.20
46.29
46.31
46.39
46.44
46.41
46.48
46.48
46.41
46.43
46.53
46.69
46.43
46.43
46.34
46.22
46.12
45.82
45.48
45.69
45.82
45.93
45.88
46.06
46.10
46.19
46.22
46.48
46.53
46.62
46.25
46.20
46.03
46.13
46.27
46.05
45.77
46.29
46.19
46.05
46.24
46.31
46.63
46.65
46.44
46.08
46.01
45.75
45.69
45.67
45.86
45.84
45.74
45.86
46.12
46.22
46.25
46.03
46.06
46.12
46.06
46.10
45.88
45.82
46.05
46.06
46.20
46.31
46.32
46.27
46.43
46.51
46.62
46.58
46.74
46.55
46.24
46.10
45.81
45.44
45.29
45.10
45.67
46.20
46.69
46.67
46.57
46.50
46.57
46.62
46.91
46.82
46.41
46.10
46.08
46.01
46.00
46.05
46.19
46.29
46.36
46.60
46.65
46.79
47.12
47.15
47.10
47.22
47.17
46.95
46.60
46.25
46.13
46.06
45.96
46.31
46.32
46.46
46.93
46.96
47.22
47.13
47.15
47.53
47.58
47.58
47.57
47.67
47.74
47.72
47.84
47.58
47.12
47.27
47.22
47.20
47.13
47.26
46.82
46.76
46.93
47.00
47.00
46.95
46.89
46.82
46.74
46.74
46.39
46.72
47.13
47.32
47.45
47.45
47.45
47.20
47.39
47.58
47.64
47.79
47.74
47.64
47.81
47.74
47.64
47.19
47.39
47.03
46.77
47.07
47.13
47.50
47.81
47.53
47.58
47.57
47.41
47.57
47.50
47.77
47.84
47.77
47.86
47.72
47.95
48.00
48.24
48.29
48.43
48.24
48.15
48.14
48.26
48.48
48.29
48.57
48.57
48.24
48.39
48.39
48.29
48.43
48.24
48.22
48.05
47.60
47.64
47.72
47.86
47.89
48.00
47.86
47.70
47.43
47.50
47.76
47.77
47.69
47.50
47.41
47.50
47.29
47.38
47.12
47.26
47.26
47.26
47.07
47.01
46.86
47.01
47.31
47.10
46.98
47.38
47.43
47.19
46.77
46.70
47.05
47.17
47.43
47.60
47.88
47.84
47.96
48.02
48.07
48.17
48.10
48.15
