0.52
0.52
0.52
0.52
0.52
0.52
0.52
0.52
0.69
0.97
1.02
1.29
1.45
1.50
1.52
1.55
1.69
1.74
1.90
2.05
2.17
2.26
2.42
2.73
3.12
3.56
3.95
4.26
4.40
4.71
4.99
5.32
5.49
5.64
5.94
6.08
6.16
6.30
6.47
6.61
6.58
6.77
6.94
7.02
7.11
7.27
7.30
7.42
7.56
7.59
7.58
7.51
7.54
7.61
7.71
7.92
8.22
8.53
8.61
8.84
8.99
9.01
9.03
9.11
9.29
9.41
9.48
9.46
9.53
9.63
9.72
9.84
10.03
10.10
10.06
10.20
10.37
10.44
10.51
10.67
10.75
10.93
10.96
10.98
11.11
11.17
11.01
11.05
11.01
10.93
10.68
10.74
10.68
10.67
10.67
10.75
10.77
10.74
10.70
10.67
10.82
11.06
11.32
11.44
11.18
11.15
10.99
10.94
11.05
11.18
11.30
11.56
11.56
11.63
11.79
11.87
12.06
12.15
12.41
12.46
12.37
12.36
12.43
12.58
12.94
13.03
13.48
13.74
13.84
13.82
13.77
13.79
13.77
13.77
13.70
13.76
13.65
13.60
13.36
13.20
13.05
13.05
13.10
13.20
13.29
13.31
13.44
13.57
13.62
13.91
14.07
14.22
14.33
14.52
14.55
14.65
14.69
14.69
14.77
14.81
14.95
14.89
14.96
14.89
15.05
15.14
15.26
15.08
15.26
15.12
15.10
15.21
15.17
15.22
15.27
15.34
15.21
15.29
15.05
15.07
15.26
15.21
15.40
15.45
15.69
15.91
15.96
15.93
15.86
15.83
15.83
15.76
15.57
15.57
15.71
15.91
15.84
15.81
15.88
15.95
16.17
16.19
16.15
16.40
16.41
16.52
16.66
16.95
17.03
17.28
17.52
17.60
17.36
17.29
17.16
17.09
17.40
17.41
17.36
17.38
17.38
17.40
17.26
17.19
16.88
16.67
16.85
16.97
16.93
17.17
17.29
17.05
17.24
17.52
17.57
17.62
17.55
17.60
17.62
17.83
17.93
18.19
18.17
18.43
18.69
18.66
18.64
18.66
18.50
18.47
18.55
18.80
18.54
18.40
18.40
18.57
18.62
18.74
18.69
18.76
18.85
19.04
19.09
19.23
19.21
19.16
19.31
19.45
19.49
19.59
19.87
19.87
19.87
20.09
20.14
20.09
19.97
20.02
19.85
19.88
20.09
20.25
20.06
20.04
20.33
20.38
20.14
20.33
20.40
20.59
20.59
20.59
20.73
20.76
20.76
20.87
20.88
21.06
21.06
20.92
20.99
20.90
20.80
20.87
21.07
21.11
21.16
21.07
21.44
21.45
21.49
21.47
21.42
21.33
21.16
21.51
21.54
21.95
22.11
21.99
21.99
21.75
22.09
21.92
22.04
22.25
22.30
22.07
21.80
22.06
22.33
22.39
22.44
22.63
22.58
22.32
22.44
22.30
22.16
22.30
22.71
22.85
22.87
23.23
23.25
23.44
23.42
23.54
23.71
23.61
23.71
23.82
23.63
23.49
23.49
23.39
23.44
23.46
23.46
23.32
23.11
23.02
23.13
23.14
23.18
23.40
23.68
23.84
24.08
24.13
23.96
24.27
24.09
24.30
24.06
23.78
23.71
23.87
23.89
23.78
23.90
23.75
23.73
24.08
24.13
24.13
24.06
24.25
24.34
24.54
24.65
24.94
25.13
25.03
24.66
24.54
24.49
24.58
24.75
24.94
24.58
24.27
24.37
24.44
24.68
24.84
24.99
25.04
24.89
25.22
25.54
25.46
25.44
24.97
24.87
24.99
25.06
25.49
25.54
25.58
25.42
25.35
25.44
25.79
26.13
26.18
25.77
25.68
25.56
25.63
25.77
25.72
25.87
25.91
25.92
26.13
26.10
25.77
25.89
25.70
25.66
26.03
26.20
26.30
26.48
26.70
26.34
25.91
26.41
27.17
26.87
27.08
26.89
26.65
27.08
26.87
26.75
26.92
27.03
26.91
26.79
26.98
26.77
26.84
26.75
26.86
27.24
27.41
27.56
27.58
27.37
27.30
27.25
27.10
27.18
27.13
27.22
27.13
27.27
27.41
27.72
27.67
27.84
27.82
27.67
27.46
27.74
28.27
27.93
27.89
28.01
28.01
28.06
28.13
28.18
28.43
28.48
28.05
28.15
27.98
28.06
28.29
28.41
28.48
28.25
27.91
28.22
28.56
28.44
27.99
27.84
27.96
28.18
28.31
28.41
28.56
28.39
28.13
28.05
27.75
27.34
27.74
28.22
28.43
28.17
27.93
27.99
28.32
28.25
27.86
27.91
28.12
28.81
28.49
28.58
28.67
28.94
28.82
28.75
28.84
28.91
28.81
29.25
29.20
29.29
29.48
29.63
29.82
29.93
29.72
29.69
29.43
29.77
29.58
29.93
29.86
29.36
29.10
29.13
29.17
29.31
28.93
29.17
28.98
29.20
29.36
29.91
29.72
29.46
29.43
29.08
29.08
29.13
29.39
29.60
29.70
29.29
29.01
29.15
29.29
29.60
29.58
29.63
29.82
29.91
30.13
29.93
30.07
30.41
30.10
30.45
30.48
30.51
30.38
30.34
30.43
29.86
29.60
29.60
29.25
29.29
29.65
30.08
30.27
30.20
29.98
29.98
30.46
30.48
30.62
30.36
30.39
30.32
30.57
30.76
30.39
29.77
29.84
30.27
30.57
30.72
30.70
30.51
30.58
30.70
30.76
30.64
30.46
30.60
30.27
30.62
30.53
30.76
30.77
30.95
30.67
29.84
29.24
29.89
30.60
30.95
30.77
30.70
30.57
30.72
30.22
30.67
29.93
29.96
30.22
30.34
30.36
30.17
30.39
29.98
29.43
29.55
29.60
29.69
29.96
30.27
30.46
30.36
30.88
31.24
31.58
31.05
31.29
31.14
31.00
31.08
30.76
30.64
30.58
30.91
30.77
30.91
31.08
31.55
31.69
31.77
31.65
31.71
30.82
30.38
31.43
31.83
31.90
31.84
31.60
31.64
31.58
31.33
30.58
31.26
31.19
30.91
30.22
29.96
30.24
30.65
30.00
29.77
30.41
30.15
29.86
29.57
29.65
30.10
30.34
30.57
30.84
30.62
31.10
31.33
31.71
31.93
31.86
32.03
32.07
31.81
31.43
31.71
31.72
31.52
31.60
31.58
31.14
32.22
31.36
30.46
30.69
30.29
31.14
31.65
31.57
31.65
32.02
31.96
32.02
32.22
32.52
32.08
32.15
33.12
33.15
32.93
32.81
32.65
32.74
33.14
32.88
32.78
32.83
32.64
32.59
32.78
32.86
32.97
32.67
32.98
33.21
33.15
33.31
33.41
33.38
33.28
32.91
33.12
32.91
32.64
32.71
32.95
33.00
33.19
32.07
32.29
31.86
32.50
32.81
33.12
32.78
33.03
33.15
32.91
32.57
32.69
32.65
33.03
32.97
33.02
32.97
32.83
32.83
32.93
33.07
33.19
33.03
33.31
33.36
33.45
33.50
33.45
33.29
33.33
33.90
33.33
33.28
33.67
34.35
33.64
33.66
32.88
32.79
33.02
32.79
33.09
32.76
33.22
32.67
32.81
33.22
33.66
33.59
33.88
33.60
32.93
33.91
33.64
33.53
34.07
33.81
33.28
34.00
34.33
34.64
34.26
33.88
33.83
33.81
33.88
33.90
34.31
34.33
34.23
33.78
33.19
32.97
33.60
33.85
34.24
34.14
34.43
34.54
34.40
34.48
34.47
34.23
34.24
34.35
34.64
34.52
34.48
34.29
34.24
33.93
34.28
34.05
34.04
33.67
33.59
33.55
33.43
33.41
33.76
34.12
34.10
34.28
34.36
34.40
34.64
34.38
34.09
34.47
34.26
34.38
34.73
34.67
34.41
34.57
34.79
35.23
35.17
34.95
34.92
34.62
34.45
34.50
33.91
33.95
33.93
34.52
34.52
34.54
34.76
35.21
34.45
34.50
34.81
34.67
34.95
34.74
34.86
34.92
34.45
34.28
34.76
34.54
34.29
34.29
34.29
34.19
34.41
34.47
34.28
34.36
34.43
34.79
34.69
34.17
34.19
34.66
35.09
34.79
34.43
34.59
33.14
33.90
33.83
33.88
33.53
33.71
34.05
34.43
34.66
34.78
34.90
34.67
34.71
35.11
35.16
34.98
34.95
34.57
34.73
34.41
34.48
34.36
34.14
34.23
34.35
34.31
34.43
35.11
35.61
35.14
34.95
35.31
35.55
35.61
35.54
35.07
35.31
34.76
34.76
35.09
35.31
35.24
35.14
35.33
34.90
35.16
35.21
35.48
35.14
35.35
35.86
35.97
36.23
35.81
36.05
35.92
35.93
35.99
35.62
35.99
36.07
36.11
36.18
35.86
35.81
36.09
36.18
36.16
35.17
35.88
35.11
34.69
35.17
35.19
35.09
35.30
34.98
34.92
34.97
34.97
35.45
35.48
35.76
35.86
36.07
35.85
35.12
34.86
34.90
35.45
35.45
35.64
35.74
35.86
35.64
35.97
36.19
36.24
36.43
35.69
35.71
36.16
36.43
36.21
35.62
35.59
35.73
36.09
35.90
35.90
36.07
36.04
35.93
35.99
35.52
35.61
35.64
35.71
35.78
36.02
35.86
35.83
35.35
35.67
36.02
35.99
35.71
35.78
36.52
36.62
36.74
36.78
36.80
36.73
36.43
36.43
36.47
36.93
36.66
36.93
36.07
35.86
36.07
35.50
35.30
35.45
35.36
35.71
35.59
35.88
36.54
36.68
36.49
36.59
37.09
36.21
35.83
36.52
35.86
34.73
34.64
35.76
35.23
35.57
35.07
35.43
35.57
36.24
35.36
35.35
35.95
35.76
36.02
36.35
36.31
35.74
35.17
35.78
36.12
36.09
35.73
35.80
35.50
35.93
35.76
35.86
36.21
36.28
36.37
36.42
36.52
36.38
36.56
36.97
37.23
37.64
36.66
36.11
35.54
35.80
35.73
35.59
36.14
36.21
36.19
36.28
36.24
36.87
36.80
36.69
36.87
37.14
37.06
37.40
37.47
37.14
36.69
36.37
36.57
36.59
36.69
36.83
36.78
36.99
37.11
36.49
36.50
37.00
37.07
37.26
36.95
36.93
36.83
36.87
36.64
37.09
36.88
36.99
37.04
36.93
37.11
37.28
36.88
37.54
37.57
37.71
37.76
38.02
37.63
37.40
37.09
37.40
37.14
36.76
37.12
36.47
37.90
37.94
38.02
37.87
37.99
38.02
38.11
38.28
37.99
38.26
36.93
37.11
37.12
37.57
37.97
37.87
37.52
36.95
37.31
37.35
37.66
37.42
37.66
37.59
37.64
37.71
37.45
36.93
36.87
37.02
37.49
37.69
37.76
37.61
37.76
37.81
37.28
37.09
37.14
37.59
37.64
37.49
37.30
37.42
37.40
37.68
37.64
37.38
37.54
37.78
37.28
37.23
37.47
37.49
37.45
37.88
37.99
37.63
37.57
37.90
38.09
38.13
37.61
38.07
37.94
37.56
37.63
37.99
38.19
38.56
38.56
38.28
38.00
38.09
38.42
38.73
38.61
38.75
38.40
38.04
37.99
38.40
37.45
37.99
37.88
37.50
37.88
38.06
37.81
37.90
38.38
38.44
38.76
38.61
38.38
38.47
38.78
38.51
38.33
37.64
37.63
37.75
38.18
38.37
38.57
38.19
39.04
38.30
38.51
38.04
39.16
38.94
38.76
38.94
39.37
39.51
39.83
39.58
39.56
39.51
39.40
39.77
39.30
39.78
39.49
39.63
39.64
39.52
39.58
38.85
39.06
39.01
39.01
39.09
38.63
38.40
38.70
38.78
39.01
38.92
38.94
38.73
38.75
38.47
38.64
38.76
38.11
38.00
37.99
38.06
38.11
38.57
39.06
39.56
39.58
39.09
39.06
39.35
38.75
39.18
39.11
38.99
39.35
39.51
39.49
39.44
39.18
39.80
40.47
40.39
40.44
39.96
39.45
39.77
39.92
40.11
40.08
39.96
39.85
39.59
39.59
39.99
39.82
39.80
40.01
39.33
38.75
38.66
39.13
38.87
39.18
39.39
39.23
39.61
39.77
39.63
39.77
39.85
39.87
39.83
39.73
40.02
39.87
40.06
39.75
40.04
40.18
39.97
40.06
40.20
39.99
39.96
40.08
40.27
40.20
39.96
39.71
39.71
39.97
39.92
40.08
40.02
40.14
39.96
39.63
39.75
39.83
40.06
40.28
40.04
40.02
40.02
40.30
40.32
40.02
39.66
39.63
39.96
40.06
40.09
40.25
40.18
39.94
39.32
39.28
39.94
40.18
40.18
40.02
39.80
39.73
39.61
39.63
39.66
39.13
38.54
39.02
39.40
39.44
39.40
39.44
39.40
39.42
39.06
39.39
39.52
39.54
39.56
40.35
40.09
39.73
39.78
40.01
40.21
40.32
39.85
39.71
40.27
40.61
41.11
41.25
41.46
41.51
41.65
41.59
41.15
41.51
41.23
41.22
41.22
41.11
41.22
40.94
40.65
40.46
40.39
40.87
41.16
41.37
41.06
41.18
41.11
41.30
41.13
41.25
41.20
41.63
41.22
41.04
40.96
40.94
40.66
40.44
39.87
39.89
39.92
39.66
39.92
40.68
40.68
40.73
40.32
40.28
40.13
40.52
40.63
40.68
40.78
40.82
40.78
40.58
40.13
40.49
40.82
41.15
41.51
41.35
41.06
40.59
41.42
41.06
40.66
40.44
40.92
40.44
40.97
40.37
40.13
40.06
40.08
40.27
40.44
40.28
40.70
40.73
40.66
41.03
41.15
41.20
41.06
40.87
40.66
40.61
40.87
41.16
41.09
41.15
40.99
41.30
41.42
41.28
41.11
41.15
41.22
40.89
40.89
41.37
41.87
42.25
41.75
41.68
41.47
41.40
41.70
41.82
41.75
41.75
41.30
41.58
41.56
42.03
41.92
42.04
42.06
42.01
42.16
42.47
42.30
41.89
41.75
41.96
42.20
42.75
43.04
42.96
42.68
42.72
42.70
42.60
42.66
42.80
42.65
42.30
42.39
42.75
42.58
42.51
42.60
42.72
42.35
42.29
42.51
42.42
42.41
42.15
42.30
42.61
42.54
42.32
42.51
43.04
42.75
42.89
42.46
42.58
42.32
42.87
42.80
42.66
42.66
42.16
42.42
42.41
42.65
42.61
41.87
42.22
42.37
42.35
42.56
43.03
42.72
42.68
42.42
42.39
42.44
42.70
42.87
42.82
43.10
43.10
43.01
42.82
43.04
43.08
42.85
42.80
42.56
42.53
42.89
42.63
42.60
42.47
42.30
42.01
41.78
42.08
42.08
42.44
42.53
42.80
42.58
42.30
42.42
42.20
42.27
42.34
42.70
42.56
42.35
42.29
41.99
42.15
42.51
42.53
42.30
42.13
42.11
42.08
42.06
42.49
42.32
42.53
42.58
42.53
42.44
42.61
42.32
42.34
42.34
42.77
42.65
42.73
43.36
43.11
42.61
42.66
42.51
42.54
42.98
42.84
42.53
42.20
42.22
42.58
42.58
42.79
42.99
43.27
43.30
43.32
43.46
43.37
43.37
43.11
43.25
43.34
43.58
43.77
43.44
43.56
43.70
43.72
43.75
43.37
43.27
43.60
43.70
43.70
43.67
43.61
43.60
43.77
44.15
44.06
44.29
44.96
44.80
44.53
44.53
44.74
45.20
44.86
44.84
44.89
44.70
44.48
44.13
43.87
44.06
44.30
44.25
44.43
44.37
44.37
44.13
44.15
44.51
44.72
44.32
44.32
44.53
44.06
43.96
43.80
44.10
44.27
44.65
44.77
44.56
44.13
44.22
44.46
44.41
44.72
44.48
44.27
43.94
43.86
44.29
44.43
44.37
44.18
44.22
44.25
44.60
44.77
44.80
44.34
44.13
44.77
44.96
44.62
44.29
44.24
43.73
43.27
43.44
43.41
43.98
43.89
43.55
43.84
43.49
43.92
44.01
43.79
43.91
43.91
44.01
44.08
44.13
44.37
44.60
44.44
44.27
44.13
44.05
44.15
44.15
44.79
44.48
44.36
43.94
44.27
44.67
44.53
44.30
44.06
43.58
43.73
43.82
43.87
44.08
44.06
43.79
44.17
43.98
43.77
44.06
43.99
43.99
43.98
44.18
44.03
44.25
44.55
44.60
45.12
45.39
45.44
45.31
44.82
44.48
44.65
44.17
43.96
44.06
43.91
43.89
43.48
43.92
44.08
44.27
44.44
44.49
44.62
44.43
44.13
43.51
43.73
43.94
43.94
43.82
43.92
44.11
43.53
43.92
44.24
44.44
44.32
44.34
44.55
44.17
44.20
44.41
44.36
44.98
44.94
44.91
44.58
44.58
44.41
44.39
44.30
44.43
44.56
44.56
44.80
45.12
45.15
45.29
45.46
45.18
45.03
45.48
45.63
45.50
45.62
45.22
44.89
44.65
44.99
44.49
44.56
45.34
45.01
45.10
45.10
45.12
45.34
45.53
45.43
45.22
44.84
44.68
44.56
45.03
44.98
45.05
44.84
44.79
45.05
45.12
45.37
45.12
45.18
45.41
45.70
44.93
44.84
45.56
45.32
45.63
45.75
45.51
45.65
46.17
46.31
46.29
46.36
46.25
46.25
46.34
46.36
46.25
45.75
45.58
45.48
45.12
45.18
45.43
45.31
45.50
45.29
45.44
45.32
45.62
45.91
45.81
45.31
45.20
45.41
45.05
45.13
45.67
45.51
45.77
45.93
46.20
46.24
46.25
46.50
46.27
46.44
46.55
46.70
46.67
46.95
46.82
46.81
46.39
46.39
46.36
46.36
46.58
46.58
46.17
46.24
45.93
45.72
45.58
45.60
45.31
45.03
45.29
45.74
45.69
45.24
45.06
45.50
45.67
45.48
45.06
45.22
44.70
44.68
45.18
45.27
45.01
44.99
44.74
44.86
44.67
44.89
44.86
44.94
44.67
44.55
44.91
45.03
44.48
44.84
45.25
45.41
45.41
45.34
44.30
44.77
44.75
45.13
45.08
45.20
45.24
45.34
45.55
45.70
45.67
45.58
45.55
45.58
45.43
45.62
45.75
45.37
45.24
45.12
45.12
45.13
45.13
44.98
45.31
45.20
45.53
45.58
45.44
45.01
44.70
44.70
44.51
45.12
44.46
44.56
44.49
44.62
44.63
44.49
44.84
45.13
44.44
45.01
45.41
45.55
45.55
45.12
45.39
45.36
45.43
45.46
45.13
45.39
45.29
45.01
45.01
44.86
44.79
44.74
44.46
45.03
45.15
45.41
45.20
44.80
44.82
45.05
45.37
45.69
45.81
45.43
45.51
45.46
45.72
45.77
45.96
46.19
46.43
46.62
46.39
46.34
46.34
46.62
46.69
46.67
46.65
46.96
47.41
47.19
46.98
46.91
46.88
46.67
46.77
46.63
46.32
45.94
45.89
45.93
46.13
46.20
46.34
46.36
46.48
46.65
46.51
46.43
46.46
46.05
46.41
46.65
46.53
46.89
46.69
46.86
46.72
46.95
46.44
46.03
46.06
46.29
46.55
46.17
46.24
46.20
46.48
46.58
46.43
46.48
46.67
46.50
46.55
46.57
46.77
46.82
46.82
46.98
46.98
47.20
47.24
47.20
47.17
47.10
47.08
46.81
46.82
46.34
45.65
45.89
46.01
45.94
46.20
46.01
46.43
46.62
46.53
46.48
46.88
46.86
46.57
46.43
46.65
46.95
46.38
45.98
45.74
46.01
46.65
46.67
46.93
46.84
46.96
47.00
46.98
46.93
47.19
47.05
47.01
46.65
46.29
46.43
46.32
46.24
46.44
46.65
46.70
46.69
46.38
46.44
46.60
46.39
46.34
46.01
46.27
46.53
46.41
46.24
46.17
46.36
46.29
45.96
45.75
45.70
45.69
45.84
45.89
45.93
46.15
46.15
46.25
46.32
46.25
46.36
46.48
46.34
46.58
46.15
46.15
46.48
46.46
46.12
45.69
45.72
45.91
46.15
46.25
45.94
46.24
46.44
46.62
46.70
46.36
46.29
46.22
46.44
46.41
46.20
46.22
46.53
46.93
47.07
47.13
47.15
47.34
47.32
47.38
47.58
47.51
47.83
48.02
47.57
47.43
47.07
46.95
47.01
47.20
47.00
47.03
47.20
47.13
47.12
47.10
47.08
47.41
47.13
46.88
46.88
47.05
46.96
46.93
46.67
47.00
46.76
46.82
47.19
47.22
47.20
47.26
47.10
47.07
47.00
47.20
47.32
47.62
47.53
47.57
47.76
47.89
48.21
48.10
47.88
47.81
47.77
48.03
48.34
48.58
48.62
48.38
48.26
48.39
48.36
48.43
48.50
48.48
48.64
48.33
48.39
48.43
48.22
48.48
48.69
49.17
49.28
49.43
49.33
49.41
49.55
49.76
49.40
49.07
49.14
49.28
49.14
49.14
49.14
49.17
48.96
48.88
48.81
48.64
48.86
49.15
49.17
49.31
49.19
49.19
49.36
48.83
48.79
48.26
48.07
48.15
48.10
48.00
47.91
48.27
48.38
48.50
48.33
48.27
48.15
48.14
47.96
48.33
48.29
48.24
48.27
48.43
48.33
48.46
48.48
48.52
48.34
48.29
48.52
48.41
48.39
48.79
49.15
49.33
48.60
48.62
48.72
48.83
48.93
49.02
48.79
49.05
48.83
48.60
49.14
49.55
49.14
48.90
48.74
48.71
48.41
48.72
48.84
48.62
48.65
48.86
48.77
48.50
48.50
48.31
48.19
47.88
47.96
48.24
48.41
48.50
48.50
48.71
48.83
48.69
48.98
48.76
48.84
48.74
48.46
48.41
48.62
48.57
48.72
49.07
48.81
48.72
49.12
49.24
49.59
49.67
49.55
49.40
49.55
49.40
49.40
49.33
49.43
49.41
49.31
49.15
49.07
49.00
48.90
48.98
48.76
48.65
48.90
49.02
48.84
48.84
48.60
48.90
49.15
49.12
49.02
49.03
48.77
48.33
48.33
48.39
48.74
48.64
48.27
48.60
48.45
48.65
49.10
48.71
48.62
48.84
49.03
49.10
48.98
49.21
48.93
49.40
49.33
49.09
49.19
49.00
49.07
48.93
48.88
48.71
48.71
48.88
48.81
49.09
49.24
49.26
49.10
49.31
49.29
49.28
48.86
48.71
48.88
49.00
49.00
49.40
49.29
49.10
48.95
48.91
48.96
48.86
48.95
48.79
49.03
49.22
49.38
49.19
49.00
48.93
49.24
49.45
49.43
49.52
49.53
49.71
49.65
49.19
49.21
49.40
49.33
48.86
49.15
48.96
49.14
48.88
48.24
47.98
48.72
48.31
48.10
48.41
48.69
49.05
48.72
48.55
48.55
48.58
48.57
49.00
49.03
49.05
48.86
48.67
48.84
48.88
49.34
49.26
49.38
49.40
48.98
48.60
48.69
48.98
48.86
48.81
49.03
48.74
48.65
48.65
48.55
48.65
48.62
48.58
48.71
48.43
48.26
48.33
48.43
48.57
48.71
49.05
49.17
49.22
49.10
48.76
48.69
48.79
48.79
48.88
49.12
48.77
48.76
48.76
49.09
49.10
49.02
49.15
49.59
49.67
49.64
49.60
49.60
49.59
49.84
49.53
49.60
49.50
49.65
49.41
49.33
49.38
49.05
49.00
49.15
49.29
49.22
49.26
49.21
49.48
49.36
49.02
48.60
48.88
48.79
49.26
49.74
49.67
49.69
50.05
50.02
50.07
49.88
50.07
49.62
49.83
49.67
49.45
49.64
49.65
49.86
50.00
50.09
50.33
50.24
50.60
50.36
50.40
50.19
49.64
49.74
49.50
49.46
49.24
49.03
49.45
49.53
49.57
49.48
49.12
48.95
48.96
49.19
49.33
49.41
49.29
49.29
49.74
49.65
49.62
49.78
49.67
49.53
49.90
49.79
49.71
49.46
49.29
49.31
48.96
49.10
49.48
49.86
49.69
49.62
49.59
49.83
49.91
49.78
50.26
50.31
50.31
50.48
50.60
50.59
50.59
50.72
50.67
50.40
50.05
49.95
49.88
50.22
50.47
50.43
50.48
50.50
50.29
50.17
49.97
49.88
50.00
49.69
49.43
49.60
50.16
50.19
50.17
50.21
50.35
50.41
50.52
50.62
50.38
50.64
50.66
50.54
50.19
50.22
50.21
50.14
50.26
50.00
49.83
49.81
49.43
49.46
49.71
49.52
49.57
49.69
49.50
49.57
49.62
49.69
49.74
49.69
50.00
50.07
49.81
49.57
49.79
49.98
50.10
50.00
49.83
49.88
50.03
50.21
50.21
50.71
50.57
50.50
50.38
50.35
50.14
49.86
49.65
50.02
50.12
50.22
50.31
50.05
50.07
50.02
50.07
49.97
49.98
50.26
50.19
50.41
50.41
50.47
50.57
50.60
50.38
50.43
49.78
49.74
50.09
50.07
50.24
50.66
50.38
49.64
49.50
49.31
49.40
49.76
49.50
49.69
49.72
49.76
50.05
49.50
49.69
49.53
49.53
49.53
49.57
49.72
49.84
49.69
49.72
49.57
49.64
49.71
49.88
50.09
49.86
49.88
49.81
49.93
50.12
50.12
49.79
50.12
50.28
50.22
50.09
50.05
49.98
49.83
49.69
49.57
49.52
49.65
49.60
49.57
49.76
49.78
49.88
49.50
49.17
49.34
49.52
49.57
49.72
49.79
50.14
50.09
50.12
49.86
49.72
49.57
49.76
49.71
50.00
50.28
50.40
50.50
50.50
50.45
50.60
50.78
50.76
50.50
50.41
50.67
50.29
50.33
50.41
50.33
50.43
50.35
50.14
49.97
49.86
50.02
50.24
50.26
50.22
50.35
50.29
50.41
50.38
50.29
50.31
50.05
49.41
49.24
49.14
49.64
50.05
50.28
49.91
50.35
50.52
50.24
50.41
50.33
50.10
50.14
50.41
50.26
50.21
50.10
50.16
50.29
50.79
50.69
50.47
50.36
49.98
50.40
50.78
50.71
50.93
50.95
51.12
51.31
51.31
51.16
51.23
51.42
51.40
51.48
51.42
51.10
50.54
50.57
50.76
50.81
51.19
51.28
51.31
50.90
50.93
50.57
50.16
50.21
51.36
51.26
51.28
51.05
50.79
50.66
50.38
50.00
49.81
50.05
50.03
50.00
50.60
50.57
50.97
51.05
50.86
51.02
51.31
51.23
51.10
51.45
51.24
51.14
51.02
51.38
51.42
51.14
51.02
51.14
51.07
51.33
51.19
51.26
50.76
50.45
50.47
50.16
50.14
50.41
50.71
50.41
51.07
51.17
50.69
50.55
50.67
50.78
51.12
51.21
51.31
51.21
51.10
51.04
50.90
51.16
51.07
51.09
50.71
50.85
50.69
50.64
50.67
50.36
50.55
50.57
50.64
51.07
51.36
51.40
51.35
51.16
50.95
51.07
50.93
50.78
50.60
50.90
50.85
51.05
50.98
50.81
50.71
50.66
50.86
50.66
50.69
50.66
50.71
50.90
51.05
50.78
50.93
50.83
50.64
50.79
50.74
50.47
50.47
50.54
50.57
50.71
50.76
50.79
50.95
51.17
51.38
51.16
51.09
51.29
51.28
51.48
51.26
51.00
50.98
51.24
50.74
51.17
51.48
51.28
51.35
51.28
51.00
51.00
51.24
50.86
51.17
51.14
51.07
51.04
51.04
51.09
51.17
51.29
51.35
51.04
51.29
50.98
50.67
50.72
50.69
50.48
50.36
50.60
50.85
50.97
51.17
50.95
51.10
51.09
51.10
50.74
50.67
50.67
51.00
51.19
51.14
51.31
51.40
51.29
51.19
51.07
51.05
51.10
51.62
51.52
51.66
51.42
51.43
51.28
50.81
51.35
51.55
51.74
51.85
51.83
51.79
51.85
51.88
51.90
52.17
52.19
51.97
51.47
51.48
51.42
51.31
51.35
51.47
51.36
51.12
51.19
51.21
51.21
51.24
51.00
50.93
51.40
51.59
51.48
51.42
51.64
51.67
51.50
51.55
51.48
51.50
51.62
51.86
51.85
51.90
51.88
51.73
51.88
51.86
52.00
51.76
51.83
51.54
51.66
51.85
51.31
51.02
51.38
51.40
51.45
51.54
51.83
51.79
51.74
51.71
51.71
51.88
52.02
51.85
52.19
52.28
51.92
51.86
51.92
51.93
51.54
51.36
51.43
51.55
51.47
51.52
51.33
51.19
51.12
51.04
50.83
50.43
50.35
50.50
50.66
50.85
50.83
50.88
51.07
50.95
50.79
50.62
50.62
50.50
50.45
50.45
50.54
50.72
50.62
50.69
50.64
50.21
49.98
50.17
50.41
50.55
50.31
50.64
50.69
50.52
50.52
50.26
50.31
50.38
50.54
50.79
50.41
50.57
50.45
50.16
50.09
50.40
50.60
50.38
50.47
50.52
50.72
50.55
50.62
50.60
50.40
50.05
49.88
50.26
50.17
49.81
49.52
49.72
50.62
50.45
50.72
51.10
51.54
51.43
51.29
51.17
51.24
51.33
51.45
51.54
51.55
51.14
50.81
51.04
50.81
50.86
50.81
50.90
50.64
50.93
50.74
51.09
50.90
51.14
50.72
50.72
50.98
50.86
50.52
50.54
50.14
49.95
50.05
50.35
50.33
50.31
50.50
50.05
50.22
50.17
50.17
49.90
50.00
50.59
50.31
50.47
50.69
50.41
50.55
50.43
50.57
50.78
50.72
50.67
51.04
50.86
50.91
50.62
51.23
51.40
50.95
50.48
50.52
50.31
50.03
49.86
49.90
49.86
50.02
50.10
49.93
49.67
49.65
49.65
49.76
49.57
49.59
49.76
49.24
49.72
49.93
50.19
49.93
49.72
49.86
50.36
50.26
50.54
50.43
50.45
50.45
50.48
50.45
50.41
50.60
50.55
50.60
50.33
50.54
50.97
51.28
51.52
51.54
51.66
51.67
51.64
51.54
51.43
51.28
51.57
51.04
50.85
51.38
51.40
51.64
51.38
51.61
51.57
51.36
51.48
51.26
51.40
51.47
51.57
51.42
51.47
51.28
51.26
51.28
51.35
51.50
51.64
51.67
51.61
51.73
51.64
51.67
51.62
51.78
51.98
51.86
51.98
51.97
52.12
52.23
52.31
52.40
52.61
52.50
52.04
51.81
52.09
51.59
51.54
51.62
51.61
51.52
51.52
51.67
51.35
51.35
51.14
51.24
51.59
51.43
51.17
51.17
51.43
51.79
51.67
51.59
51.81
51.86
51.86
51.88
52.11
52.14
52.23
52.02
51.61
51.28
51.12
51.31
51.52
51.59
51.78
51.73
51.79
51.98
51.85
51.36
51.74
51.57
51.07
50.47
50.35
50.57
50.50
51.00
51.24
51.33
51.07
51.04
51.23
51.14
51.04
51.45
51.66
51.47
51.45
51.26
51.31
51.50
51.90
52.16
52.11
52.05
51.54
51.33
51.33
51.33
51.36
51.45
51.43
51.67
51.47
51.26
50.93
50.81
50.97
51.19
51.23
51.50
51.31
51.42
51.43
51.66
51.86
51.73
51.26
51.10
51.19
51.35
51.48
51.48
51.33
51.36
51.29
51.28
51.52
51.57
51.86
52.09
52.24
51.86
52.00
52.12
52.35
52.31
52.28
52.43
52.31
52.45
52.49
52.16
51.86
51.47
51.61
51.66
51.67
52.09
52.11
51.90
52.04
52.09
51.88
52.11
52.12
52.19
52.16
52.16
51.97
52.17
52.17
52.28
52.05
51.79
52.05
52.14
52.26
52.05
52.16
52.19
52.40
51.97
52.02
51.73
51.71
51.71
51.78
51.64
51.55
51.05
50.90
50.97
51.23
51.73
52.07
52.07
52.09
52.11
51.66
51.83
52.31
52.61
52.47
52.43
52.47
52.49
52.59
52.61
52.68
52.62
52.59
52.66
52.80
52.88
52.78
52.80
52.68
52.71
52.11
51.95
51.78
51.76
51.62
51.35
51.61
51.54
51.64
51.50
51.19
51.47
51.59
51.83
51.73
51.74
51.66
51.47
51.57
51.52
51.86
52.02
51.71
51.93
51.57
51.93
51.93
51.71
51.71
51.81
51.66
52.38
52.52
52.49
52.61
52.35
52.21
52.50
52.69
52.83
52.93
52.93
52.97
53.05
53.04
53.00
52.88
52.90
52.90
53.04
52.80
52.38
52.73
52.95
52.69
52.90
52.92
52.95
52.66
52.76
53.00
53.16
53.12
52.78
52.69
52.99
52.74
52.74
52.78
52.85
52.92
52.97
52.81
52.59
52.36
51.95
51.73
52.16
52.02
52.05
52.28
52.31
52.35
52.54
52.43
52.50
52.64
52.68
52.57
52.78
52.97
52.93
52.85
52.97
53.37
53.56
53.49
53.68
53.33
53.07
53.31
53.21
53.12
52.80
52.99
52.80
52.61
52.61
52.40
52.33
52.97
52.66
52.81
52.78
52.59
51.93
52.02
52.09
52.40
52.28
52.30
52.54
52.88
52.78
52.76
52.95
52.54
52.80
52.81
52.68
52.81
52.57
52.61
52.64
52.69
52.73
52.87
52.88
53.11
52.78
52.88
52.80
52.81
52.71
52.93
52.95
53.11
53.12
53.19
53.09
53.11
52.71
52.83
52.80
52.43
52.38
52.35
52.45
52.47
52.19
52.49
52.59
52.14
51.97
51.93
52.64
53.04
53.05
53.02
53.05
53.05
53.19
53.14
53.23
53.26
52.85
52.73
52.23
52.42
52.50
52.36
52.50
52.71
52.73
52.59
52.90
52.55
52.55
52.43
52.35
52.54
52.66
52.83
53.00
52.59
52.47
52.52
52.55
52.50
52.74
52.87
52.99
52.78
52.59
52.11
51.97
51.92
52.11
52.17
52.36
52.43
52.47
52.59
52.73
52.74
52.71
52.68
52.81
53.00
52.76
52.74
52.24
52.33
52.17
52.04
51.90
51.71
51.83
51.78
51.88
52.09
52.21
52.45
52.09
52.33
52.69
52.31
52.00
52.30
52.24
52.49
52.62
52.43
52.50
52.38
52.50
52.26
52.09
52.21
52.57
52.78
52.76
52.71
52.66
52.74
52.74
52.66
52.83
52.40
52.24
52.69
52.81
53.05
52.80
52.61
52.23
52.05
52.38
52.62
52.55
52.35
52.35
52.17
52.50
52.74
52.71
52.68
52.59
52.62
52.97
52.76
52.64
52.47
52.14
52.49
52.80
52.47
52.31
52.33
52.54
52.45
52.43
52.02
52.05
52.16
52.09
52.11
52.04
52.11
52.00
51.57
51.69
51.73
51.69
51.97
52.05
51.88
51.78
51.78
51.48
51.48
51.23
51.19
51.35
51.47
51.47
51.45
51.38
51.28
51.10
51.52
51.67
51.71
51.79
51.90
52.05
52.14
52.17
52.24
52.31
52.31
52.42
52.30
52.57
52.66
52.52
52.30
51.81
52.28
52.57
52.52
52.54
52.40
52.40
52.50
52.42
52.52
52.47
52.23
52.17
51.92
52.57
52.54
52.31
52.36
52.11
51.90
52.04
51.98
51.83
51.79
52.07
52.26
52.30
51.93
52.19
52.24
52.33
52.31
52.24
52.26
52.05
52.19
51.93
52.19
52.23
52.21
52.16
52.17
52.19
52.40
52.38
52.31
52.35
52.02
52.02
52.30
52.31
52.33
52.11
52.04
51.92
52.11
52.09
52.09
52.33
52.54
52.73
52.62
52.05
51.97
51.73
51.74
51.57
51.66
51.78
51.81
51.59
51.76
51.90
52.17
52.21
52.42
52.12
52.17
52.40
52.78
52.49
52.30
52.43
52.43
52.59
52.74
52.69
52.33
52.90
53.30
53.12
52.99
53.09
53.00
52.88
52.74
52.95
53.02
53.11
53.12
53.16
53.07
53.50
53.62
53.69
53.83
53.64
53.43
53.61
53.45
52.93
52.69
52.76
52.71
53.23
53.24
53.00
53.19
53.14
53.07
53.47
53.52
53.73
53.78
53.94
53.92
53.80
53.56
53.42
53.24
53.26
53.31
53.18
53.35
53.47
53.33
53.12
53.28
53.19
53.26
53.61
53.42
53.50
53.52
53.31
53.47
53.71
53.75
53.50
53.85
53.75
53.57
53.37
53.16
53.02
53.30
53.30
53.09
53.09
53.14
53.37
53.30
53.38
53.45
53.30
52.90
52.87
53.05
52.87
53.09
52.90
52.64
52.87
52.85
52.73
52.88
52.92
53.30
53.43
53.28
53.19
53.64
53.59
54.00
54.04
53.66
53.50
53.47
53.26
53.33
53.31
53.49
53.81
53.66
53.75
53.80
53.94
54.07
53.80
53.69
53.71
53.59
53.52
53.61
53.42
53.35
53.43
53.38
53.52
53.33
53.33
53.14
53.18
53.24
53.28
53.05
53.38
53.00
53.09
53.19
53.19
53.23
53.37
53.38
53.80
53.81
53.75
53.75
53.87
53.68
53.83
53.76
53.75
53.81
53.99
53.71
53.62
53.64
53.64
53.69
53.28
53.07
53.00
52.78
52.71
52.69
52.71
52.88
52.97
53.45
53.23
53.31
53.35
53.16
53.02
52.74
52.66
52.40
52.47
52.57
52.55
52.69
52.33
52.17
52.33
52.80
52.36
52.40
52.93
52.62
52.95
53.00
52.93
53.02
53.42
53.69
53.76
53.71
53.69
53.68
53.37
52.88
52.73
52.97
52.93
52.81
53.14
53.40
53.42
53.42
53.21
53.26
53.35
53.45
53.59
53.33
53.21
53.42
53.43
53.76
53.87
53.31
53.56
53.54
53.30
53.11
52.99
53.12
53.00
53.05
53.00
52.99
53.07
52.93
53.14
52.68
52.74
52.64
52.74
52.99
52.88
52.78
52.73
52.66
53.21
53.30
53.07
52.99
52.83
52.74
52.62
52.61
52.71
52.88
52.83
53.23
53.52
53.35
53.28
53.33
53.66
53.71
53.62
53.66
53.71
53.54
53.30
53.49
53.59
53.43
52.99
52.76
52.64
52.64
53.04
53.09
53.16
53.26
53.16
53.23
53.24
53.35
53.28
53.40
53.56
53.43
53.50
53.43
53.52
53.24
53.05
52.95
52.90
52.71
52.93
53.16
53.24
53.23
53.21
53.14
53.23
53.23
53.04
53.02
53.42
53.52
53.16
52.83
52.61
52.40
52.47
52.59
52.80
52.50
52.50
52.11
51.98
51.78
51.78
51.98
51.97
52.11
52.38
52.50
52.57
52.99
53.04
53.26
53.09
53.14
53.16
53.09
53.07
53.31
53.45
53.45
53.40
53.40
53.35
53.38
53.18
53.02
53.07
53.05
53.05
53.24
53.62
53.92
53.94
53.92
54.09
54.23
54.42
54.40
54.42
54.21
54.12
54.26
54.25
54.30
54.12
54.07
53.85
54.12
54.50
54.16
53.73
53.87
53.85
53.73
53.87
53.76
53.87
53.68
53.88
53.90
53.71
53.45
53.45
53.59
53.73
53.49
53.73
54.04
54.07
54.02
54.07
54.14
53.80
53.40
53.31
53.45
53.68
53.95
53.88
53.83
53.88
54.00
53.95
53.97
54.07
53.83
54.09
53.97
54.14
54.09
54.16
53.69
53.50
53.62
53.71
53.85
53.85
53.95
54.18
54.25
54.38
54.11
53.97
54.07
54.14
54.14
54.44
54.35
54.28
54.25
54.28
54.44
54.50
54.40
54.07
53.95
53.85
53.90
53.97
53.73
53.97
54.06
54.09
53.97
53.97
53.92
53.76
53.78
53.40
53.54
53.76
54.06
54.12
54.07
53.97
53.45
53.66
53.64
53.30
53.04
52.95
53.05
52.81
53.21
53.40
53.31
53.00
53.00
53.33
53.30
53.59
53.42
52.93
52.92
52.68
52.87
53.09
53.45
53.38
53.42
53.42
53.37
53.19
53.05
53.12
53.18
53.30
52.90
52.78
52.83
53.19
53.24
53.37
53.52
53.92
53.71
53.61
53.54
53.37
53.42
53.61
53.81
53.56
53.45
53.42
53.43
53.56
53.66
53.75
53.76
54.14
54.18
54.16
54.11
54.18
54.33
54.31
54.30
54.49
54.52
54.54
54.44
54.18
54.28
54.06
54.11
53.76
53.80
53.69
54.02
54.47
54.59
54.88
55.04
54.88
54.85
54.83
54.97
54.80
54.63
54.19
53.95
53.97
54.11
54.23
54.18
54.28
54.18
54.12
54.04
54.28
54.50
54.44
54.35
53.90
54.02
54.21
54.02
54.00
53.99
54.09
54.23
54.38
54.52
54.68
54.85
54.82
54.69
54.69
54.49
54.30
54.42
54.94
54.87
54.88
55.11
55.09
55.07
54.88
55.04
55.07
55.33
55.35
55.33
55.35
55.38
55.13
55.07
54.99
55.20
55.25
55.30
55.44
55.51
55.35
55.20
55.04
55.07
54.95
54.95
55.02
55.33
55.35
55.30
55.18
55.14
55.01
55.13
55.20
55.37
55.32
55.16
55.06
55.09
55.26
55.35
55.30
55.18
55.13
55.18
55.13
55.06
55.20
55.07
55.02
54.83
54.76
55.01
54.97
55.06
54.99
55.04
55.07
54.95
54.52
54.66
54.83
55.11
55.14
54.90
54.88
54.88
54.54
54.30
54.78
54.57
55.02
55.33
55.13
55.14
55.21
55.11
55.04
54.82
54.83
54.94
55.09
55.04
55.14
55.28
55.44
55.56
55.42
55.35
55.09
54.97
54.87
54.87
54.94
55.11
55.01
54.76
54.95
54.69
54.69
54.63
54.66
54.80
54.92
54.76
54.87
54.90
54.80
54.71
54.92
54.87
54.69
54.87
54.76
54.35
54.44
54.59
54.57
54.63
54.61
54.56
54.54
54.42
54.16
54.11
54.64
54.63
54.49
54.59
54.57
54.76
54.59
54.45
54.59
54.57
54.97
55.13
55.07
55.20
55.28
55.01
55.14
55.09
55.18
55.26
55.32
55.35
55.23
55.04
55.26
55.54
55.45
55.57
55.52
55.33
55.37
55.16
55.66
55.83
56.08
56.23
56.33
56.23
56.23
56.18
56.21
56.32
56.35
56.30
56.49
56.35
56.56
56.39
56.32
56.21
56.20
56.16
56.16
56.23
56.40
56.33
56.02
55.73
55.63
55.70
55.57
55.26
55.09
55.13
55.37
55.30
55.32
55.26
55.30
55.21
55.06
54.87
54.68
55.06
55.02
55.01
55.04
55.23
55.25
55.30
55.45
55.51
55.45
55.40
55.42
55.54
55.61
55.80
55.57
55.44
55.25
55.44
55.66
55.78
55.73
55.61
55.80
55.80
55.75
55.78
55.70
55.57
55.32
55.26
55.40
55.33
55.38
55.70
55.59
55.49
55.30
55.26
55.02
55.26
55.02
54.71
54.63
54.49
54.57
54.56
54.59
54.76
54.76
54.80
54.83
55.11
54.99
54.99
55.13
54.99
54.85
54.78
55.09
55.16
55.40
55.52
55.35
55.40
55.23
55.38
55.37
55.18
55.18
55.04
55.16
55.20
55.28
55.33
55.56
55.51
55.75
56.16
55.94
55.89
56.20
56.23
56.01
55.97
55.73
55.99
55.87
55.97
55.68
55.78
55.76
55.64
55.52
55.61
55.57
55.56
55.73
55.89
55.71
56.04
55.80
55.68
55.57
55.33
55.13
55.06
54.83
54.95
55.18
55.25
55.47
55.70
55.80
55.80
55.99
56.09
56.16
56.20
56.18
56.04
56.06
56.28
56.44
56.16
55.97
55.85
55.85
56.04
56.37
56.58
56.47
56.28
56.45
56.25
56.11
56.30
56.39
56.20
56.27
55.99
55.90
55.87
55.94
55.90
55.94
55.85
55.68
55.82
55.95
56.01
56.01
55.82
55.73
55.83
55.87
55.83
56.04
56.13
56.11
56.04
56.02
56.08
56.21
56.47
56.49
56.52
56.52
56.63
56.70
57.08
57.15
57.18
56.94
56.90
57.01
57.30
57.15
57.20
57.30
57.32
57.28
57.13
57.16
57.13
57.18
57.27
57.23
57.37
57.51
57.37
57.35
57.46
57.18
56.96
56.99
57.04
56.99
56.78
56.92
57.23
57.06
56.92
57.08
57.28
57.20
57.21
57.21
56.99
56.73
56.42
57.15
56.96
57.08
57.11
57.01
56.70
56.75
56.52
56.40
56.25
56.40
56.37
56.70
56.66
56.96
57.04
56.73
56.92
56.75
56.51
56.56
56.27
56.23
56.35
56.25
56.59
56.64
56.92
57.01
57.25
57.16
57.06
57.08
57.15
57.02
56.73
56.64
56.58
56.63
56.75
56.90
56.63
56.52
56.49
56.52
56.49
56.45
56.61
56.59
56.32
56.20
56.52
56.37
56.33
56.28
56.09
56.14
56.39
56.52
56.59
56.87
56.82
56.64
56.54
56.78
56.89
57.11
56.90
56.99
56.45
56.32
56.13
56.37
56.61
56.71
57.09
57.08
56.96
56.58
56.45
56.09
55.92
56.28
56.39
56.61
56.63
56.51
56.37
56.30
56.40
56.30
56.49
56.66
56.80
56.99
56.75
56.75
56.90
56.89
56.83
56.94
56.99
57.02
56.80
56.92
57.02
57.20
57.18
57.01
57.16
57.34
57.37
57.23
57.25
57.42
57.35
57.39
57.32
57.30
57.30
57.21
57.15
57.09
57.08
56.97
57.06
56.94
56.99
57.01
57.11
57.21
57.11
57.02
57.06
57.28
56.66
56.75
56.71
56.87
56.94
56.77
56.92
56.64
56.44
56.77
56.75
56.77
56.97
56.82
56.63
56.96
57.04
57.06
56.68
56.18
56.23
56.54
56.63
56.66
56.58
56.75
56.30
56.14
56.04
56.14
56.11
56.04
56.08
56.06
56.30
56.51
56.71
55.99
55.92
56.11
56.44
56.51
56.23
56.58
56.66
56.56
56.70
56.63
56.83
56.99
56.75
56.54
56.80
56.90
56.78
56.89
56.87
56.75
56.68
56.89
57.04
56.96
56.59
56.23
56.58
56.52
56.71
56.56
56.44
56.45
56.39
56.28
56.18
56.42
56.58
56.97
57.34
57.16
57.30
57.56
57.56
57.39
57.21
57.23
57.23
56.96
57.18
57.02
56.94
56.99
56.71
56.70
56.49
56.75
56.71
56.63
56.28
56.20
56.37
56.66
56.68
56.73
56.70
56.89
56.73
56.75
56.71
56.80
57.02
56.73
56.71
56.54
56.75
56.59
56.73
56.54
56.30
56.28
56.54
56.64
56.68
56.77
56.90
57.01
56.99
56.96
57.06
56.85
56.49
56.16
56.49
56.47
56.51
56.44
56.54
56.27
56.45
56.16
56.21
56.44
56.45
56.42
56.42
56.20
56.13
56.20
56.27
56.35
56.33
56.11
56.08
56.35
56.32
56.09
56.01
55.97
56.04
56.32
56.25
56.40
56.47
56.63
56.68
56.78
56.64
56.87
57.15
57.21
57.20
56.96
56.44
56.33
56.40
56.61
56.49
56.70
56.75
56.59
56.59
56.35
55.92
55.76
55.76
56.11
56.23
56.02
56.28
56.30
56.18
55.87
55.80
55.99
55.92
56.02
56.08
56.16
55.85
55.78
55.76
55.75
55.85
55.71
55.90
56.01
56.21
56.35
55.92
55.85
55.54
55.57
55.76
55.89
55.87
55.83
55.83
55.57
55.47
55.52
55.73
55.85
56.04
56.04
56.13
56.21
56.23
56.14
56.16
55.95
55.56
55.71
55.92
55.90
55.99
56.14
56.18
56.32
56.27
56.25
56.28
56.49
56.11
55.75
55.70
55.94
55.95
56.16
56.23
56.09
55.89
56.04
56.14
56.40
56.56
56.45
56.44
56.27
56.14
56.16
56.13
56.49
56.64
56.71
56.59
56.90
56.97
56.63
56.82
56.83
56.82
56.96
56.99
56.77
56.39
56.44
56.33
56.39
56.66
56.89
56.64
56.71
56.73
56.59
56.44
56.56
56.42
56.44
56.52
56.33
56.59
56.58
56.70
56.42
56.39
56.45
56.45
56.73
56.89
56.99
56.70
56.80
57.08
56.92
56.78
56.49
56.35
55.97
55.76
56.09
56.44
56.40
56.35
56.30
56.45
56.49
56.33
56.06
56.02
56.25
56.25
56.20
56.40
56.16
56.20
56.06
55.78
55.94
56.16
56.08
56.09
56.32
56.06
55.94
55.87
56.20
56.25
56.27
56.18
56.06
56.20
56.14
55.90
55.83
55.78
55.97
56.02
56.14
56.32
56.11
56.13
56.47
56.59
56.47
56.42
56.58
56.59
56.44
56.45
56.56
56.33
56.51
56.82
56.56
56.40
56.73
56.68
56.73
56.47
56.37
56.27
56.25
56.28
55.63
55.35
55.66
55.71
55.71
55.87
55.92
56.14
56.11
56.08
56.25
56.40
56.23
56.27
56.40
56.56
56.92
57.09
57.23
57.08
56.94
56.70
56.80
56.82
56.96
57.01
56.94
56.90
56.54
56.51
56.68
56.75
56.59
56.51
56.56
56.54
56.59
56.45
56.52
56.58
56.94
56.80
56.94
57.16
57.09
56.96
57.01
57.02
56.99
56.71
56.33
56.14
56.18
56.28
56.23
56.11
56.33
56.32
56.45
56.44
56.58
56.14
56.13
55.82
55.66
55.63
55.45
55.59
55.70
55.73
55.78
55.92
56.08
56.01
55.97
56.18
56.13
56.28
56.02
55.99
56.28
56.32
56.23
56.28
56.27
56.13
56.33
55.92
56.09
56.33
56.42
56.49
56.58
56.77
56.63
56.61
56.71
56.94
56.83
56.85
57.01
56.94
56.82
56.59
56.63
56.78
57.04
57.35
57.40
57.42
57.71
57.80
57.89
57.75
57.30
57.06
56.90
57.01
57.35
57.28
57.02
56.92
56.90
57.04
57.42
57.30
57.49
57.08
57.25
57.49
57.40
57.23
57.35
57.13
56.77
56.68
56.80
56.94
57.18
56.77
56.77
56.66
56.59
56.66
56.83
56.83
56.99
56.96
56.77
57.01
57.01
57.16
57.18
57.28
57.32
57.44
57.46
57.20
57.25
57.34
57.65
57.39
57.32
57.37
57.40
57.46
57.37
57.44
57.47
57.58
57.46
57.02
56.92
57.09
56.99
57.32
57.40
57.37
57.40
57.37
57.32
57.21
57.01
56.83
57.13
57.11
57.04
57.23
57.28
57.15
57.08
57.20
57.32
57.56
57.59
57.63
57.58
57.58
57.39
57.11
57.13
57.11
56.90
57.04
57.06
57.15
57.13
57.18
57.27
57.28
57.46
57.25
57.13
57.01
56.82
56.85
56.94
56.97
57.06
57.13
57.30
57.47
57.47
57.56
57.51
57.40
57.27
57.37
57.23
57.40
57.47
57.42
57.49
57.39
57.30
57.06
57.18
57.51
57.54
57.32
57.32
57.04
57.01
57.18
57.15
57.06
56.85
56.94
56.87
56.68
56.87
56.77
56.56
56.58
56.40
56.66
56.96
57.18
57.16
57.06
56.94
56.66
56.80
56.90
57.30
57.44
57.28
56.97
56.94
57.32
57.39
57.32
57.02
57.15
57.16
57.09
56.78
56.44
57.06
56.96
57.11
57.02
57.09
57.11
57.16
57.02
56.97
57.02
57.04
57.16
57.37
57.25
57.20
56.99
56.66
56.68
56.82
56.56
56.63
56.75
56.80
56.85
57.18
57.16
57.25
57.35
57.35
57.44
57.28
57.20
57.13
57.30
57.37
57.56
57.39
57.16
57.13
57.21
57.34
57.58
57.89
58.34
58.20
57.87
57.61
57.42
57.68
57.68
57.54
57.65
57.68
57.96
58.03
58.16
58.09
58.16
58.16
58.20
58.32
58.22
57.90
57.78
58.06
58.34
58.46
57.80
57.54
57.54
57.65
58.06
58.20
57.97
58.25
58.32
58.18
58.30
57.85
57.68
57.71
57.68
57.77
57.56
57.46
57.56
57.46
57.65
57.87
57.87
57.63
57.77
57.68
57.66
57.56
57.46
57.73
57.44
57.66
57.54
57.30
57.56
57.42
57.56
57.51
57.66
57.51
57.47
57.47
57.65
57.42
57.37
57.08
57.21
57.15
57.20
57.25
57.25
57.25
57.21
57.21
57.16
57.20
57.09
57.23
57.47
57.51
57.54
57.71
57.80
57.87
57.71
57.61
57.90
58.04
58.30
58.32
58.70
58.56
58.54
58.61
58.92
58.97
58.56
57.89
57.94
57.82
57.97
57.80
57.82
57.68
57.77
57.84
57.70
57.56
57.39
57.15
57.01
57.20
57.44
57.35
57.46
57.09
57.21
56.89
56.90
57.37
57.54
57.44
57.37
57.53
57.59
57.23
57.01
57.08
56.87
57.49
57.73
57.92
57.89
58.13
58.25
58.20
58.15
58.13
58.09
58.15
58.09
58.01
58.01
57.90
58.06
58.13
58.04
