0.52
0.52
0.52
0.52
0.52
0.52
0.52
0.52
0.52
0.57
0.78
0.93
1.16
1.55
1.76
1.85
1.95
1.93
2.07
2.14
2.24
2.33
2.57
2.69
2.92
3.21
3.54
3.94
4.09
4.35
4.56
4.95
5.33
5.68
5.76
5.95
6.11
6.23
6.40
6.47
6.42
6.45
6.63
6.66
6.66
6.77
6.94
7.15
7.16
7.35
7.39
7.25
7.30
7.34
7.40
7.58
7.80
8.16
8.44
8.68
8.94
9.25
9.30
9.37
9.42
9.39
9.49
9.63
9.65
9.86
9.91
9.87
10.08
10.37
10.39
10.42
10.46
10.58
10.86
11.01
11.10
10.94
11.06
11.13
11.08
11.01
11.06
10.98
10.86
10.79
10.77
10.68
10.63
10.70
10.67
10.72
10.80
10.70
10.60
10.58
10.56
10.84
10.75
10.89
10.86
10.93
10.87
10.79
10.86
10.94
11.13
11.25
11.29
11.39
11.37
11.44
11.60
11.81
11.77
12.10
12.25
12.37
12.24
12.29
12.51
12.60
12.93
13.10
13.26
13.29
13.26
13.17
13.20
13.08
12.98
13.12
13.20
12.86
12.75
12.75
12.75
12.79
13.03
13.20
13.22
13.34
13.39
13.39
13.76
13.91
13.96
14.05
14.15
14.27
14.48
14.93
14.79
14.65
14.79
14.79
14.88
14.86
14.83
14.96
14.93
14.93
14.98
15.15
15.17
15.05
14.91
14.96
15.12
15.12
15.03
14.88
14.93
14.96
15.19
15.24
15.33
15.27
15.53
15.50
15.62
15.62
15.72
15.71
15.64
15.69
15.69
15.76
15.83
15.83
15.79
15.95
16.05
16.02
15.91
15.98
15.79
15.65
15.45
15.57
15.53
15.46
15.67
15.98
16.29
16.47
16.53
16.71
16.69
16.67
16.67
16.69
16.71
17.00
16.93
16.97
17.16
17.28
17.47
17.50
17.38
17.19
16.81
16.62
16.79
16.93
17.31
17.43
17.52
17.45
17.45
17.52
17.41
17.19
17.26
17.26
17.60
17.86
17.85
18.12
18.26
18.47
18.35
18.36
18.36
18.33
18.36
18.38
18.14
18.07
18.02
18.02
18.24
18.50
18.83
18.78
18.76
18.69
18.67
18.76
18.92
19.00
19.16
19.21
19.38
19.49
19.73
19.93
20.06
20.21
20.28
20.43
20.61
20.30
20.42
20.12
19.90
19.85
20.07
20.26
20.37
20.30
20.33
20.18
20.25
20.31
20.42
20.35
20.38
20.40
20.50
20.76
20.76
20.80
20.69
20.66
20.81
20.83
20.76
20.76
20.64
20.71
20.71
20.71
20.78
20.90
20.88
21.13
21.09
21.11
21.26
21.00
21.30
21.54
21.66
21.94
21.75
21.54
21.80
21.97
21.88
21.94
22.07
22.06
21.88
21.64
21.30
21.28
21.28
21.71
21.94
21.90
22.04
22.07
21.99
21.97
22.28
22.42
22.73
22.99
22.83
22.83
22.99
23.32
23.44
23.46
23.54
23.59
23.30
23.35
23.18
23.14
22.97
23.02
23.32
23.58
23.51
23.63
23.80
23.66
23.56
23.47
23.40
23.52
23.47
23.49
23.70
23.94
24.08
24.21
23.80
23.70
23.58
23.56
23.32
23.35
23.21
23.33
23.27
22.99
23.08
23.44
23.66
23.84
24.23
24.35
24.54
24.49
24.75
24.77
24.78
24.72
24.47
24.25
24.18
24.37
24.39
24.44
24.68
24.70
24.84
24.92
24.97
25.06
24.77
25.03
24.89
25.30
25.18
24.96
24.82
24.80
24.97
25.03
25.35
25.13
25.25
25.49
25.16
25.22
25.23
24.78
24.89
24.91
25.22
25.23
25.39
25.27
25.53
25.61
25.66
25.75
25.84
25.77
25.75
25.68
25.47
25.66
25.51
25.51
25.68
25.60
26.03
26.01
25.91
26.20
26.37
26.54
26.39
26.29
26.67
26.70
26.87
26.51
26.35
26.54
26.79
27.01
26.96
26.75
26.82
26.75
26.96
27.20
27.29
27.03
27.15
27.49
27.63
27.56
27.32
27.36
27.06
27.06
26.92
26.96
27.37
27.58
27.27
27.27
27.17
26.96
27.15
27.32
27.80
27.79
27.82
28.08
28.08
27.77
27.55
27.48
27.15
27.20
27.20
27.20
27.55
27.60
27.44
27.63
27.79
27.75
28.10
27.84
27.94
28.05
28.41
28.17
28.03
28.05
28.20
28.37
28.81
28.77
28.87
28.60
27.96
28.53
28.67
28.68
28.43
28.25
28.32
28.62
28.46
28.60
28.48
28.37
28.72
28.81
29.38
29.48
29.65
29.55
29.50
29.15
28.77
29.10
28.96
29.01
29.10
29.32
29.50
29.43
29.79
29.84
29.81
29.62
29.69
29.75
29.70
29.55
29.43
29.31
29.22
29.08
29.77
29.32
29.41
29.34
29.51
29.93
30.00
30.41
30.17
29.93
29.74
29.93
30.22
30.41
30.20
29.62
29.67
29.70
29.60
29.62
29.81
29.98
30.19
30.38
30.36
30.51
30.29
30.34
30.51
30.32
30.10
30.32
30.60
30.72
30.89
30.76
30.62
30.31
30.45
30.13
30.24
30.22
30.38
30.01
31.10
31.01
31.39
31.15
31.12
31.03
30.96
30.93
30.67
31.00
30.79
30.17
30.20
30.88
30.53
30.46
30.55
30.81
30.82
31.08
30.27
29.74
29.46
29.89
30.27
30.64
30.95
30.96
30.89
31.01
31.03
30.76
30.65
31.05
30.91
31.05
31.19
30.79
31.05
31.60
31.88
32.10
31.90
31.46
31.50
31.65
31.69
31.67
31.24
31.45
31.39
31.20
30.89
30.67
30.58
30.82
31.12
31.38
31.65
31.79
31.52
31.17
30.70
30.38
30.05
30.27
30.34
30.84
31.03
31.64
31.39
31.77
31.64
32.05
32.45
32.50
32.50
32.45
32.05
32.14
31.96
32.03
31.69
31.76
31.86
31.84
31.65
31.60
31.52
31.27
31.36
31.57
31.64
31.36
31.26
31.05
31.64
31.93
32.22
32.24
32.14
31.96
31.93
31.62
32.00
32.24
32.48
32.40
31.86
31.76
32.17
32.72
32.67
32.71
32.60
32.67
32.62
32.90
33.12
33.34
33.43
33.83
33.40
33.03
32.45
32.57
32.50
32.27
32.48
32.10
32.29
32.05
32.02
32.03
31.74
31.24
31.71
31.84
31.07
32.22
32.62
32.84
33.12
33.36
33.34
33.55
33.62
33.28
33.15
33.26
33.12
32.91
33.43
33.02
32.84
33.33
33.36
32.91
33.09
31.98
31.72
32.08
32.52
32.08
31.93
32.05
31.48
32.22
31.81
31.62
31.88
30.74
31.91
30.95
31.12
31.19
31.46
31.26
32.17
31.77
32.14
32.00
31.57
31.98
32.38
32.26
32.07
31.55
31.79
31.77
32.14
32.48
31.84
31.93
32.67
32.81
33.05
33.47
33.50
33.40
32.79
33.45
33.14
33.38
33.38
33.47
33.47
33.48
33.28
32.57
32.53
32.22
32.27
32.72
32.95
33.03
33.36
33.38
32.79
32.52
32.34
32.14
32.26
32.31
32.53
32.91
33.50
33.62
34.28
34.90
35.04
34.79
34.64
34.50
33.79
34.78
34.16
34.67
34.67
34.48
34.67
34.59
34.98
34.74
34.62
34.33
34.45
34.67
34.67
34.83
35.17
34.54
34.88
34.85
34.73
34.57
34.83
34.71
34.88
35.04
34.57
34.78
35.00
34.76
34.35
34.38
34.59
34.52
34.95
33.91
34.86
35.16
35.19
35.02
35.00
35.28
35.71
35.86
35.09
35.69
35.11
35.07
35.26
34.69
35.14
34.85
34.67
35.02
34.73
33.97
34.45
34.52
34.67
34.92
34.69
34.40
34.79
34.78
35.11
34.69
33.91
34.38
34.12
34.23
35.05
35.09
34.97
35.05
34.33
34.57
34.43
34.28
34.64
34.57
34.52
34.88
35.24
35.33
35.16
34.71
34.95
34.59
34.86
34.98
35.02
34.98
35.48
35.30
35.05
34.62
34.45
33.74
33.85
34.29
34.54
34.07
33.64
33.91
33.91
33.55
34.23
34.95
34.64
34.81
35.24
35.33
35.52
35.45
35.48
35.88
35.54
34.98
34.97
34.97
34.73
34.55
34.95
35.33
35.21
35.19
35.74
35.66
35.31
35.26
36.11
35.50
35.07
34.64
34.67
35.69
35.07
34.69
34.74
35.16
35.52
35.71
35.47
35.00
35.07
35.05
35.23
35.00
34.24
34.78
35.05
35.14
35.52
36.09
35.85
36.02
35.85
35.90
35.69
35.04
35.28
35.57
35.80
36.07
35.92
35.59
36.23
36.37
35.43
34.78
35.69
35.31
35.02
35.02
35.07
35.55
35.71
35.42
35.78
35.73
35.88
36.24
35.85
35.35
35.04
35.57
35.62
35.83
36.52
36.45
36.37
36.64
36.83
36.42
36.81
37.02
37.02
36.78
36.59
36.93
36.97
36.68
36.78
36.68
36.68
36.38
36.21
36.74
36.95
36.62
36.52
35.88
36.02
35.26
34.81
35.54
36.24
36.52
35.71
35.42
36.31
36.28
36.14
35.80
36.69
36.21
36.42
36.12
36.24
36.30
36.57
36.93
36.35
37.25
37.11
36.81
36.92
36.88
37.12
37.61
37.31
37.50
36.93
36.87
36.68
36.38
36.69
36.26
36.16
36.38
36.14
36.33
36.83
36.92
37.35
37.66
37.61
37.25
36.47
37.16
37.23
37.66
37.31
38.07
37.88
37.54
37.12
37.45
37.61
37.69
37.61
37.94
37.87
37.61
37.59
37.75
37.97
38.09
37.63
37.83
37.33
37.76
37.81
37.73
37.88
38.00
37.81
37.97
38.35
38.26
38.78
38.44
37.90
37.66
37.04
37.11
37.50
37.59
38.02
38.13
37.97
37.76
37.49
37.50
37.69
37.80
37.59
37.68
38.19
38.63
38.75
39.06
39.09
38.89
39.13
39.35
39.28
38.83
38.57
38.83
38.09
38.00
38.35
38.26
37.63
38.09
38.44
37.69
37.63
37.54
37.94
37.59
38.19
38.45
37.71
37.44
37.47
37.40
37.85
38.02
38.13
38.18
38.49
38.63
38.06
38.13
38.64
37.90
37.83
38.00
37.31
37.85
38.09
38.92
39.01
38.89
39.06
38.61
38.56
38.54
38.52
38.80
38.32
38.06
38.40
38.11
38.68
38.73
39.01
39.71
39.56
39.13
38.49
39.40
39.21
39.75
39.66
39.66
38.85
39.06
38.64
38.92
38.70
38.61
38.61
38.92
39.35
39.37
39.39
39.49
40.08
39.83
39.89
40.18
40.40
40.18
40.21
40.89
40.33
40.21
40.37
39.92
40.20
40.51
40.87
40.47
40.33
40.35
39.97
39.99
39.82
39.23
39.04
38.82
39.33
39.35
39.87
39.85
39.73
39.83
40.23
40.33
39.77
39.80
40.09
40.58
40.71
40.33
40.66
40.68
40.66
40.51
40.71
40.61
40.16
40.23
39.56
39.83
40.02
39.89
40.04
40.13
40.32
40.63
40.75
41.15
41.23
40.99
41.44
41.22
41.04
41.13
41.09
40.49
40.99
41.09
41.28
41.42
41.63
41.70
41.80
41.87
41.63
41.84
42.03
42.34
41.97
42.32
42.01
41.75
41.80
41.70
41.56
41.72
41.54
40.97
41.92
41.34
40.80
41.22
41.13
41.25
40.52
40.58
41.20
41.06
41.34
41.15
40.73
40.27
40.39
40.63
41.03
41.53
41.35
40.92
41.03
40.73
41.27
41.63
41.94
41.44
41.80
41.77
41.82
42.13
42.25
42.56
42.51
41.99
42.06
42.13
42.29
42.47
42.53
42.35
42.47
42.60
42.34
41.80
42.06
42.73
42.39
42.85
42.92
42.11
41.85
41.39
41.35
41.46
41.46
41.28
41.63
41.80
41.84
41.80
41.82
41.77
42.06
42.29
42.35
42.72
42.41
42.60
41.84
41.53
42.01
42.16
41.75
41.66
42.11
41.28
41.73
41.87
42.34
42.51
42.53
42.32
42.41
42.77
42.10
41.58
41.68
41.94
42.03
41.80
42.04
42.18
42.84
42.84
43.17
42.66
43.10
42.68
43.23
43.08
43.15
43.27
43.03
43.25
42.98
43.29
43.15
43.36
43.96
43.49
43.65
44.08
44.13
44.27
44.48
44.48
44.32
44.41
44.43
44.43
43.89
43.70
43.84
44.32
44.18
44.34
44.29
43.30
43.56
43.73
43.82
42.80
42.92
43.06
43.17
43.23
43.23
43.61
43.36
43.30
43.80
44.08
44.01
43.65
43.46
43.37
43.61
43.80
43.92
44.32
44.39
44.18
44.60
43.82
43.48
43.67
44.22
44.60
44.70
44.49
44.53
44.68
44.65
44.49
44.41
43.91
43.86
44.08
43.86
44.24
44.15
43.65
43.51
44.11
44.25
44.30
43.84
44.18
44.65
44.48
44.43
43.84
44.62
44.25
43.98
44.06
43.92
44.43
44.29
44.11
44.15
44.34
43.86
43.86
43.89
43.91
44.18
44.37
44.20
43.99
43.82
44.10
43.25
43.32
44.05
44.65
44.27
44.36
44.56
44.39
44.60
44.25
44.39
44.56
43.99
44.55
44.68
44.06
43.94
43.96
44.13
44.46
44.75
44.15
44.72
45.05
44.86
44.53
44.99
44.41
44.37
44.60
44.37
44.46
43.61
43.58
44.11
44.20
43.84
43.94
44.11
43.92
44.56
44.60
44.98
44.77
44.80
45.10
45.63
44.94
45.13
45.03
45.44
45.65
45.48
45.22
45.22
45.15
45.06
44.99
45.01
44.87
44.62
44.39
44.24
44.49
44.94
45.12
45.24
45.56
45.46
45.70
45.62
45.17
45.15
45.05
45.36
45.32
45.44
45.58
45.32
45.58
45.65
45.56
45.81
45.31
45.77
45.67
45.81
45.84
45.84
45.10
45.39
45.06
44.98
45.51
45.25
45.20
44.86
45.43
45.69
45.03
45.08
45.25
45.50
45.84
45.94
46.50
46.36
46.65
46.51
46.34
45.63
45.18
45.84
45.75
45.65
45.43
45.70
46.31
45.70
45.60
45.65
46.15
46.17
46.20
46.13
46.05
45.91
46.32
45.56
45.37
46.10
46.03
46.08
46.19
46.36
46.84
46.19
45.98
45.84
45.43
45.34
45.29
46.10
46.05
46.31
46.05
45.29
45.94
45.53
45.81
45.98
46.12
45.53
45.50
46.01
45.88
45.98
46.00
46.51
46.62
46.72
46.72
46.98
46.70
46.76
46.51
46.51
46.32
46.50
46.96
46.74
46.38
46.29
46.20
46.39
45.96
46.31
46.57
46.77
46.67
46.53
46.36
46.48
46.06
45.89
45.93
46.17
46.41
46.74
46.69
46.48
46.93
46.51
46.44
46.58
46.62
46.58
46.57
46.63
46.74
46.86
46.67
46.84
47.08
47.22
47.19
47.46
47.43
47.29
47.32
47.15
47.32
46.89
46.98
47.07
47.43
47.60
47.83
48.07
48.58
47.39
46.89
47.07
47.26
47.20
47.08
47.46
47.31
47.74
47.46
47.81
47.12
47.15
47.51
47.77
47.64
47.45
47.69
47.15
46.79
47.08
47.50
47.76
47.72
47.36
47.45
47.27
46.98
46.53
46.84
46.77
47.01
46.98
46.77
47.12
47.72
47.86
48.12
48.48
48.15
48.39
48.39
48.52
48.14
47.81
47.95
47.45
48.19
48.07
48.36
48.83
48.93
49.40
49.60
48.91
49.02
48.71
48.79
48.86
48.81
48.93
49.12
49.03
48.84
48.43
48.33
47.95
48.19
47.93
47.84
48.22
48.29
48.53
48.05
48.60
48.86
48.22
48.67
48.60
47.95
48.10
47.91
47.95
48.34
48.67
47.86
48.39
48.17
48.65
48.62
48.50
48.60
48.48
48.86
48.07
48.41
48.45
48.38
47.96
48.15
48.60
48.76
48.41
48.38
48.12
48.07
48.52
48.64
48.53
48.05
48.17
48.58
47.93
48.12
47.84
48.10
48.22
48.22
48.07
48.29
48.43
48.76
48.77
49.03
48.67
48.72
48.90
49.12
49.62
49.57
49.53
49.52
49.31
49.50
49.15
49.00
48.90
48.52
48.83
48.72
49.14
49.03
48.62
49.38
49.52
49.22
49.22
48.90
48.86
48.69
48.36
48.46
48.17
49.10
49.36
49.28
49.79
49.62
49.69
49.72
49.60
49.64
50.00
49.95
50.09
50.14
50.02
49.55
49.83
49.52
49.88
50.21
49.81
49.52
49.71
49.95
49.22
48.91
49.38
49.15
49.38
49.53
49.64
49.14
50.05
50.28
50.35
50.43
50.10
50.14
50.02
50.35
50.14
50.00
50.28
50.33
50.21
50.07
50.17
49.84
49.81
49.98
50.41
50.03
50.45
49.65
49.34
49.43
49.84
49.71
49.81
50.29
50.83
50.95
50.45
50.71
50.03
50.38
50.12
50.55
51.02
51.29
51.02
51.05
50.67
50.74
50.90
50.67
50.91
50.69
51.09
51.04
50.86
51.00
51.31
51.48
51.09
51.38
51.35
50.88
51.09
51.29
50.93
50.36
50.54
50.76
50.59
50.17
50.05
50.79
51.12
50.88
50.85
51.00
51.02
51.23
51.42
51.12
51.35
51.02
51.00
51.17
50.86
50.59
51.02
50.71
50.47
50.64
50.47
50.57
50.62
50.78
50.98
51.09
51.24
50.48
51.00
50.72
50.16
50.02
50.41
50.78
50.95
50.72
50.78
50.83
50.22
50.90
51.05
51.09
50.98
50.69
50.85
51.21
51.19
51.00
50.88
50.62
50.52
50.22
49.98
49.65
49.97
50.07
50.26
50.17
50.79
50.69
50.54
50.64
50.57
50.52
50.41
50.54
50.54
50.00
50.78
50.91
51.28
50.71
50.64
50.71
50.93
50.83
51.17
50.83
51.36
51.52
50.91
51.14
51.09
51.04
50.98
50.97
51.07
51.04
51.17
51.05
50.72
50.64
51.74
51.50
51.55
51.76
51.67
51.57
51.71
51.40
51.64
51.90
51.55
51.57
51.88
51.64
52.05
52.11
52.11
51.86
51.95
51.59
52.04
52.38
51.98
51.79
51.79
51.73
51.69
52.05
52.28
51.98
51.92
51.95
51.86
52.16
51.98
52.26
51.74
51.67
50.74
51.05
51.02
51.66
50.85
50.85
51.24
51.14
51.26
51.93
51.45
52.00
52.43
51.98
51.90
52.12
52.69
52.21
52.62
52.69
52.40
52.02
52.14
52.31
52.11
52.21
52.35
52.49
52.16
52.43
52.49
51.95
52.30
52.07
51.92
52.43
52.21
52.16
52.54
52.47
52.33
52.40
52.33
52.69
52.57
52.31
52.55
52.62
52.14
52.17
52.00
52.26
52.24
52.02
51.64
51.24
51.33
51.62
52.21
51.95
52.00
52.33
52.09
52.17
51.83
51.85
51.64
52.40
52.45
52.23
51.81
52.40
52.36
52.30
52.54
52.40
52.80
52.28
52.52
52.14
51.98
52.23
51.74
52.05
52.11
52.33
52.47
52.30
52.24
52.24
52.05
51.90
51.71
51.78
52.09
52.11
52.31
52.00
52.14
52.57
52.16
52.50
52.36
52.35
52.50
51.98
52.00
52.47
52.66
52.71
52.64
52.76
53.16
52.95
53.09
52.85
52.81
52.97
53.26
53.38
53.19
52.49
52.45
52.66
52.83
52.16
51.93
51.81
51.79
51.85
52.12
52.28
52.49
52.38
52.49
52.62
52.45
52.30
52.42
52.45
52.76
51.97
52.76
52.47
53.23
53.30
53.11
53.00
52.47
52.49
52.78
52.83
53.35
53.57
53.33
53.18
53.33
52.99
52.36
52.93
53.31
53.33
53.38
53.64
53.62
53.68
53.90
53.69
53.75
53.73
53.81
53.64
53.73
53.40
53.45
53.88
54.04
54.11
54.18
54.40
53.59
53.35
53.52
53.94
53.59
53.14
53.04
53.07
53.24
53.42
53.37
53.57
53.49
53.49
54.12
53.19
53.40
53.59
53.54
53.49
53.57
54.02
54.14
53.94
54.31
54.42
54.44
54.14
54.52
54.09
53.66
53.69
54.25
53.88
54.44
54.52
54.02
53.94
53.56
53.69
53.35
53.49
53.95
53.94
53.90
54.02
54.59
54.54
54.26
54.68
54.38
54.73
54.37
54.52
54.54
54.66
54.73
54.38
54.54
54.73
54.56
54.38
54.42
54.30
54.92
54.90
54.33
54.00
53.76
54.18
54.44
54.61
54.57
54.64
54.57
54.21
54.26
54.06
54.06
54.26
54.71
54.18
54.00
53.83
53.92
54.31
54.31
54.21
54.19
53.88
53.87
53.59
53.85
54.02
54.42
53.66
53.78
53.94
53.61
53.49
53.56
53.83
53.47
52.93
53.64
53.83
53.85
53.90
53.78
53.09
53.75
53.69
53.71
53.42
53.43
53.30
53.43
53.33
53.37
53.45
53.43
53.83
53.59
53.69
53.56
54.04
53.19
53.68
54.21
53.81
53.75
53.80
53.52
53.61
53.68
53.49
53.62
53.92
53.75
53.85
53.78
53.83
53.80
53.56
53.37
53.00
53.24
52.93
53.33
53.62
53.30
53.16
53.33
53.49
53.68
53.73
53.47
53.56
53.66
54.11
54.52
54.49
53.99
54.21
54.49
54.37
54.25
54.56
54.83
54.88
54.82
55.18
54.76
54.88
54.69
55.14
54.99
54.75
54.92
54.87
55.09
55.11
55.04
54.33
54.82
54.40
54.12
54.66
54.87
54.87
55.21
54.99
54.68
54.95
54.61
54.97
54.97
54.90
54.71
54.88
55.32
54.97
55.04
55.04
54.73
54.85
55.28
54.76
54.02
54.47
54.69
54.45
54.95
55.18
54.75
55.13
54.95
55.11
55.30
55.23
54.94
55.02
54.78
55.28
55.23
55.40
55.49
55.71
55.61
55.52
55.28
55.02
54.73
54.95
55.07
54.49
55.14
54.88
55.04
55.23
55.26
54.88
55.07
55.57
55.49
55.76
55.70
55.56
54.99
55.21
55.51
55.26
54.42
54.80
55.02
54.99
55.11
55.04
54.59
54.95
54.59
54.14
54.37
54.37
53.97
54.23
54.19
54.69
54.64
54.94
54.68
54.97
55.47
54.87
54.92
54.73
55.16
55.01
54.73
55.09
54.76
54.59
54.56
54.31
54.71
54.63
54.50
54.56
54.80
54.85
54.78
54.99
54.94
55.14
55.11
54.88
54.99
54.97
55.02
54.68
54.44
54.71
54.88
55.26
55.38
55.49
55.01
55.04
55.04
54.85
54.87
54.47
54.64
54.92
55.20
54.97
55.20
55.01
55.09
55.11
55.30
55.61
55.52
55.61
55.42
55.64
55.75
55.49
55.45
55.40
55.64
55.70
55.70
55.47
55.57
55.82
55.76
55.42
55.26
55.83
55.45
55.64
55.61
55.32
55.73
55.87
55.25
55.78
55.83
55.94
55.99
55.78
55.57
55.45
55.42
55.14
55.87
55.94
55.90
55.82
55.52
55.40
55.32
55.35
55.13
55.32
55.51
55.30
55.20
55.87
55.78
55.71
55.92
55.47
55.73
55.47
56.09
55.90
55.47
55.33
55.44
55.68
55.57
55.94
56.08
56.01
56.01
56.28
55.78
55.54
55.20
55.33
55.30
55.70
55.52
55.70
55.68
55.94
55.61
55.78
55.42
55.89
55.80
56.02
56.02
55.70
55.82
56.33
56.35
56.08
55.99
56.20
55.83
56.06
55.40
55.89
55.92
55.44
55.44
55.32
55.28
55.47
55.52
55.92
55.87
55.68
55.87
56.49
56.49
56.39
56.68
56.96
56.96
56.70
56.90
57.23
57.04
56.56
56.70
56.27
56.61
56.77
56.70
56.35
56.51
56.58
56.96
57.20
56.68
56.54
57.28
56.83
56.59
56.92
56.47
56.85
56.58
56.51
56.87
56.80
56.78
56.97
57.02
56.64
56.68
56.99
56.58
55.97
55.78
55.87
56.30
56.20
56.25
56.54
56.32
56.51
56.61
56.59
56.68
56.56
55.78
55.76
55.94
56.11
56.47
56.56
56.90
56.54
56.52
56.64
56.73
56.97
56.82
56.96
56.61
56.44
56.51
56.94
57.27
57.18
57.21
56.59
57.01
56.90
56.71
56.77
56.63
56.68
56.59
56.13
56.09
56.01
56.23
56.37
56.92
56.80
56.61
56.39
56.63
56.25
56.51
56.82
56.51
56.73
56.80
56.39
56.99
57.25
57.23
56.77
56.94
57.11
57.09
56.75
56.96
56.45
56.51
56.73
56.94
56.96
56.87
57.49
57.84
57.46
57.54
57.44
57.23
57.20
57.40
57.34
56.61
56.73
56.94
56.77
57.06
57.16
57.21
57.04
57.23
57.18
57.37
57.37
57.20
57.44
57.30
57.18
57.56
57.54
58.16
57.84
57.90
57.73
57.46
57.32
57.30
57.68
57.56
57.94
58.09
58.32
58.30
58.37
58.53
58.51
58.47
58.20
58.34
57.53
57.30
57.51
57.25
57.65
57.54
57.11
56.78
57.13
56.54
56.64
57.08
57.42
57.40
57.66
57.89
57.82
57.77
57.61
57.80
57.80
57.96
58.13
57.94
57.51
57.51
57.82
57.97
57.63
57.66
57.58
57.96
57.97
57.59
57.65
57.32
57.20
57.30
57.87
57.75
58.16
57.96
58.15
57.92
57.58
57.25
57.34
57.04
56.96
56.71
56.83
57.02
57.18
57.13
56.85
56.73
56.01
56.14
56.56
56.87
56.94
57.18
57.34
57.32
57.30
57.56
57.47
57.21
57.15
57.51
57.49
57.11
57.59
57.49
57.20
57.80
57.53
57.40
56.71
56.75
57.37
56.87
57.27
57.44
57.51
57.37
57.90
57.61
57.73
57.39
57.35
57.61
57.11
57.49
57.56
57.47
57.04
57.58
57.75
57.35
57.27
57.30
57.37
57.06
57.09
57.32
57.28
57.28
56.96
57.27
57.63
57.16
56.94
57.30
57.47
57.65
58.03
57.85
57.66
57.99
58.46
58.28
58.06
58.09
58.08
58.04
58.41
58.15
58.18
57.99
57.82
58.22
58.22
57.87
57.65
57.59
57.53
57.68
57.66
57.61
57.04
56.97
56.68
56.42
56.89
56.39
56.78
57.20
57.08
57.56
57.73
58.11
57.23
57.77
57.46
57.54
57.71
57.23
57.40
57.56
57.08
57.84
58.20
58.13
58.20
58.18
57.80
57.85
57.97
57.65
58.01
57.85
57.97
58.60
58.47
58.47
58.61
58.56
58.27
57.97
58.13
58.09
58.25
58.11
58.13
57.80
58.18
58.56
58.75
58.92
58.87
58.54
58.23
58.25
58.39
58.87
58.63
58.77
58.49
58.49
58.60
58.68
58.20
57.84
58.22
58.49
58.60
58.51
58.51
57.82
57.90
57.56
58.04
58.54
58.68
58.42
58.37
58.46
58.37
58.03
57.77
57.96
57.89
57.92
57.92
57.68
58.15
57.94
57.53
57.89
57.59
57.11
57.84
57.78
57.75
57.73
57.99
58.01
58.11
58.28
58.18
58.13
58.46
58.08
58.28
57.89
57.82
58.25
58.61
58.08
58.27
58.16
58.68
58.70
58.37
58.44
57.80
58.20
57.85
58.01
58.28
58.61
58.60
58.96
58.89
59.37
59.30
59.10
58.56
58.49
58.65
58.32
58.39
58.72
58.82
58.49
58.47
57.94
58.09
58.47
58.53
58.32
58.16
57.97
58.22
58.60
58.78
58.51
58.11
58.47
58.27
58.06
57.82
57.94
58.16
58.20
58.22
58.34
58.18
58.56
58.46
58.35
58.84
58.56
58.49
58.60
58.66
58.72
58.49
58.80
58.78
58.92
59.01
59.01
58.92
58.80
58.75
58.92
58.77
58.99
59.08
59.16
59.06
59.22
59.32
58.68
58.28
58.82
59.01
59.42
59.22
59.16
58.92
58.63
58.85
58.87
58.92
59.35
59.29
59.30
59.48
59.94
59.75
59.91
59.48
59.20
59.20
59.10
59.42
58.94
58.87
59.01
59.18
59.22
59.06
59.22
58.94
59.04
59.46
59.06
59.15
59.49
59.37
59.16
59.27
59.04
58.92
59.22
59.18
59.16
59.04
58.89
59.15
59.35
59.42
59.20
58.61
58.54
58.70
58.68
58.87
58.72
59.25
59.29
59.41
58.97
59.15
59.25
59.39
59.03
59.34
59.53
59.35
59.61
59.44
59.30
59.29
59.34
59.06
59.49
59.35
59.68
59.67
59.25
59.11
59.11
59.56
59.67
59.58
59.53
59.34
58.96
59.25
59.37
59.13
59.49
59.51
59.03
58.72
58.97
59.15
59.16
59.03
58.47
58.84
58.60
58.61
58.99
59.13
58.94
58.65
58.54
58.68
58.42
59.01
58.80
59.42
59.08
59.16
58.97
59.01
59.01
58.68
59.06
59.44
59.42
58.85
59.23
59.30
59.15
59.42
59.53
59.65
59.53
59.46
59.39
59.56
59.25
59.10
58.96
59.10
58.94
58.84
58.80
59.04
58.61
58.70
58.63
58.66
59.15
59.06
59.18
59.30
59.22
58.54
58.42
58.54
58.58
58.65
59.13
59.16
58.92
58.99
58.97
58.89
59.30
59.03
58.91
59.22
58.60
58.82
58.73
59.04
58.92
59.42
59.11
59.04
58.94
58.46
58.28
58.58
58.63
58.58
58.82
58.84
58.30
58.66
58.96
58.82
58.56
58.60
58.70
58.70
58.91
58.51
59.08
58.92
59.11
58.63
58.82
58.63
59.25
58.91
58.73
58.65
58.53
58.54
58.63
59.03
58.96
59.03
59.22
59.32
59.27
59.63
59.42
59.61
59.41
59.49
59.60
59.63
59.75
60.08
60.04
59.73
60.01
59.46
59.42
59.86
59.73
59.99
59.58
59.49
59.60
59.72
59.91
59.68
59.60
59.32
59.35
59.48
59.11
59.25
59.63
59.67
59.70
59.94
59.89
59.35
59.42
59.08
59.01
59.10
58.85
58.77
59.53
59.42
59.48
59.68
59.51
59.48
59.48
59.72
60.01
60.13
60.18
60.39
60.36
60.10
60.60
60.53
60.27
60.20
60.06
59.84
60.01
60.13
60.15
59.96
60.18
59.80
59.82
59.89
59.96
59.80
60.03
60.41
60.30
60.10
59.82
60.13
60.04
60.13
60.32
60.41
60.41
60.34
60.61
60.25
60.18
60.34
59.92
59.68
59.54
59.46
58.77
58.68
58.70
59.20
58.96
59.20
59.11
59.20
59.22
59.13
59.06
59.16
58.82
58.96
59.37
59.51
59.98
60.10
59.73
59.77
59.39
59.48
58.92
59.11
59.11
59.41
59.20
59.41
59.61
59.96
59.39
59.35
59.53
59.44
59.80
59.65
59.72
59.82
59.73
60.29
60.27
60.29
60.10
60.08
59.92
60.30
60.23
59.98
59.79
59.91
59.87
59.98
59.61
59.54
59.70
59.80
59.44
59.32
59.77
59.44
59.98
60.22
60.04
60.10
60.29
60.36
60.32
60.06
59.63
60.18
59.91
59.51
59.37
59.67
59.96
59.68
59.67
59.60
59.73
59.87
60.03
60.01
60.08
59.56
59.70
59.92
60.15
60.32
60.44
60.25
60.18
59.89
60.03
60.18
60.10
60.03
59.86
59.91
59.67
59.99
59.75
59.54
59.72
59.92
59.98
59.89
59.60
59.84
59.92
60.01
59.94
59.51
59.70
59.39
59.60
59.80
59.68
59.63
59.89
59.92
59.73
59.22
59.51
59.30
59.58
59.51
59.65
59.87
59.35
59.49
59.72
59.98
59.75
60.27
60.36
60.41
60.44
60.29
60.34
59.91
60.01
59.79
59.86
59.84
59.92
59.84
59.56
59.53
59.18
59.32
59.41
59.44
59.73
60.03
60.18
59.96
60.29
60.36
60.04
60.04
60.11
60.04
59.86
59.94
59.91
59.56
59.91
60.08
60.11
60.03
59.86
59.75
59.91
59.89
60.30
60.01
60.25
60.34
60.44
60.58
60.51
60.36
60.58
60.30
60.49
60.39
60.87
60.80
60.87
60.51
60.44
60.10
60.04
60.20
60.13
60.11
59.96
60.01
59.92
60.37
60.44
60.22
60.32
60.49
60.63
60.79
60.72
60.82
60.68
60.44
60.22
60.46
60.18
60.82
60.44
60.51
60.48
60.08
60.17
60.80
60.63
60.58
60.68
60.48
60.30
60.56
60.63
60.87
60.89
61.36
61.46
61.10
60.68
60.82
61.05
61.01
61.53
61.60
61.55
61.55
61.48
61.55
61.36
61.32
61.08
60.98
60.87
60.96
60.87
60.87
60.82
61.24
61.01
61.11
61.17
61.53
61.39
61.39
61.25
61.36
61.55
61.46
61.22
61.06
60.96
61.17
61.27
61.24
61.20
61.48
61.49
61.06
60.99
61.44
61.27
61.15
60.56
60.72
60.60
60.79
60.34
60.51
60.37
60.67
60.55
60.79
60.42
60.89
61.05
60.55
60.58
60.65
60.68
60.61
60.67
61.01
60.87
60.79
60.56
60.22
60.25
60.04
59.73
59.89
60.06
60.60
60.46
60.39
60.32
60.06
60.39
60.67
60.61
60.51
60.44
60.60
60.67
60.94
60.75
60.99
60.79
61.03
60.70
60.77
60.67
60.87
60.65
60.82
60.56
60.72
60.58
60.93
60.46
60.58
60.87
60.94
60.89
60.72
60.49
59.79
60.10
60.18
60.20
60.36
60.11
60.61
60.13
60.41
60.39
60.44
60.18
60.42
60.23
60.53
60.49
60.27
60.30
60.56
60.41
60.25
60.58
60.70
60.23
60.87
61.29
60.86
60.84
60.72
61.03
60.82
60.77
60.75
60.72
60.49
60.42
60.34
60.48
60.72
60.65
61.13
61.01
60.80
61.32
61.32
60.98
60.99
61.15
61.10
60.99
60.98
60.84
60.68
60.74
60.99
61.18
60.93
60.94
60.37
60.39
60.55
61.05
61.03
61.20
61.17
60.77
61.08
61.27
61.34
61.53
61.51
61.15
60.91
61.34
61.41
61.75
61.67
61.60
61.49
61.81
61.65
61.37
61.53
61.20
61.53
60.70
60.96
60.94
60.89
60.94
60.99
61.20
61.17
60.86
61.27
61.41
61.49
61.60
61.25
61.22
61.25
61.10
60.91
61.18
61.49
61.29
60.96
61.03
60.91
60.84
61.17
60.67
60.37
60.48
60.74
60.87
60.61
60.18
60.20
60.39
60.58
61.22
60.70
61.18
60.86
61.11
61.34
60.84
60.96
60.82
61.25
61.41
61.01
60.99
60.87
60.93
60.80
60.74
60.84
60.94
60.89
61.41
61.79
61.53
61.67
61.51
61.30
61.17
61.08
61.53
61.37
61.43
61.51
61.37
61.39
61.37
61.34
61.48
61.58
61.43
61.53
61.51
61.87
61.94
62.01
61.72
61.63
61.67
61.65
61.43
61.48
61.37
61.13
61.75
61.37
61.49
61.41
61.39
61.06
61.67
61.84
61.72
61.60
61.25
61.49
61.62
61.41
61.53
61.32
61.22
61.20
61.13
61.24
61.15
61.43
61.17
61.55
61.08
61.22
61.36
60.87
61.20
61.43
61.37
61.48
61.24
60.74
60.37
60.53
60.08
60.58
60.82
60.74
60.67
60.87
60.82
60.74
60.61
61.20
61.15
60.79
61.06
60.84
60.94
60.87
60.96
60.91
61.01
60.98
61.11
61.32
61.46
61.72
61.37
61.49
61.08
60.79
60.61
60.56
60.61
60.79
60.89
60.68
60.94
60.70
60.77
60.93
61.03
61.13
61.06
61.46
61.67
61.75
61.56
61.55
61.55
61.39
61.46
61.15
61.43
61.53
61.81
61.79
61.77
61.51
61.65
61.39
61.79
61.46
61.65
61.60
61.70
61.58
61.41
61.60
61.49
61.44
61.20
61.29
60.86
61.51
61.53
61.48
61.46
61.60
62.00
61.68
61.37
61.56
61.63
61.87
61.93
61.86
62.05
62.10
62.13
62.12
61.89
61.82
61.77
61.86
61.27
61.37
61.55
61.22
61.29
61.56
61.24
61.37
61.49
61.81
61.65
61.74
61.75
61.67
61.51
61.15
61.41
61.53
61.55
61.41
61.43
61.46
61.27
61.44
61.49
61.60
60.96
60.65
60.72
61.13
61.49
61.67
60.93
61.36
61.24
61.05
61.18
60.93
61.37
61.39
61.37
61.55
61.15
61.25
61.24
61.27
61.25
61.58
61.39
60.89
61.15
61.01
61.03
61.34
61.30
61.29
61.56
61.79
61.75
61.65
61.84
62.03
61.41
62.05
62.00
61.94
61.79
61.74
61.53
62.03
61.79
62.03
62.25
62.25
62.32
62.32
62.06
61.65
61.81
61.81
61.91
62.29
62.05
61.63
61.58
61.94
61.65
62.03
61.70
61.67
61.46
61.43
61.24
60.94
61.37
61.39
61.20
61.43
61.58
61.89
61.46
61.65
62.13
62.20
61.68
61.60
61.63
62.00
62.20
61.81
61.67
61.67
61.46
61.37
61.05
61.49
61.32
61.56
61.24
60.89
61.48
61.24
62.03
62.27
62.41
62.27
62.06
62.00
62.24
62.20
62.19
62.08
61.82
61.56
61.81
61.93
61.74
61.89
61.70
61.79
61.68
61.89
61.72
61.70
61.84
61.82
61.56
61.46
61.49
61.44
61.46
61.82
61.94
61.74
61.67
61.58
61.37
61.41
61.41
61.53
61.43
61.56
61.30
61.27
61.11
61.24
61.53
61.34
61.82
61.48
61.49
61.56
61.86
61.41
61.44
61.55
61.37
61.48
61.11
61.20
61.51
61.10
60.96
61.24
61.32
61.25
61.68
61.48
61.65
61.62
61.49
61.58
61.49
61.81
61.67
61.41
61.53
61.62
61.17
61.53
61.49
61.67
61.65
61.79
61.89
61.96
61.96
62.15
61.98
62.01
61.67
61.79
61.98
61.89
61.63
62.17
61.77
61.84
61.96
62.22
61.96
62.03
61.62
61.84
61.91
61.79
61.82
61.79
61.68
61.48
61.36
61.43
61.87
61.32
61.48
61.68
61.84
62.08
61.75
62.01
62.01
62.15
61.94
61.75
61.96
62.22
62.06
61.87
62.06
61.53
61.89
61.94
62.06
62.27
62.41
62.01
61.75
62.06
61.81
61.87
61.81
62.13
62.03
61.87
62.00
61.96
61.89
62.08
61.72
61.77
61.72
61.63
61.82
61.93
62.15
61.87
61.87
62.60
61.96
62.31
62.48
62.36
62.39
62.44
62.50
62.82
62.56
62.69
62.84
63.19
63.00
63.20
62.89
62.58
62.63
62.70
62.55
62.67
62.69
62.93
62.75
62.34
62.67
62.34
62.70
62.65
62.72
62.88
62.93
62.82
62.98
62.58
62.62
62.72
62.67
62.50
62.88
63.15
63.29
62.98
62.84
62.96
62.77
62.75
62.82
62.58
62.55
62.41
62.53
62.46
62.62
62.48
62.32
62.43
62.29
62.53
62.50
62.62
62.53
62.43
62.19
62.36
62.65
62.36
62.36
62.50
62.48
62.34
62.24
62.70
62.25
62.72
62.51
62.22
61.98
61.79
62.25
62.37
62.05
62.00
61.89
62.06
62.13
61.98
62.19
62.22
62.32
62.37
62.67
62.48
62.82
62.82
62.62
62.65
62.34
62.17
62.27
62.17
62.22
62.36
62.36
62.39
62.13
62.12
62.67
62.55
63.00
62.53
62.62
62.53
62.82
62.36
62.44
62.43
62.22
62.13
62.27
62.56
62.22
62.25
61.94
61.91
62.44
62.29
62.56
62.72
62.91
62.69
62.65
62.31
62.43
62.34
62.19
62.08
62.32
62.51
62.65
62.44
62.81
62.79
62.79
63.20
63.12
62.84
62.62
62.63
62.75
62.82
62.77
62.77
62.79
62.56
62.60
62.67
62.44
62.44
62.48
62.62
62.36
62.39
62.82
62.96
62.84
62.89
63.32
63.27
63.22
63.10
63.03
62.98
62.96
63.13
63.03
62.93
62.77
62.69
62.56
62.67
63.07
62.58
62.79
62.58
62.60
62.81
62.53
62.36
62.29
62.44
62.19
62.00
62.24
62.39
62.50
62.51
62.36
62.00
62.10
62.17
62.12
62.36
62.55
62.74
62.72
62.86
62.72
62.39
62.60
62.31
62.50
61.91
61.86
61.93
61.96
61.81
62.03
62.37
62.19
62.44
62.86
62.72
62.62
62.84
62.60
62.69
62.58
62.69
62.36
62.58
62.63
62.08
62.36
62.69
62.70
62.79
62.93
63.07
63.29
63.13
62.93
62.84
63.15
63.13
63.20
63.27
62.93
62.43
62.55
63.10
63.19
63.01
63.39
63.17
63.17
63.41
63.15
63.05
63.26
63.41
63.10
63.05
62.96
62.77
62.96
63.38
62.98
63.12
63.10
63.43
63.48
63.32
63.55
63.15
62.91
63.00
63.05
63.36
63.38
63.46
63.29
63.20
63.36
63.86
63.62
63.19
62.75
62.81
62.79
62.70
63.08
63.22
63.34
63.38
63.46
63.44
63.32
62.84
63.17
63.31
63.24
63.26
62.86
62.62
62.39
62.60
62.82
62.65
62.63
62.77
63.10
63.24
63.27
63.13
62.91
62.77
62.89
62.69
62.96
63.41
63.13
63.01
63.10
63.17
63.31
63.58
63.74
63.65
63.51
63.32
63.50
63.41
63.29
63.48
63.20
63.22
62.88
63.00
62.96
63.19
63.08
63.07
63.19
62.94
62.94
63.13
63.15
62.91
63.38
63.44
62.91
62.82
63.10
63.13
63.57
63.41
63.20
63.62
63.62
63.53
63.50
63.26
63.67
63.13
63.31
63.44
62.91
62.98
63.13
63.26
63.01
63.36
63.07
63.24
63.31
63.19
62.93
62.81
62.63
62.51
62.77
62.75
62.91
62.93
62.72
62.63
63.00
62.89
62.67
62.75
62.31
62.51
62.29
62.01
62.50
62.08
62.08
62.43
62.24
62.39
62.27
62.50
62.55
62.31
62.44
62.00
62.01
61.79
61.91
62.32
62.65
62.50
62.24
62.37
62.43
62.34
62.62
62.34
62.53
62.44
62.60
62.67
62.72
62.89
62.72
62.19
62.10
62.22
62.34
62.50
62.51
62.01
61.70
61.60
61.79
62.08
61.89
62.05
61.94
62.05
62.08
62.06
62.36
62.22
62.39
62.63
62.44
62.63
62.77
62.46
62.58
62.58
62.32
62.63
62.70
62.55
62.77
62.89
62.67
62.98
62.89
62.82
62.67
62.32
62.17
61.94
62.15
61.84
61.84
61.74
61.86
62.05
62.24
62.69
62.75
62.75
63.05
62.84
62.51
62.55
62.94
62.88
62.82
63.03
63.24
63.24
63.17
62.88
63.29
63.20
63.24
63.07
63.15
63.05
63.05
62.74
62.91
62.86
62.48
62.70
62.69
63.03
62.88
62.89
62.86
62.98
63.29
63.38
63.27
63.44
63.43
63.46
63.32
63.53
63.31
63.22
62.77
63.13
63.13
63.39
63.39
63.62
63.32
63.29
63.63
63.79
63.88
64.17
63.69
63.95
63.98
64.12
64.05
63.70
63.29
63.70
63.19
63.70
63.86
64.08
63.65
63.93
63.77
63.46
63.29
63.67
63.57
63.63
63.86
63.03
63.05
63.39
63.27
63.29
63.46
63.74
63.65
63.62
63.62
63.65
63.44
63.51
63.43
63.38
63.31
63.32
63.19
63.17
63.13
63.17
63.07
63.29
63.36
62.96
63.00
63.15
63.20
62.84
62.88
62.86
63.03
63.15
63.27
63.34
63.29
63.57
63.43
63.34
63.22
63.43
63.10
63.00
62.74
63.00
63.08
63.03
63.15
63.36
63.29
63.44
63.43
63.58
63.31
63.81
63.60
63.95
64.05
64.07
64.00
63.96
64.00
63.95
63.53
63.48
63.34
63.32
63.36
63.65
63.63
64.12
64.00
64.01
64.39
64.38
64.19
64.34
64.36
64.41
64.22
64.05
63.82
63.79
64.03
63.70
64.07
64.34
64.22
63.89
63.98
64.03
63.65
63.27
62.96
63.10
63.62
63.41
63.19
63.31
62.89
63.03
63.10
63.36
63.44
63.72
63.77
63.95
63.69
63.32
63.03
63.34
63.57
63.29
63.51
63.55
63.44
63.31
63.51
63.62
63.57
63.55
63.29
63.51
63.53
63.26
63.38
63.32
63.43
63.19
63.46
63.20
63.29
63.31
63.60
63.69
63.62
63.95
64.10
63.84
63.95
64.24
63.95
63.96
63.95
63.76
63.58
63.41
63.53
63.86
63.70
63.79
64.03
64.17
64.05
63.89
63.84
63.62
63.67
63.60
63.65
63.63
63.76
63.65
63.51
63.57
63.44
63.44
63.67
63.57
63.65
63.48
63.65
63.24
63.17
62.72
62.75
62.89
63.01
63.10
63.70
63.63
63.72
63.58
63.41
63.43
63.43
63.60
63.13
63.31
63.36
63.62
63.79
63.88
63.84
63.57
63.81
63.89
63.50
63.05
63.08
63.29
63.46
63.72
63.60
63.50
63.76
63.98
64.05
64.14
63.98
63.63
63.93
63.50
63.88
63.91
63.57
63.86
63.72
63.41
63.38
63.44
63.79
63.84
63.76
63.74
63.57
63.55
63.50
64.08
64.08
63.89
64.01
64.07
63.98
64.01
64.19
64.05
64.07
63.89
63.60
63.51
63.63
64.00
63.82
64.01
63.81
63.86
64.00
63.89
64.26
64.36
64.20
64.26
64.07
64.12
63.93
63.72
63.82
63.89
63.98
63.82
64.29
64.36
64.03
64.22
63.86
64.46
64.33
64.22
64.34
64.43
64.43
64.33
64.22
64.43
64.24
64.46
64.31
64.39
64.46
64.24
63.98
64.08
64.03
63.91
63.93
63.98
63.95
64.01
63.84
63.79
63.62
63.76
63.95
64.00
63.79
63.79
63.98
64.22
64.07
64.03
64.39
64.34
64.26
64.10
64.17
64.26
64.10
64.41
64.26
64.19
64.20
63.81
63.89
63.69
63.79
63.41
63.44
63.62
63.34
63.36
63.70
63.62
63.15
63.77
63.57
63.41
63.32
63.60
63.53
63.63
63.62
63.57
63.72
64.03
63.77
63.86
63.82
63.91
63.76
64.01
63.76
64.10
64.20
64.33
64.45
64.58
64.64
64.50
64.19
64.33
64.12
64.52
64.12
64.34
64.39
64.19
64.41
64.46
64.29
64.07
64.41
64.53
64.46
64.36
64.38
64.45
64.15
64.34
64.15
63.98
64.17
64.22
64.39
64.57
64.26
64.76
64.55
64.58
64.36
64.19
64.22
64.53
64.24
63.74
63.55
63.46
63.51
63.07
62.94
63.27
63.15
63.70
63.95
63.72
63.70
63.84
63.91
63.53
63.32
63.27
63.60
63.65
63.27
63.34
63.67
64.03
63.76
63.69
63.53
63.81
63.53
64.00
63.69
63.53
63.51
63.53
63.70
63.69
63.74
63.84
63.77
63.51
63.76
63.81
63.46
63.44
63.84
63.70
63.70
63.57
64.00
63.86
64.07
64.00
64.12
64.45
64.27
64.14
64.08
63.79
63.86
63.84
64.24
64.31
64.45
64.53
64.45
64.50
64.01
63.79
63.88
63.60
63.48
63.36
63.26
63.22
63.31
63.57
63.44
63.07
63.27
63.01
62.91
63.01
63.31
63.50
63.76
63.44
63.22
63.32
63.39
63.65
63.86
63.81
63.88
64.24
64.15
63.95
63.81
63.48
63.69
63.63
64.08
63.70
63.44
63.46
63.69
63.82
63.98
64.20
63.79
63.46
63.76
63.57
63.70
63.43
63.72
63.95
63.86
63.48
63.34
63.24
63.05
63.34
63.46
63.39
63.48
63.27
63.36
63.79
63.82
63.74
63.74
63.84
63.95
63.58
63.17
62.88
63.13
63.50
63.43
63.41
63.55
63.81
63.53
63.44
63.48
63.62
63.46
64.03
63.76
63.70
64.07
64.26
64.26
64.24
64.45
64.14
63.89
64.10
63.88
64.07
64.22
63.72
64.05
64.08
63.72
63.72
63.81
63.86
63.96
63.74
63.93
63.69
63.77
63.86
63.77
63.88
63.77
63.98
64.05
64.29
64.17
64.07
64.14
64.36
64.31
64.12
64.27
64.29
64.52
64.43
64.24
64.38
64.53
64.36
64.20
64.52
64.70
64.57
64.93
64.84
64.60
64.14
64.20
63.86
63.79
63.36
63.26
63.74
63.72
63.58
63.95
63.86
64.07
64.10
64.36
64.15
64.15
64.41
64.58
64.10
64.07
63.95
64.17
64.12
64.39
64.24
64.45
64.03
64.00
63.79
64.14
64.39
64.10
64.00
64.15
63.76
63.39
63.57
64.01
63.72
63.62
63.63
63.81
63.65
63.88
63.89
64.10
64.19
64.29
64.72
64.50
65.08
64.76
64.36
64.53
64.50
64.50
64.39
64.88
65.07
64.67
64.62
64.48
64.19
64.43
64.43
64.60
64.65
64.07
64.22
64.24
64.08
64.08
64.31
64.38
64.29
64.14
63.96
64.00
64.00
64.39
64.19
64.05
64.14
64.24
64.22
64.01
63.93
64.38
63.98
64.38
64.27
64.10
64.14
64.05
64.48
64.55
64.08
64.26
64.20
64.08
63.69
63.79
63.76
63.98
63.82
63.41
63.62
63.58
63.57
63.65
63.55
63.13
63.69
63.86
63.79
63.22
63.38
63.48
63.51
63.63
63.67
63.81
64.07
64.01
63.74
63.77
63.82
63.77
63.74
63.84
64.08
63.77
64.03
63.96
64.12
64.26
64.46
64.27
64.26
64.38
64.45
64.53
64.38
64.70
64.83
64.60
64.22
64.34
64.22
64.08
64.19
63.65
64.07
64.10
64.19
64.46
64.24
64.38
64.34
64.20
64.17
64.26
64.53
64.50
64.31
64.46
64.43
64.57
64.52
64.72
64.86
64.77
65.03
64.89
65.07
65.10
64.93
64.84
65.03
64.91
64.83
64.76
64.83
65.03
65.14
64.91
64.74
64.60
64.69
64.86
64.83
64.98
64.83
64.79
64.86
65.08
64.89
65.07
64.79
64.81
64.88
64.98
65.27
65.10
65.22
65.19
64.86
65.43
65.00
64.70
64.70
64.53
64.62
64.52
64.00
64.26
64.27
64.01
63.91
64.22
63.69
63.70
63.86
64.01
63.93
64.10
64.34
64.12
63.70
64.50
64.62
64.45
64.43
64.70
64.50
64.43
64.48
64.62
64.36
64.58
64.17
64.41
64.79
64.81
64.95
64.81
64.95
65.00
65.00
64.83
64.65
64.60
64.15
64.15
63.98
64.17
64.01
63.88
63.41
63.44
63.69
63.82
63.72
63.91
64.29
64.76
64.76
64.58
64.86
64.69
64.27
64.24
64.46
64.52
64.77
64.48
64.45
64.55
64.24
64.14
64.12
64.12
64.27
64.33
64.00
64.15
64.27
64.34
64.24
64.43
64.70
64.38
64.52
64.41
64.00
63.96
63.98
64.27
64.34
64.60
64.46
64.33
64.55
64.45
64.29
64.36
64.62
64.65
64.64
64.64
64.50
64.81
64.77
64.45
64.72
64.84
64.08
64.38
64.24
63.84
64.14
64.24
64.00
64.46
64.20
64.14
64.19
64.27
63.98
64.10
64.29
64.36
64.60
64.53
64.72
64.79
64.79
64.55
64.60
64.57
64.45
64.22
64.14
64.34
64.36
64.74
64.55
64.58
64.50
64.74
64.74
64.39
64.46
64.58
64.64
64.52
65.15
65.38
64.96
65.10
64.91
65.00
64.95
64.84
64.93
64.96
64.65
64.91
64.76
64.64
64.58
64.62
64.45
64.57
64.41
64.70
64.41
64.69
64.98
64.81
64.67
64.79
64.50
64.52
64.36
64.52
64.58
64.95
64.91
64.95
64.81
64.93
64.96
64.88
64.86
64.43
64.77
64.88
64.77
65.02
65.12
64.91
65.27
65.03
64.46
64.79
64.76
64.93
65.00
64.77
64.46
64.55
64.52
64.50
64.22
64.36
64.55
64.74
64.64
64.26
64.05
64.15
64.24
64.12
64.39
64.05
64.01
63.50
63.70
63.62
63.74
63.48
63.50
63.76
64.15
64.00
64.05
