0.52
0.52
0.52
0.52
0.52
0.52
0.52
0.52
0.52
0.52
0.52
0.52
0.52
0.52
0.57
0.54
0.57
0.41
0.43
0.41
0.48
0.67
0.78
0.85
0.97
1.10
1.07
0.95
1.00
0.90
0.86
0.83
0.81
0.74
0.69
0.69
0.72
0.78
0.76
0.74
0.72
0.76
0.78
0.78
0.79
0.79
0.78
0.78
0.79
0.79
0.81
0.83
0.85
0.85
0.85
0.83
0.83
0.83
0.83
0.83
0.83
0.81
0.79
0.81
0.81
0.79
0.81
0.81
0.88
0.90
0.88
0.90
0.90
0.90
0.88
0.95
1.02
1.07
1.07
1.09
1.07
1.07
1.10
1.14
1.14
1.12
1.12
1.16
1.16
1.16
1.16
1.17
1.17
1.17
1.17
1.28
1.40
1.48
1.50
1.55
1.61
1.62
1.66
1.67
1.67
1.66
1.67
1.67
1.67
1.67
1.69
1.69
1.71
1.71
1.71
1.71
1.73
1.73
1.71
1.69
1.71
1.71
1.67
1.67
1.69
1.71
1.71
1.71
1.73
1.78
1.83
1.85
1.86
1.86
1.92
1.92
1.93
1.93
1.92
1.92
1.92
1.92
1.92
1.92
1.93
1.92
1.92
1.90
1.90
1.90
1.90
1.90
1.92
1.92
1.93
1.93
1.92
1.93
1.95
2.00
2.05
2.05
2.09
2.09
2.05
1.98
1.93
1.92
1.92
1.86
1.85
1.85
1.85
1.92
1.92
1.92
1.92
1.95
1.95
1.93
1.97
1.97
1.98
2.02
2.07
2.07
2.07
2.33
2.35
2.21
2.21
2.38
2.40
2.42
2.43
2.43
2.43
2.42
2.43
2.43
2.43
2.43
2.42
2.42
2.42
2.42
2.42
2.42
2.42
2.42
2.43
2.45
2.47
2.47
2.45
2.45
2.47
2.55
2.57
2.61
2.59
2.57
2.59
2.64
2.64
2.64
2.64
2.66
2.68
2.68
2.62
2.64
2.68
2.68
2.68
2.69
2.69
2.69
2.68
2.66
2.68
2.68
2.68
2.68
2.68
2.66
2.66
2.71
2.71
2.76
2.87
2.95
3.02
3.04
3.05
3.05
3.09
3.05
3.07
3.05
3.05
3.05
3.02
3.05
3.05
3.05
3.05
3.05
3.05
3.05
3.05
3.07
3.09
3.09
3.12
3.18
3.31
3.37
3.31
3.31
3.37
3.45
3.47
3.49
3.49
3.50
3.49
3.49
3.49
3.49
3.49
3.49
3.54
3.52
3.50
3.50
3.47
3.45
3.43
3.43
3.45
3.50
3.54
3.54
3.47
3.45
3.40
3.43
3.49
3.54
3.50
3.61
3.61
3.61
3.64
3.68
3.66
3.62
3.61
3.62
3.68
3.68
3.71
3.71
3.71
3.75
3.73
3.71
3.64
3.64
3.68
3.68
3.69
3.68
3.73
3.76
3.85
4.04
4.14
4.06
4.07
4.11
4.16
4.19
4.16
4.16
4.16
4.14
4.14
4.18
4.18
4.21
4.21
4.19
4.19
4.19
4.21
4.21
4.21
4.21
4.21
4.21
4.21
4.19
4.38
4.47
4.49
4.40
4.37
4.44
4.52
4.52
4.56
4.54
4.52
4.52
4.49
4.52
4.52
4.61
4.66
4.64
4.63
4.63
4.59
4.56
4.56
4.66
4.64
4.64
4.64
4.66
4.66
4.85
5.11
5.16
5.16
5.20
5.20
5.16
5.14
5.13
5.13
5.14
5.16
5.14
5.14
5.16
5.16
5.20
5.18
5.14
5.14
5.14
5.14
5.16
5.16
5.11
5.06
5.09
5.13
5.20
5.26
5.42
5.57
5.56
5.51
5.52
5.59
5.51
5.54
5.64
5.73
5.76
5.78
5.75
5.66
5.52
5.51
5.59
5.57
5.59
5.61
5.63
5.63
5.56
5.54
5.51
5.54
5.54
5.54
5.57
5.61
5.59
5.82
5.83
5.76
5.78
5.78
5.80
5.85
5.90
5.95
6.01
5.97
5.95
5.92
5.97
5.95
5.94
5.97
5.99
5.95
5.92
5.94
5.94
5.90
5.87
5.89
5.85
5.87
5.92
5.94
5.92
6.01
6.23
6.21
6.23
6.37
6.39
6.42
6.37
6.18
6.11
6.16
6.13
6.14
6.18
6.25
6.35
6.35
6.37
6.35
6.32
6.32
6.33
6.37
6.35
6.39
6.37
6.33
6.37
6.35
6.37
6.49
6.49
6.49
6.52
6.52
6.52
6.61
6.61
6.68
6.64
6.64
6.68
6.68
6.68
6.70
6.71
6.71
6.71
6.73
6.70
6.71
6.71
6.71
6.75
6.71
6.71
6.70
6.70
6.77
6.80
6.89
6.99
7.01
7.04
7.02
7.01
7.02
7.02
6.97
6.97
7.02
6.99
7.02
7.02
7.04
7.01
7.01
6.99
7.01
7.01
7.04
7.06
7.04
7.04
7.04
7.04
7.04
6.97
7.06
7.23
7.32
7.42
7.39
7.40
7.40
7.44
7.42
7.42
7.42
7.39
7.37
7.37
7.35
7.37
7.34
7.40
7.39
7.39
7.42
7.42
7.42
7.42
7.44
7.42
7.40
7.39
7.37
7.32
7.32
7.47
7.63
7.53
7.56
7.59
7.58
7.68
7.77
7.85
7.85
7.89
7.89
7.87
7.90
7.94
7.99
7.97
7.97
7.97
7.96
7.96
7.99
7.99
7.96
7.90
7.94
7.94
7.96
7.94
8.15
8.30
8.30
8.25
8.32
8.35
8.37
8.35
8.32
8.27
8.28
8.34
8.37
8.39
8.41
8.39
8.37
8.41
8.41
8.41
8.42
8.42
8.42
8.44
8.47
8.49
8.47
8.46
8.47
8.44
8.35
8.47
8.30
8.63
8.70
8.63
8.66
8.73
8.60
8.65
8.73
8.77
8.77
8.84
8.77
8.73
8.68
8.73
8.77
8.80
8.82
8.84
8.84
8.82
8.80
8.77
8.80
8.72
8.68
8.73
8.82
8.78
8.77
8.77
8.70
8.68
8.72
8.78
8.78
8.82
8.85
8.94
8.96
8.94
8.96
8.94
8.92
9.03
9.04
9.06
9.11
8.99
8.96
8.92
8.97
9.04
9.01
9.08
9.11
8.97
9.01
9.01
8.94
8.89
9.15
9.03
9.13
9.23
9.25
9.23
9.27
9.29
9.30
9.30
9.41
9.32
9.25
9.27
9.27
9.27
9.25
9.25
9.30
9.27
9.18
9.15
9.27
8.99
8.91
8.92
9.06
9.29
9.23
9.48
9.48
9.49
9.42
9.44
9.53
9.49
9.56
9.60
9.60
9.58
9.54
9.53
9.54
9.60
9.61
9.61
9.65
9.67
9.67
9.60
9.44
9.49
9.56
9.61
9.65
9.67
9.51
9.37
9.37
9.48
9.56
9.72
9.67
9.79
9.80
9.84
9.82
9.84
9.73
9.63
9.53
9.56
9.61
9.54
9.61
9.70
9.68
9.79
9.80
9.75
9.77
9.67
9.58
9.37
9.56
9.68
9.84
9.98
9.89
10.01
9.99
9.94
9.99
9.96
10.03
10.01
10.13
10.17
10.11
10.15
10.15
10.11
10.15
10.15
10.11
10.08
10.08
10.08
10.10
10.04
10.03
10.13
10.11
10.15
10.15
10.11
10.13
10.27
10.30
10.30
10.25
10.25
10.27
10.23
10.29
10.42
10.39
10.32
10.37
10.51
10.41
10.41
10.46
10.41
10.41
10.41
10.36
10.36
10.36
10.44
10.46
10.39
10.30
10.30
10.27
10.25
10.22
10.13
10.11
10.22
10.36
10.39
10.42
10.29
10.27
10.34
10.30
10.41
10.37
10.42
10.49
10.49
10.37
10.49
10.55
10.56
10.41
10.27
10.25
10.42
10.49
10.29
10.30
10.29
10.36
10.30
10.27
10.56
10.58
10.68
10.60
10.51
10.46
10.58
10.60
10.75
10.72
10.84
10.74
10.77
10.75
10.70
10.72
10.75
10.72
10.77
10.75
10.79
10.80
10.86
10.87
10.96
10.98
10.98
10.94
10.87
10.84
10.99
10.93
10.70
10.72
10.77
10.74
10.84
11.01
10.99
11.11
11.08
11.05
11.05
11.11
11.20
11.11
11.06
11.13
11.11
11.10
11.08
11.05
11.05
11.10
11.01
11.03
11.03
11.17
11.11
11.03
10.94
10.99
10.98
11.08
11.05
11.13
11.24
11.18
11.24
11.17
11.05
11.15
11.13
11.15
11.06
11.11
11.05
10.99
11.08
11.05
10.96
10.96
11.05
11.20
11.27
11.22
11.18
11.25
11.20
11.20
11.41
11.48
11.36
11.37
11.43
11.48
11.58
11.70
11.63
11.65
11.56
11.63
11.58
11.55
11.60
11.62
11.55
11.55
11.53
11.56
11.60
11.67
11.67
11.65
11.62
11.62
11.56
11.43
11.13
11.62
11.56
11.65
11.84
11.82
11.87
11.91
11.89
11.86
11.86
11.87
11.96
11.98
12.06
12.05
12.00
11.98
11.98
11.94
12.03
12.10
12.08
12.08
12.05
12.12
12.10
12.13
12.12
12.06
12.08
12.20
12.36
12.55
12.69
12.81
12.74
12.81
12.81
12.82
12.86
12.79
12.79
12.77
12.82
12.84
12.86
12.88
12.91
12.93
12.91
12.93
12.93
12.91
12.93
12.88
12.86
12.89
12.89
12.86
12.88
12.84
12.89
12.98
12.96
13.08
13.12
13.17
13.19
13.26
12.86
12.88
13.12
13.15
13.19
13.19
13.29
13.31
13.32
13.36
13.39
13.39
13.07
12.98
13.26
13.32
13.29
13.34
13.27
13.17
13.24
13.17
13.22
13.03
12.98
13.20
13.07
12.96
13.07
13.01
12.94
13.10
13.39
13.48
13.50
13.39
13.38
13.43
13.57
13.50
13.46
13.41
13.29
13.34
13.50
13.50
13.41
13.41
13.44
13.46
13.20
13.17
13.07
13.01
13.13
13.24
13.24
13.26
13.32
13.27
13.22
13.20
13.41
13.26
13.07
13.01
13.26
13.26
13.24
13.39
13.48
13.27
13.41
13.41
13.31
13.26
13.20
13.27
13.19
13.27
13.38
13.29
13.39
13.48
13.51
13.55
13.63
13.55
13.67
13.79
13.77
13.89
13.74
13.74
13.81
13.77
13.77
13.77
13.82
13.76
13.79
13.70
13.77
13.81
13.76
13.65
13.57
13.32
13.50
13.57
13.81
13.88
14.10
13.84
13.93
14.00
13.91
13.95
14.08
14.20
13.98
14.05
14.12
14.12
14.14
14.14
14.15
14.24
14.15
14.08
14.26
14.27
14.26
14.27
14.33
14.29
14.27
14.27
14.26
14.07
13.95
14.34
14.43
14.34
14.36
14.45
14.43
14.48
14.52
14.57
14.53
14.57
14.53
14.41
14.36
14.55
14.62
14.58
14.52
14.53
14.50
14.55
14.64
14.65
14.64
14.57
14.58
14.53
14.52
14.60
14.55
14.38
14.33
14.50
14.53
14.53
14.57
14.62
14.58
14.46
14.62
14.52
14.50
14.31
14.36
14.41
14.29
14.26
14.24
14.33
14.24
14.20
14.20
14.22
13.95
13.81
13.93
14.12
14.26
14.22
14.10
14.01
14.36
14.39
14.33
14.41
14.57
14.38
14.72
14.60
14.36
14.39
14.38
14.43
14.60
14.62
14.58
14.72
14.81
14.50
14.48
14.33
13.86
14.31
14.43
14.24
14.31
13.89
14.12
14.05
14.00
14.20
14.41
14.38
14.50
14.55
14.26
14.65
14.76
14.76
14.58
14.83
14.86
14.88
14.88
15.03
14.95
15.00
15.08
15.00
14.88
15.00
15.03
14.70
14.74
14.84
14.91
14.74
14.79
14.76
14.89
15.24
15.26
15.36
15.40
15.34
15.29
15.15
15.12
15.29
15.34
15.29
15.34
15.34
15.34
15.45
15.36
15.40
15.36
15.43
15.45
15.41
15.46
15.52
15.55
15.57
15.65
15.62
15.55
15.52
15.57
15.72
15.81
15.95
15.93
15.74
15.69
15.93
15.84
15.76
15.90
15.77
15.91
15.98
16.05
16.00
15.83
15.88
15.96
15.93
15.86
15.88
15.84
15.86
15.90
15.93
15.95
16.00
15.96
15.93
16.03
16.24
16.28
16.29
16.09
16.34
16.22
16.02
16.15
16.07
15.98
16.21
16.10
16.26
16.26
16.26
16.33
16.36
16.38
16.45
16.52
16.53
16.52
16.59
16.55
16.59
16.55
16.52
16.48
16.50
16.14
16.02
16.14
16.02
16.02
16.50
16.22
16.03
15.98
16.09
16.26
16.17
16.24
16.17
16.14
15.86
15.93
15.91
15.95
15.72
15.81
15.84
15.91
16.02
16.07
16.12
16.02
16.15
16.15
16.29
16.28
16.24
16.55
16.52
16.47
16.64
16.83
16.64
16.71
16.64
16.81
16.88
16.78
16.90
16.74
16.90
17.02
17.00
17.03
17.03
17.03
17.09
16.98
17.00
16.86
16.95
16.98
17.10
17.07
17.12
16.95
17.10
17.12
17.05
16.90
16.76
16.81
16.98
16.98
17.07
17.00
16.91
16.97
17.14
17.09
17.02
17.02
16.98
17.03
17.05
17.26
17.19
17.36
17.29
17.26
17.29
17.14
17.28
17.17
17.19
17.33
17.52
17.57
17.47
17.52
17.45
17.50
17.52
17.50
17.48
17.38
17.28
17.33
17.24
17.19
17.33
17.47
17.64
17.55
17.59
17.60
17.47
17.40
17.57
17.48
17.45
17.40
17.40
17.45
17.47
17.52
17.71
17.62
17.54
17.60
17.62
17.71
17.73
17.78
17.76
17.81
17.74
17.76
17.81
17.88
17.92
17.98
18.07
18.07
17.95
18.05
17.93
17.95
17.95
17.90
18.12
17.90
17.81
17.88
17.83
17.52
17.40
17.21
17.67
17.76
17.62
17.57
17.50
17.62
17.52
17.86
17.93
17.81
17.86
17.60
17.40
17.41
17.85
17.98
17.92
17.98
18.00
17.86
18.02
17.88
17.93
18.07
17.90
17.83
17.86
18.07
17.93
18.17
18.29
18.52
18.42
18.45
18.54
18.52
18.40
18.23
18.23
18.31
18.09
18.14
18.17
18.43
18.19
18.29
18.33
18.23
18.40
18.38
18.55
18.55
18.57
18.57
18.48
18.38
18.45
18.23
18.36
18.40
18.33
18.17
18.16
17.97
18.00
18.02
18.29
18.36
18.38
18.47
18.47
18.38
18.42
18.42
18.64
18.69
18.67
18.83
18.78
18.74
18.83
18.80
18.73
18.86
18.97
19.04
19.02
18.93
18.97
18.99
18.85
19.18
19.14
19.19
19.23
19.36
19.40
19.31
19.19
19.49
19.30
19.26
19.28
19.21
19.19
19.12
19.18
19.30
19.26
19.19
19.30
19.31
19.33
19.43
19.50
19.50
19.49
19.21
19.40
19.52
19.36
19.12
19.04
19.18
19.26
19.40
19.66
19.62
19.52
19.61
19.74
19.69
19.66
19.57
19.66
19.43
19.52
19.64
19.59
19.52
19.57
19.61
19.50
19.57
19.68
19.52
19.61
19.55
19.47
19.61
19.55
19.88
19.62
19.47
19.52
19.83
19.71
19.78
19.68
19.73
19.88
19.88
19.85
19.83
19.76
19.80
19.64
19.64
19.87
19.92
19.92
20.00
19.68
19.97
19.95
20.18
19.80
19.87
19.97
19.81
19.76
19.87
19.88
19.78
19.85
19.93
20.00
20.11
20.06
19.93
19.93
20.07
20.04
19.85
20.04
20.06
20.09
20.11
20.28
20.09
20.02
20.19
19.88
20.11
20.14
20.25
20.31
20.23
20.30
20.19
20.31
20.12
20.11
20.00
20.23
20.31
20.28
20.25
20.37
20.40
20.35
20.31
20.45
20.54
20.57
20.54
20.40
20.28
20.23
20.25
20.37
20.50
20.49
20.49
20.57
20.68
20.49
20.37
20.71
20.61
20.50
20.37
20.45
20.33
20.31
20.21
20.47
20.62
20.61
20.62
20.76
20.66
20.62
20.38
20.49
20.56
20.52
20.42
20.61
20.57
20.64
20.62
20.68
20.69
20.62
20.73
20.66
20.66
20.85
20.92
20.69
20.90
20.97
20.85
21.04
20.90
20.78
20.87
21.18
21.02
21.06
21.09
21.16
21.23
21.21
21.21
21.00
21.09
21.18
21.16
21.21
21.26
21.28
21.09
21.11
21.19
21.23
21.40
21.28
21.30
21.18
20.88
20.71
20.81
21.00
20.87
21.00
21.02
21.11
21.18
21.32
20.92
20.99
21.00
20.78
20.95
20.68
20.94
20.52
20.87
20.90
21.00
20.99
20.83
20.71
20.83
21.45
21.13
20.85
20.66
20.64
20.97
20.90
20.88
20.90
20.81
20.71
21.07
21.04
21.16
21.09
20.94
21.06
20.97
21.02
20.85
21.18
20.94
20.92
21.09
21.13
20.99
21.07
21.28
21.13
21.19
21.40
21.11
20.88
21.18
21.19
21.16
21.45
21.35
21.47
21.35
21.33
21.14
21.30
21.30
21.25
21.47
21.69
21.68
21.61
21.63
21.66
21.63
21.68
21.85
21.90
21.94
21.52
21.92
21.64
21.71
21.47
21.56
21.44
21.66
21.85
21.97
21.97
21.99
22.01
21.80
21.92
21.76
22.09
21.88
21.97
22.09
22.25
22.09
22.11
21.97
21.78
21.71
21.82
21.92
21.90
21.87
22.02
21.95
21.99
22.01
21.97
22.04
22.06
22.13
22.02
22.06
22.32
22.35
22.28
22.35
22.39
22.21
22.30
22.25
22.23
22.09
22.25
22.42
22.61
22.61
22.71
22.52
22.51
22.68
22.70
22.71
22.94
22.83
22.64
22.64
22.56
22.52
22.56
22.35
22.06
22.09
22.30
22.25
22.44
22.32
22.28
22.13
22.11
22.37
22.25
22.20
22.21
22.07
22.49
22.64
22.51
22.68
22.66
22.75
22.68
22.51
22.20
22.11
22.61
22.63
22.39
22.49
22.78
23.21
23.16
23.40
23.33
23.40
23.13
23.18
23.37
23.39
23.23
23.30
23.35
23.40
23.40
23.35
23.42
23.42
23.47
23.42
23.47
23.47
23.58
23.49
23.61
23.56
23.51
23.49
23.42
23.02
23.18
23.14
23.21
23.04
22.99
23.08
23.02
23.23
23.14
23.02
22.82
22.82
22.73
23.04
22.95
23.04
22.87
22.73
22.97
22.95
23.13
23.09
23.32
23.16
23.11
23.25
22.78
23.37
23.30
22.97
22.87
22.63
22.56
22.66
22.75
22.58
22.56
22.68
23.02
22.94
22.76
22.95
22.92
23.16
23.27
23.28
23.40
23.33
23.37
23.21
23.14
23.06
23.18
23.30
23.28
23.21
23.28
23.42
23.40
23.25
23.23
23.52
23.32
23.25
23.21
23.49
23.46
23.52
23.63
23.21
23.27
23.18
23.42
23.58
23.65
23.68
23.87
23.78
23.94
23.73
23.68
23.70
23.68
23.61
23.68
23.75
23.84
23.97
23.84
23.77
23.63
23.85
23.85
24.04
24.01
23.90
23.90
24.13
24.18
24.18
24.13
24.08
24.02
24.21
24.15
24.13
24.18
24.49
24.32
24.25
24.30
24.35
24.35
24.42
24.39
24.39
24.46
24.63
24.63
24.11
24.27
24.47
24.32
24.56
24.59
24.68
24.61
24.77
24.87
24.82
24.73
24.82
24.85
24.51
24.77
24.75
24.82
24.85
24.96
24.96
25.01
25.22
25.06
25.04
25.04
24.85
24.97
24.82
24.82
24.51
24.85
24.77
25.01
25.18
25.20
25.06
25.23
25.32
25.28
25.34
25.34
25.25
25.44
25.49
25.54
25.39
25.44
25.61
25.56
25.53
25.35
25.44
25.53
25.56
25.56
25.34
25.35
25.47
25.44
25.18
25.23
25.44
25.49
25.34
25.04
25.16
24.73
25.20
25.30
25.42
25.30
25.34
25.49
25.60
25.65
25.63
25.56
25.58
25.70
25.35
25.68
25.58
25.61
25.66
25.56
25.65
25.58
25.53
25.53
25.46
25.60
25.66
25.61
25.60
25.54
25.79
25.61
25.30
25.16
25.47
25.34
25.28
25.20
25.56
25.39
25.37
24.97
24.94
24.68
25.28
25.68
25.35
25.06
25.35
25.39
25.34
25.30
25.49
25.49
25.72
25.51
25.47
25.28
25.60
25.91
25.84
25.96
26.22
26.15
25.87
25.82
26.08
26.04
26.25
26.20
26.03
25.94
25.99
25.99
26.20
26.35
26.13
25.98
25.94
26.04
26.03
26.30
26.11
26.01
26.15
26.15
26.32
26.03
26.32
26.22
26.30
26.32
26.39
26.41
26.32
26.44
26.63
26.68
26.53
26.53
26.46
26.03
26.01
26.06
26.20
26.27
25.99
26.11
26.18
26.32
26.42
26.41
26.58
26.65
26.51
26.53
26.75
26.72
26.58
26.60
26.63
26.39
26.68
26.53
26.67
26.42
26.58
26.72
26.67
26.82
26.75
26.68
26.82
26.58
26.67
26.63
26.39
26.39
26.60
26.58
26.58
26.63
26.82
26.68
26.37
26.77
26.72
26.70
26.82
27.05
27.05
26.96
27.29
27.01
27.06
27.13
27.15
27.11
27.13
27.20
26.96
26.68
26.91
26.91
27.01
26.99
26.98
26.79
26.75
26.67
26.70
26.80
26.72
26.98
26.72
26.98
27.05
27.27
27.24
27.41
27.32
27.17
27.13
27.27
27.24
27.34
27.46
27.42
27.39
27.03
26.77
26.89
27.15
26.89
27.05
26.89
26.99
27.01
26.87
27.05
26.94
26.87
26.92
26.77
26.87
26.56
26.49
26.92
26.60
27.06
27.03
26.80
26.92
26.92
27.18
27.03
27.34
27.20
27.13
26.80
26.87
27.03
27.37
27.13
27.10
26.75
26.98
26.82
26.92
26.98
26.99
27.17
27.25
27.34
27.15
27.44
27.60
27.53
27.53
27.55
27.65
27.48
27.48
27.58
27.61
27.67
27.53
27.53
27.70
27.56
27.77
27.61
27.60
27.72
27.75
27.94
27.94
27.91
27.94
27.82
28.10
27.99
28.06
27.84
27.68
27.65
27.74
27.84
27.48
27.72
27.61
27.60
27.39
27.84
27.93
27.98
28.31
28.15
28.08
28.15
28.22
28.24
28.12
28.24
28.44
28.46
28.29
28.29
28.32
27.87
28.24
28.27
28.13
28.05
27.84
28.05
28.29
27.99
28.20
28.65
28.48
28.63
28.70
28.74
28.68
28.67
28.58
28.65
28.63
28.81
28.46
28.46
28.60
28.68
28.81
28.68
28.63
28.70
28.32
28.65
28.74
28.53
28.70
28.79
28.53
28.46
28.63
28.74
28.70
28.87
28.72
28.91
28.67
28.70
28.68
28.94
28.86
28.91
28.94
28.75
28.94
28.96
28.96
29.08
29.29
29.36
29.39
29.34
29.32
29.38
29.34
29.46
29.46
29.31
29.24
29.57
29.62
29.36
29.24
29.34
29.36
29.38
29.50
29.50
29.50
29.20
29.17
29.22
29.38
29.41
29.43
29.44
29.32
29.57
29.55
29.51
29.55
29.63
29.82
29.60
29.63
29.72
29.77
29.98
29.91
29.81
29.63
29.67
29.81
29.89
30.22
30.12
30.01
29.93
29.94
30.08
30.07
30.13
30.03
30.01
30.15
30.20
30.07
30.15
30.19
30.24
30.31
30.34
30.36
30.45
30.43
30.48
30.45
30.53
30.50
30.31
29.98
30.08
30.08
30.01
30.20
29.91
29.77
29.63
29.96
29.81
30.00
30.22
30.39
30.34
30.22
30.13
30.10
30.22
29.98
30.17
29.72
29.96
30.13
29.70
29.63
29.79
29.70
30.00
29.72
30.03
30.12
30.20
29.94
29.60
29.70
29.84
30.17
30.24
30.26
30.17
30.20
30.05
30.17
30.38
30.48
30.48
30.39
30.36
30.24
30.13
30.05
30.00
29.93
30.00
30.17
30.26
30.53
30.51
30.46
30.36
30.50
30.27
30.53
30.58
30.58
30.58
30.60
30.43
30.60
30.51
30.51
30.45
30.69
30.55
30.57
30.64
30.79
30.62
30.70
30.57
30.43
30.69
30.51
30.51
30.88
30.50
30.39
30.46
30.41
30.39
30.51
30.53
30.67
30.89
31.00
31.15
30.57
30.19
30.81
31.24
31.24
31.41
31.17
31.08
31.14
31.12
31.15
31.17
31.20
31.19
31.48
31.46
31.43
31.52
31.43
31.33
31.29
31.36
31.22
31.29
31.31
31.53
31.72
31.60
31.38
31.38
31.55
31.39
31.67
31.69
31.55
31.58
31.38
31.55
31.65
31.15
31.34
31.69
31.84
32.12
32.08
32.26
32.07
32.05
32.05
31.93
32.05
32.08
31.81
31.72
31.72
31.52
31.72
31.55
31.52
31.60
31.62
31.74
31.64
31.91
32.08
31.81
31.62
31.67
31.76
31.96
31.88
31.65
31.64
31.79
32.02
32.05
32.02
32.03
32.07
31.72
32.21
31.93
32.24
32.21
32.33
32.29
32.29
32.46
32.34
32.34
32.21
32.31
32.36
32.26
32.19
32.14
32.05
32.21
32.12
32.17
32.72
32.43
32.29
32.41
32.38
32.29
32.24
32.45
32.31
32.40
32.52
32.55
32.24
32.29
32.27
32.71
32.57
32.71
32.78
32.57
32.60
32.67
32.78
32.88
32.79
32.83
32.79
32.81
32.90
32.84
32.59
33.03
33.09
33.14
32.91
32.72
32.88
33.00
32.76
32.76
33.09
33.12
32.95
32.98
33.14
33.26
33.17
33.17
33.10
33.21
33.24
33.28
33.31
33.10
33.12
33.17
33.47
33.28
32.86
32.57
32.65
32.83
32.74
32.97
33.03
33.17
33.10
33.34
33.33
33.28
33.26
33.10
33.07
32.90
33.41
33.36
33.36
33.28
33.15
33.10
33.15
33.36
33.40
33.48
33.48
33.52
33.50
33.62
33.60
33.59
33.57
33.59
33.60
33.57
33.76
33.81
33.81
33.85
33.86
33.72
33.79
33.79
33.57
33.52
33.33
33.66
33.90
33.98
33.38
33.59
33.48
33.69
33.64
33.71
33.88
33.85
33.72
33.67
33.38
33.72
33.78
33.93
34.07
33.95
33.98
34.09
34.10
34.04
33.85
33.90
33.79
33.98
33.62
33.60
33.66
33.66
33.59
33.38
33.59
33.57
33.71
33.69
33.53
33.57
33.88
33.48
33.85
33.90
34.19
34.09
34.00
34.07
33.93
34.12
34.19
34.28
34.38
34.38
34.29
34.48
34.38
33.79
33.76
33.98
33.95
34.14
34.21
34.16
34.05
33.71
33.90
33.95
34.16
33.88
33.81
34.05
33.64
33.55
33.67
33.91
33.88
33.57
33.72
33.97
33.78
33.15
33.22
33.22
33.29
33.24
32.88
33.10
33.55
33.52
33.59
33.91
33.95
34.04
34.14
34.04
34.17
34.16
34.07
34.21
34.24
34.40
34.47
34.54
34.48
34.52
34.52
34.54
34.55
34.59
34.71
34.67
34.55
34.67
34.74
34.59
34.78
34.67
34.55
34.43
34.50
34.60
34.66
34.79
34.62
34.60
34.48
34.54
34.45
34.43
34.50
34.59
34.62
34.55
34.59
34.45
34.52
34.55
34.48
34.76
34.73
34.57
34.73
34.78
34.98
34.92
34.97
34.85
34.69
34.73
35.07
35.16
35.11
34.98
35.14
35.19
35.31
35.30
35.16
35.14
35.28
35.17
35.31
35.26
35.21
35.50
35.55
35.52
35.30
35.40
35.54
35.62
35.16
35.33
35.28
35.36
35.38
35.05
34.92
34.90
35.00
34.85
34.73
34.79
34.83
34.67
34.88
34.88
34.83
34.57
34.55
34.79
34.98
34.95
35.38
35.33
35.11
35.23
35.24
34.97
35.07
35.19
35.21
35.00
35.02
34.57
34.76
34.54
34.57
34.81
34.59
34.47
34.69
34.76
34.86
34.98
35.02
35.14
35.23
35.14
34.95
35.09
35.11
35.11
35.24
35.17
35.19
35.28
35.02
35.24
35.24
35.21
35.21
35.21
35.28
35.28
35.33
35.36
35.59
35.59
35.69
35.47
35.81
35.67
35.92
35.80
35.74
35.78
35.74
35.74
35.66
35.57
35.21
35.04
35.19
35.35
35.36
35.40
35.74
35.88
35.92
35.81
35.73
35.55
35.35
35.62
35.66
35.61
35.74
35.83
35.97
36.19
36.18
36.19
36.33
36.28
36.35
36.12
36.23
36.02
36.18
36.23
36.33
36.26
36.31
36.09
36.26
36.28
36.21
36.31
36.30
36.35
36.47
36.37
36.31
36.35
36.45
36.35
36.49
36.52
36.24
36.33
36.19
35.76
36.19
36.07
36.05
35.95
35.99
36.12
36.14
36.33
36.40
36.31
36.26
36.24
36.23
36.21
36.24
36.40
36.31
36.40
36.40
36.33
36.07
36.24
36.26
36.31
36.30
36.14
36.12
36.30
36.21
36.19
36.35
36.18
36.12
36.16
36.31
36.37
35.97
36.12
36.05
35.76
35.61
36.18
36.19
36.12
36.00
36.31
36.11
36.11
36.50
36.40
36.45
36.35
36.42
36.31
36.26
36.52
36.28
36.16
36.26
36.12
36.26
36.50
36.43
36.40
36.35
36.28
36.37
36.21
36.42
36.24
36.61
36.83
36.95
36.83
36.95
36.93
36.68
37.02
36.43
37.02
37.00
36.80
37.00
37.18
37.09
36.42
36.62
36.33
36.31
36.37
36.68
36.71
36.61
36.90
37.06
36.97
36.76
37.00
37.31
36.85
37.28
36.97
36.85
36.88
36.73
36.35
36.57
36.81
36.52
36.47
36.45
36.57
36.66
36.71
36.81
36.87
36.93
36.83
36.85
36.81
36.88
36.85
36.95
37.09
37.33
37.28
37.40
37.25
37.26
37.28
37.35
37.21
37.28
37.14
37.45
37.42
37.38
37.26
37.33
37.26
37.57
37.57
37.57
37.44
37.21
36.90
36.59
36.90
36.93
36.64
36.99
36.99
37.16
37.16
37.57
37.64
37.59
37.44
37.47
37.42
37.64
37.14
37.26
37.54
37.09
37.02
37.18
37.04
37.25
37.25
37.09
37.59
37.63
37.64
37.47
37.50
37.44
37.69
37.49
37.73
37.73
37.73
37.49
37.31
37.49
37.56
37.66
37.68
37.54
37.59
37.75
37.85
37.78
37.80
37.87
37.97
38.07
38.11
38.04
37.90
37.97
38.00
37.88
37.76
37.81
37.85
37.71
37.76
37.73
37.57
37.76
37.81
37.81
37.95
37.87
37.87
37.80
37.61
37.75
37.81
38.00
37.81
38.21
37.71
37.92
37.78
37.95
37.94
37.75
37.69
37.94
38.02
38.04
38.23
37.88
38.00
37.92
38.00
37.92
37.95
38.44
37.88
37.75
37.85
37.78
37.50
37.68
37.59
37.45
37.49
37.25
37.50
37.78
37.66
37.61
37.66
37.63
37.45
37.64
37.54
37.81
37.45
37.71
37.78
37.80
38.23
38.02
38.25
37.87
38.11
38.37
38.49
38.28
38.14
38.42
38.80
38.75
38.56
38.38
38.42
38.71
38.32
38.82
38.89
38.71
38.78
38.66
38.52
38.33
38.83
38.89
38.68
38.82
38.66
38.66
38.52
38.83
38.78
38.45
38.42
38.42
38.66
38.28
38.56
38.59
38.47
38.38
38.45
38.21
38.42
38.59
38.37
38.63
38.63
38.35
38.32
38.63
38.57
38.61
38.87
38.92
38.63
38.89
38.90
38.76
38.82
39.02
39.20
38.71
39.06
39.04
39.07
39.13
39.04
38.97
39.01
38.92
39.23
39.16
38.87
38.37
38.95
38.61
38.33
38.78
38.92
38.97
39.28
39.16
38.94
39.13
39.20
39.23
39.21
38.87
39.02
38.87
39.04
39.04
39.13
38.99
39.04
39.16
38.76
38.82
38.90
39.02
39.18
39.11
39.02
39.32
39.42
39.66
39.58
39.59
39.63
39.47
39.47
39.49
39.47
39.07
39.21
39.40
39.39
39.25
39.21
39.56
39.52
39.33
39.47
39.20
39.23
39.28
39.26
39.14
39.40
39.23
39.37
39.35
39.47
39.44
39.39
39.30
39.64
39.35
39.42
39.18
39.37
39.64
39.56
39.73
39.63
39.26
39.06
39.02
38.85
38.95
39.13
38.82
39.02
39.39
39.61
39.45
39.39
39.56
39.32
39.92
39.85
39.54
39.58
39.54
39.42
39.39
39.28
39.26
38.89
38.92
39.18
39.30
39.04
39.58
39.45
39.54
39.01
39.28
39.42
39.45
39.64
39.75
39.44
39.33
39.25
39.47
39.35
39.23
39.20
39.49
39.44
39.39
39.64
39.64
39.61
39.51
39.49
39.58
39.61
39.61
39.70
39.82
39.59
39.56
39.58
39.04
39.47
39.63
39.37
39.37
39.51
39.16
39.56
39.68
39.64
39.89
39.66
39.70
39.83
39.83
39.80
39.63
39.96
39.64
39.77
40.06
39.78
39.87
39.64
39.51
39.18
39.63
39.44
39.66
39.33
39.66
39.54
39.83
39.97
39.87
39.63
39.58
39.77
39.66
39.71
39.70
39.37
39.47
39.70
39.14
39.21
39.13
39.40
39.64
39.58
39.68
39.51
39.68
39.68
39.77
39.97
39.83
40.02
39.96
39.73
39.70
39.96
40.21
40.27
39.77
39.97
40.01
40.23
40.21
40.30
40.01
40.01
40.09
40.11
40.18
40.09
40.01
39.71
39.97
40.21
40.09
40.30
40.40
40.16
40.56
40.58
40.21
40.16
40.21
40.52
40.56
40.32
40.32
40.63
40.54
40.25
40.21
40.21
40.30
40.21
40.21
40.42
40.44
40.11
39.77
40.04
40.09
39.71
39.85
39.56
39.83
39.64
39.80
40.09
40.09
40.11
40.56
39.94
40.01
39.90
39.73
39.66
39.85
39.90
39.83
40.11
39.96
39.83
39.87
40.27
40.37
40.66
40.71
40.68
40.46
40.71
40.68
40.73
40.65
40.47
40.71
40.33
40.75
40.56
40.44
40.58
40.61
40.75
40.99
40.78
40.71
40.71
40.87
40.94
41.04
40.85
40.58
40.73
40.75
40.73
40.71
40.21
40.08
40.61
40.85
40.61
40.08
40.61
41.03
41.15
40.58
41.04
40.90
40.87
40.94
40.27
40.58
40.99
40.80
40.39
40.75
40.77
40.92
40.70
40.84
40.77
40.99
41.28
40.89
41.27
41.01
41.03
40.99
40.61
40.77
40.78
40.32
40.58
40.51
40.90
41.16
41.04
41.27
41.32
41.11
41.46
41.20
41.27
41.40
41.01
41.39
41.68
41.49
41.68
41.65
41.59
41.49
41.34
41.42
41.58
41.44
41.39
41.61
41.66
41.94
41.78
41.47
41.84
41.87
41.82
41.65
41.65
41.77
41.58
41.34
41.58
41.63
41.56
41.35
41.66
41.53
41.03
41.47
41.37
40.92
41.46
41.59
41.56
41.46
41.56
41.82
41.87
41.78
41.39
41.42
41.40
41.72
41.40
41.16
41.13
41.09
41.23
41.18
41.70
41.78
42.01
42.08
42.08
41.89
41.84
42.23
42.51
42.42
41.75
41.92
42.11
42.27
42.63
42.42
42.06
42.01
42.25
42.37
42.56
42.37
42.25
42.29
42.60
42.60
41.94
41.63
41.92
41.85
42.03
41.63
41.89
41.84
42.01
41.85
41.91
41.92
41.97
42.11
42.11
42.04
41.97
42.03
41.70
41.87
42.01
41.89
41.75
41.73
41.92
41.75
41.66
41.23
41.28
41.59
41.66
41.80
41.82
41.96
41.92
42.08
41.87
42.16
42.01
41.91
42.08
42.04
41.85
42.01
42.16
42.25
42.37
42.54
42.23
41.96
41.75
41.68
41.54
41.75
41.82
42.10
42.22
42.15
42.35
42.35
42.53
42.53
42.35
42.51
42.29
42.18
42.58
42.56
42.47
42.39
42.51
42.35
42.49
42.56
42.75
42.68
42.61
42.56
42.65
42.41
42.49
43.03
42.89
42.61
42.77
42.73
42.75
42.58
42.58
42.60
42.89
43.06
42.91
42.92
43.04
43.08
42.79
42.77
43.10
43.06
42.96
42.66
43.08
43.41
43.60
43.80
43.89
43.73
43.49
43.67
43.44
43.58
43.18
43.56
43.29
43.11
43.46
43.58
43.60
43.79
43.79
43.70
43.70
43.29
43.42
43.01
42.99
42.92
42.80
42.54
42.46
42.70
42.77
42.89
42.96
43.18
43.27
43.11
43.29
43.41
43.22
43.06
43.36
43.34
43.23
43.22
43.23
43.49
43.11
43.23
43.37
43.49
43.70
43.68
43.75
43.84
43.73
43.34
43.27
43.11
43.30
42.99
43.34
43.34
43.30
43.29
43.27
43.56
43.63
43.58
43.58
43.42
43.53
43.27
43.15
43.22
43.39
43.41
43.41
43.46
43.08
43.53
43.41
43.39
43.63
43.77
43.87
43.23
43.25
43.41
42.91
43.51
43.49
43.29
43.46
43.77
43.91
43.77
43.94
44.24
43.89
44.06
44.06
44.13
44.32
44.29
44.22
44.30
44.27
43.68
43.65
43.72
43.86
43.75
43.48
43.96
44.06
43.75
43.79
44.01
43.77
43.87
44.01
44.25
44.11
43.84
44.05
43.86
43.96
43.61
43.80
43.73
43.99
44.13
44.39
44.53
44.18
44.30
44.22
44.18
44.25
44.24
44.10
44.13
44.05
43.92
44.18
44.27
44.36
44.18
44.05
44.10
44.05
44.15
44.27
44.22
44.60
44.49
44.22
44.03
44.11
44.32
44.56
44.48
44.15
44.30
44.32
44.48
44.60
44.32
44.36
44.36
44.37
44.18
44.44
44.48
44.30
43.96
44.24
44.08
44.17
44.37
44.39
44.39
44.08
44.25
44.34
44.34
44.25
44.65
44.51
44.70
44.68
44.70
44.30
44.44
44.29
44.44
44.36
44.17
44.20
44.25
44.36
44.30
44.13
44.32
44.34
44.41
44.22
44.24
43.98
44.18
44.48
44.32
44.25
44.49
44.60
44.01
44.43
44.44
43.98
44.24
44.18
44.43
44.41
44.36
44.84
44.72
44.77
44.96
44.91
45.08
44.91
44.89
44.87
45.10
44.65
44.68
44.58
44.84
44.36
44.53
44.89
44.89
44.86
44.60
44.84
44.89
45.15
44.84
44.74
44.62
44.84
44.63
44.39
44.72
44.98
45.03
45.05
45.18
45.31
45.17
45.20
45.06
44.93
44.82
44.56
44.77
45.12
44.86
44.56
44.58
44.82
44.93
44.82
45.01
45.08
45.08
45.20
45.36
45.15
45.10
44.68
44.62
44.86
44.98
45.08
44.82
45.15
45.31
45.01
45.15
45.32
44.99
45.01
44.98
45.43
45.34
45.37
45.24
45.15
45.03
45.31
45.48
45.46
45.22
45.37
45.60
45.58
45.67
45.56
45.12
45.05
45.17
45.46
45.39
45.31
45.48
45.67
45.70
45.41
45.17
45.65
45.56
45.82
45.91
45.96
45.79
45.75
45.65
45.36
45.74
45.67
45.46
45.72
45.15
46.12
45.31
45.60
45.50
45.70
45.79
46.06
46.00
45.96
46.00
45.93
46.19
45.98
45.86
46.05
45.88
45.65
45.43
45.81
45.43
45.62
45.72
45.58
45.34
45.25
45.53
45.48
45.31
45.70
45.75
45.69
45.39
45.46
45.96
45.69
45.60
45.43
45.37
45.22
45.53
45.60
45.51
45.70
45.74
45.67
45.88
46.06
45.96
45.96
45.88
46.00
46.00
45.77
45.98
46.15
46.05
46.05
45.94
46.20
46.13
46.48
46.58
46.57
46.55
46.01
46.41
46.44
46.24
46.34
46.50
46.22
46.06
46.27
46.17
46.34
46.00
45.81
46.10
46.29
46.13
46.36
46.39
46.15
46.13
46.22
46.25
46.22
46.32
46.60
46.48
46.69
46.57
46.12
46.22
46.39
46.63
46.77
46.60
46.65
46.79
46.62
46.63
46.50
47.01
47.03
46.67
46.84
46.81
46.53
46.41
46.55
46.34
46.55
46.74
46.27
46.38
46.65
46.72
46.19
46.15
46.44
46.63
46.51
46.65
46.89
46.84
46.89
46.86
46.58
46.65
46.44
46.41
46.31
46.55
46.44
46.60
46.60
46.82
46.79
46.82
46.88
47.05
47.00
46.76
46.95
47.15
46.98
46.88
46.88
47.01
46.65
46.96
47.36
47.58
47.53
47.27
47.17
47.08
47.13
47.45
47.60
47.65
47.48
47.41
47.89
47.32
47.26
47.55
47.45
47.24
46.84
47.17
47.32
47.38
47.34
47.58
47.31
47.45
47.24
47.74
47.91
47.22
47.32
47.12
47.10
47.27
47.31
47.43
47.24
47.55
47.19
47.20
47.19
47.36
46.98
47.27
46.60
46.88
46.98
47.29
47.38
47.31
47.03
46.82
46.74
46.57
47.15
47.24
47.45
47.46
47.51
47.50
47.43
46.82
47.50
47.67
47.43
47.38
47.43
47.58
47.74
47.51
47.53
47.32
47.41
46.93
47.12
47.62
47.69
47.69
47.83
47.65
47.43
47.34
47.05
47.36
47.36
47.07
47.55
47.45
47.74
47.76
47.64
47.76
47.55
47.38
47.15
47.53
47.89
47.76
47.98
48.00
48.03
47.91
47.55
47.58
47.64
48.12
48.00
48.02
47.93
47.81
47.89
47.93
47.53
47.36
47.29
47.69
47.65
47.58
47.79
47.84
47.83
47.79
47.36
47.57
47.51
47.53
47.83
47.83
48.07
47.89
47.89
47.64
47.34
48.03
47.89
47.27
47.27
47.58
47.48
47.81
47.60
47.60
47.51
47.41
47.26
47.53
47.36
47.69
47.58
47.62
47.45
47.55
47.74
47.70
47.79
48.00
48.08
47.83
47.76
48.14
47.77
48.24
48.10
47.91
48.15
47.98
47.86
47.72
47.98
48.03
47.98
47.86
48.10
47.95
48.36
48.15
47.58
47.53
47.60
47.64
47.74
48.03
48.08
47.98
47.81
47.62
47.55
47.89
48.03
48.07
47.72
48.10
47.93
47.93
47.83
48.39
48.53
48.24
48.22
48.27
48.43
48.33
48.36
48.41
48.31
48.48
48.38
48.26
48.38
48.46
48.19
48.27
48.33
48.07
48.46
48.36
48.50
48.41
48.76
48.41
48.67
48.60
48.79
48.76
48.62
48.88
48.95
48.95
49.41
49.19
48.69
48.48
48.58
48.26
48.65
48.55
48.62
48.86
49.22
49.40
49.05
48.90
49.14
49.05
48.98
49.28
49.45
49.50
49.02
49.02
48.62
48.98
48.98
49.10
48.69
49.00
49.02
49.69
49.72
49.78
49.38
49.55
49.12
49.21
49.43
49.40
49.59
49.69
49.14
49.31
49.28
49.22
49.15
49.71
50.03
49.62
49.86
50.29
50.17
49.86
50.22
50.29
49.97
50.19
50.12
49.90
49.93
50.00
49.65
49.67
49.78
49.83
49.79
49.91
49.97
50.07
50.17
50.28
50.29
50.50
50.35
50.28
49.74
50.02
49.59
49.65
49.53
49.41
48.96
49.10
48.98
49.33
49.12
48.91
48.96
49.07
49.71
49.76
49.91
49.98
50.12
49.95
49.78
50.19
49.84
49.90
50.14
50.22
49.95
50.24
49.72
49.84
49.91
50.16
50.33
49.86
49.90
49.50
50.00
50.26
50.26
50.38
50.24
50.47
50.43
50.19
50.41
50.05
50.22
50.28
50.22
49.60
49.67
49.97
49.95
50.05
50.28
50.45
50.31
50.35
50.16
50.16
50.12
49.93
50.03
50.24
49.93
49.84
49.84
50.02
50.02
49.81
50.24
49.86
50.21
49.97
50.19
50.28
50.22
50.26
49.97
49.83
49.84
50.55
50.41
50.36
50.38
50.41
50.43
50.21
50.02
49.98
50.33
50.14
50.35
50.79
50.64
50.79
50.74
50.59
50.66
50.60
50.33
50.55
50.64
50.47
50.60
50.59
50.40
50.66
50.33
50.31
50.35
50.69
50.69
50.64
50.55
50.83
50.81
50.38
50.78
50.76
50.43
50.41
50.16
50.57
50.50
50.64
50.93
50.33
50.28
50.33
50.55
50.45
50.60
50.47
50.54
50.71
50.67
50.62
50.67
50.66
50.93
50.69
50.38
50.43
50.69
50.81
50.50
50.79
50.91
51.23
51.09
51.23
51.31
51.28
50.86
51.00
51.28
51.10
51.19
50.78
50.74
50.88
50.85
50.88
50.97
51.10
50.86
50.83
50.79
50.71
50.69
50.79
50.47
50.60
50.91
50.40
50.33
50.54
50.31
50.72
50.52
50.47
50.69
50.71
50.54
50.47
50.45
50.86
50.74
50.79
50.86
51.10
51.40
51.33
51.26
51.24
50.81
50.97
50.95
51.12
51.04
50.64
50.78
51.31
51.24
51.10
51.14
51.23
51.31
51.10
50.97
51.26
51.09
51.02
51.12
51.69
51.23
51.36
51.24
51.14
51.71
51.76
51.73
51.62
51.54
51.83
51.38
50.98
50.95
51.10
51.21
51.62
51.02
50.71
50.90
51.07
50.83
51.02
51.14
51.24
51.71
50.98
51.29
51.74
51.38
51.48
51.52
51.73
51.59
51.90
52.02
51.93
52.04
51.98
52.11
52.16
51.64
51.59
51.86
51.90
51.43
51.45
51.45
51.50
51.55
51.47
51.76
51.61
51.78
51.71
51.81
51.76
51.66
51.69
51.73
51.38
51.38
51.76
51.95
51.62
51.64
51.43
51.10
51.52
51.52
51.69
51.83
51.64
51.93
51.98
52.17
52.05
52.31
52.31
52.35
52.57
52.66
52.28
52.24
51.79
52.07
52.12
52.42
52.30
52.31
51.67
52.04
51.93
52.04
52.04
52.19
52.35
52.11
52.35
52.54
52.30
52.14
52.26
51.97
51.69
52.00
52.04
51.86
52.07
52.11
51.93
51.98
52.42
52.71
52.66
52.28
52.57
52.54
52.69
52.76
52.66
53.23
53.26
53.02
52.68
52.68
52.99
53.12
52.87
52.85
52.68
53.07
53.23
53.16
52.87
52.47
52.71
52.66
52.92
52.99
53.00
52.85
53.18
53.14
53.35
53.42
53.19
53.42
53.45
53.11
52.81
52.62
53.19
53.30
53.09
53.23
53.28
53.18
52.93
52.81
53.12
52.93
52.92
53.18
52.71
52.52
52.93
52.97
52.33
52.23
52.45
52.74
52.95
53.24
52.24
52.64
52.85
52.80
53.07
53.16
52.26
52.00
52.54
52.93
52.92
53.19
53.52
53.11
53.16
52.97
53.02
52.97
53.21
53.18
53.18
53.35
53.38
53.40
53.18
53.47
52.92
53.38
53.52
53.33
53.42
53.37
53.18
53.43
53.38
53.21
53.43
53.50
53.61
53.61
53.61
53.50
53.45
53.76
53.35
53.37
53.40
53.26
53.23
53.18
53.30
53.11
53.18
53.19
53.40
53.23
52.78
53.16
53.09
53.42
53.52
52.43
52.74
52.88
52.90
53.00
53.49
53.59
53.37
53.31
53.12
53.31
53.26
52.83
53.21
52.99
52.95
52.87
53.19
53.42
53.43
53.35
53.49
53.54
53.21
53.28
53.38
53.54
53.52
53.64
53.62
53.78
53.90
53.78
53.42
53.75
53.43
53.21
53.19
53.47
53.37
53.05
53.33
53.64
53.61
53.95
53.64
53.56
53.92
53.56
53.97
53.99
53.85
53.47
53.80
53.47
53.62
53.31
53.69
53.66
53.64
53.33
53.66
53.76
53.40
53.24
53.47
53.23
53.04
53.19
53.57
53.59
53.57
53.68
53.76
53.78
53.64
53.80
53.76
53.97
53.97
53.47
53.68
53.45
53.30
53.40
53.73
53.73
54.11
53.76
53.94
54.23
54.40
54.31
54.35
54.59
54.52
54.85
54.78
55.06
54.94
55.01
54.78
54.44
55.01
54.47
54.63
54.69
54.40
54.02
53.52
53.76
53.59
53.78
54.14
54.16
53.88
53.94
54.09
53.95
54.04
54.09
54.16
54.19
54.06
53.75
53.90
53.83
53.81
54.19
54.26
54.21
54.69
54.56
54.78
54.66
54.56
54.83
54.66
54.82
54.73
54.71
54.85
54.85
54.64
54.71
55.30
55.14
55.02
55.33
55.16
55.06
54.66
54.66
54.83
54.78
54.83
54.83
55.04
54.92
55.07
54.94
54.69
54.64
54.63
54.64
54.47
54.75
55.06
54.26
54.02
54.11
54.50
54.71
54.78
54.95
55.25
54.99
55.06
55.07
54.90
54.80
54.68
55.13
55.14
55.23
54.90
55.32
55.28
55.25
55.32
55.21
54.94
54.87
55.40
54.90
55.21
54.99
55.02
55.20
54.97
55.21
55.37
55.57
55.66
55.70
55.78
55.61
55.76
55.64
55.63
55.89
55.71
55.66
55.56
55.49
55.78
55.57
55.37
55.89
55.89
55.94
56.16
56.20
55.80
55.95
55.89
56.02
55.83
55.85
55.97
55.51
56.20
56.21
56.61
56.39
56.11
56.37
56.28
56.42
56.35
56.63
56.44
56.25
56.08
56.33
56.25
56.13
55.75
55.80
55.63
56.09
55.94
56.13
55.78
55.92
55.83
55.76
55.87
55.66
56.04
56.21
55.97
56.13
56.52
56.45
56.37
56.21
56.32
56.56
56.40
56.49
56.56
56.77
56.78
56.83
56.73
56.61
56.16
56.25
56.33
56.59
56.73
56.68
56.47
56.64
56.49
56.54
56.37
56.39
56.18
56.61
56.73
56.63
56.61
56.32
56.66
56.90
56.75
57.01
57.08
56.77
56.85
56.97
57.42
57.20
57.44
57.01
57.06
57.21
57.54
57.58
57.30
57.28
57.65
57.46
57.49
57.58
57.44
57.56
57.18
57.37
57.35
57.35
57.61
57.92
57.66
57.87
58.27
58.53
57.82
57.87
57.77
57.61
57.73
57.61
57.49
57.82
57.65
57.59
57.96
57.92
57.65
57.70
57.32
57.01
57.35
57.40
57.42
57.46
57.58
57.87
57.78
57.75
58.06
57.53
57.90
57.80
57.23
57.56
57.63
57.11
57.32
57.68
57.82
57.73
57.58
57.30
57.25
57.15
57.49
57.28
57.51
57.18
57.56
57.65
57.75
57.40
57.20
57.32
57.56
57.73
57.84
57.84
58.03
58.16
58.30
58.09
58.47
58.20
58.25
58.41
58.11
58.54
58.11
58.44
58.46
58.63
58.78
58.68
58.56
58.51
58.78
58.80
58.54
58.41
58.44
58.66
58.58
58.25
58.37
58.60
58.91
58.46
58.96
58.97
58.46
58.61
58.39
58.58
58.70
58.49
58.37
58.78
58.58
58.58
59.03
58.99
58.78
59.01
59.08
58.92
59.22
58.89
58.96
58.91
59.04
59.18
59.56
59.51
59.68
59.04
58.99
58.80
58.77
59.06
58.85
58.73
58.92
59.03
58.80
58.70
59.06
59.16
58.96
58.73
58.42
58.72
58.89
59.10
59.42
59.04
58.92
59.03
58.84
58.82
58.60
58.60
59.11
59.08
59.34
59.56
59.35
59.01
58.70
58.92
59.18
59.29
59.41
59.20
59.11
59.16
59.16
59.13
59.08
59.22
59.32
59.20
59.48
59.44
58.80
59.03
58.92
58.89
58.96
58.49
59.04
59.22
59.41
59.22
59.25
58.84
58.91
58.78
59.22
59.25
58.85
58.60
58.56
58.56
58.99
58.97
59.08
59.25
59.67
59.60
59.32
59.41
59.51
59.99
59.60
59.73
59.84
59.56
59.70
59.11
59.41
59.08
59.13
58.65
58.35
58.58
59.03
59.16
58.91
58.78
58.99
58.96
59.27
59.20
59.20
59.42
59.79
59.70
59.60
59.63
59.54
59.32
59.41
59.32
58.99
58.89
58.87
59.16
59.13
59.37
59.30
59.04
59.06
58.49
58.68
58.70
58.85
58.82
58.37
58.94
58.66
58.60
58.68
58.99
58.75
58.58
59.04
59.49
59.30
59.30
59.34
59.29
59.23
59.15
59.29
59.67
59.49
59.73
58.91
59.37
59.37
