0.52
0.52
0.52
0.52
0.52
0.52
0.52
0.52
0.52
0.52
0.52
0.45
0.47
0.52
0.52
0.52
0.52
0.52
0.52
0.52
0.52
0.52
0.52
0.52
0.52
0.52
0.52
0.52
0.52
0.52
0.52
0.52
0.52
0.52
0.52
0.57
0.59
0.62
0.71
0.74
0.76
0.78
0.83
0.81
0.81
0.83
0.83
0.83
0.85
0.85
0.83
0.83
0.83
0.85
0.83
0.83
0.83
0.83
0.85
0.83
0.83
0.83
0.83
0.81
0.81
0.83
0.81
0.83
0.88
0.90
0.86
0.86
0.91
0.91
0.98
1.05
1.09
1.05
1.09
1.07
1.07
1.05
1.07
1.09
1.07
1.07
1.07
1.09
1.09
1.09
1.09
1.09
1.07
1.09
1.10
1.28
1.36
1.38
1.47
1.48
1.45
1.47
1.45
1.47
1.43
1.45
1.47
1.47
1.47
1.48
1.48
1.47
1.47
1.47
1.47
1.47
1.47
1.47
1.47
1.47
1.47
1.47
1.47
1.47
1.47
1.48
1.50
1.55
1.61
1.64
1.67
1.71
1.71
1.76
1.81
1.86
1.86
1.86
1.86
1.86
1.86
1.85
1.85
1.85
1.85
1.83
1.85
1.83
1.83
1.83
1.83
1.85
1.85
1.86
1.86
1.86
1.85
1.86
1.88
1.97
1.97
1.97
1.98
1.88
1.79
1.74
1.67
1.64
1.62
1.61
1.64
1.66
1.67
1.69
1.71
1.74
1.78
1.78
1.78
1.79
1.85
1.85
1.86
1.90
1.90
1.90
1.93
1.93
2.02
2.14
2.19
2.14
2.12
2.04
2.05
2.09
2.12
2.12
2.14
2.19
2.23
2.26
2.30
2.30
2.31
2.35
2.35
2.33
2.33
2.33
2.33
2.33
2.33
2.35
2.36
2.36
2.35
2.33
2.33
2.30
2.30
2.35
2.38
2.43
2.43
2.45
2.42
2.42
2.43
2.43
2.47
2.49
2.50
2.52
2.54
2.55
2.57
2.57
2.57
2.57
2.59
2.61
2.61
2.61
2.59
2.59
2.57
2.61
2.62
2.64
2.64
2.69
2.83
2.87
2.71
2.64
2.64
2.69
2.74
2.85
2.93
2.97
3.00
3.00
3.00
3.02
3.02
3.00
2.99
3.00
3.00
3.00
2.99
2.99
3.00
3.00
2.99
2.97
2.99
3.14
3.23
3.21
3.18
3.07
3.04
2.99
2.99
2.95
2.99
3.04
3.07
3.11
3.18
3.21
3.26
3.28
3.30
3.30
3.30
3.33
3.33
3.33
3.33
3.33
3.35
3.33
3.31
3.28
3.28
3.31
3.38
3.33
3.35
3.35
3.31
3.31
3.23
3.23
3.30
3.30
3.30
3.30
3.31
3.40
3.47
3.49
3.50
3.54
3.54
3.57
3.54
3.54
3.57
3.57
3.61
3.61
3.57
3.59
3.66
3.78
3.87
3.97
3.97
3.90
3.81
3.81
3.80
3.78
3.78
3.81
3.83
3.85
3.87
3.87
3.88
3.88
3.90
3.92
3.94
3.92
3.92
3.92
3.90
3.94
3.88
4.00
4.23
4.09
4.04
3.99
4.06
4.11
4.14
4.14
4.07
4.07
4.06
4.06
4.09
4.09
4.11
4.14
4.07
4.02
3.99
3.94
3.95
4.00
4.02
4.04
4.02
4.09
4.11
4.18
4.26
4.52
4.71
4.66
4.71
4.71
4.78
4.85
4.87
4.88
4.88
4.88
4.90
4.92
4.92
4.94
4.92
4.90
4.88
4.88
4.88
4.88
4.90
4.88
4.90
4.90
4.88
4.90
4.94
4.92
5.06
5.13
4.83
4.73
4.78
5.06
5.14
5.26
5.33
5.35
5.37
5.38
5.30
5.26
5.06
4.97
4.95
5.01
5.13
5.26
5.26
5.23
5.26
5.28
5.26
5.28
5.30
5.32
5.30
5.30
5.40
5.54
5.56
5.40
5.35
5.40
5.49
5.57
5.59
5.63
5.66
5.68
5.64
5.68
5.66
5.64
5.61
5.63
5.66
5.68
5.71
5.70
5.64
5.59
5.54
5.51
5.52
5.54
5.63
5.92
5.80
5.83
5.83
5.97
6.18
6.20
6.20
6.16
6.16
6.14
6.08
6.01
6.01
6.01
6.01
6.02
6.06
6.04
6.11
6.14
6.14
6.18
6.16
6.20
6.21
6.21
6.23
6.25
6.25
6.23
6.16
6.28
6.30
6.20
6.13
6.11
6.14
6.18
6.30
6.32
6.32
6.40
6.39
6.40
6.39
6.40
6.42
6.40
6.40
6.42
6.40
6.40
6.39
6.40
6.40
6.39
6.42
6.42
6.40
6.45
6.51
6.66
6.64
6.58
6.59
6.59
6.59
6.64
6.73
6.78
6.78
6.78
6.82
6.83
6.85
6.83
6.78
6.78
6.75
6.78
6.78
6.80
6.82
6.80
6.80
6.80
6.77
6.73
6.66
6.66
6.78
7.01
7.02
7.08
7.16
7.13
7.13
7.08
7.08
7.06
7.08
7.09
7.11
7.11
7.15
7.16
7.16
7.18
7.18
7.18
7.18
7.23
7.23
7.23
7.23
7.21
7.23
7.21
7.25
7.25
7.30
7.47
7.56
7.58
7.53
7.40
7.37
7.39
7.35
7.39
7.44
7.47
7.49
7.51
7.54
7.54
7.54
7.53
7.51
7.51
7.51
7.47
7.46
7.47
7.46
7.42
7.46
7.49
7.49
7.68
7.77
7.84
7.84
7.82
7.85
7.85
7.85
7.90
7.92
8.01
8.06
8.04
8.04
8.04
8.06
8.08
8.09
8.09
8.09
8.09
8.08
8.13
8.13
8.15
8.15
8.15
8.16
8.15
8.13
8.13
8.23
8.03
7.82
7.80
7.82
7.90
7.97
8.15
8.28
8.30
8.32
8.28
8.32
8.32
8.32
8.28
8.25
8.23
8.20
8.13
8.16
8.06
8.08
8.08
8.04
8.04
8.04
8.06
8.08
8.16
8.16
8.34
8.22
8.13
8.04
8.16
8.16
8.25
8.30
8.32
8.32
8.37
8.39
8.35
8.30
8.27
8.22
8.25
8.27
8.23
8.20
8.18
8.22
8.30
8.34
8.37
8.46
8.53
8.53
8.49
8.54
8.54
8.73
8.73
8.68
8.72
8.63
8.65
8.68
8.61
8.54
8.54
8.58
8.65
8.54
8.51
8.51
8.53
8.56
8.60
8.58
8.66
8.63
8.61
8.65
8.56
8.53
8.46
8.32
8.37
8.46
8.41
8.49
8.63
8.72
8.80
8.80
8.89
8.91
8.97
9.01
9.04
8.96
9.04
9.10
9.08
9.10
9.10
9.10
9.13
9.16
9.15
9.16
9.04
8.96
8.97
8.99
8.96
8.92
8.99
9.15
8.96
8.80
8.84
9.01
9.11
9.18
9.22
9.23
9.29
9.20
9.10
8.91
8.91
8.92
9.13
9.29
9.30
9.30
9.30
9.35
9.39
9.39
9.46
9.42
9.20
9.08
9.03
9.03
9.39
9.51
9.60
9.60
9.70
9.79
9.87
9.92
9.92
9.89
9.87
9.91
9.87
9.92
9.89
9.91
9.89
9.86
9.84
9.87
9.87
9.87
9.91
9.89
9.92
9.89
9.94
9.89
9.92
9.86
9.94
9.98
9.91
9.79
10.04
9.92
9.86
9.92
9.89
9.87
9.91
9.96
9.87
9.84
9.86
9.99
9.98
10.03
10.11
10.11
10.08
10.11
10.06
10.06
10.06
10.10
9.96
10.11
10.13
10.15
10.04
9.99
9.94
9.77
9.73
9.58
9.48
9.54
9.67
9.67
9.72
9.94
10.04
10.11
10.15
10.03
10.04
10.04
9.99
9.94
9.89
9.99
10.01
9.94
9.92
9.98
9.94
9.96
9.91
10.01
10.04
10.20
10.23
10.03
10.13
10.44
10.48
10.53
10.53
10.53
10.58
10.61
10.55
10.56
10.55
10.61
10.68
10.72
10.68
10.68
10.72
10.72
10.72
10.70
10.75
10.79
10.79
10.82
10.75
10.75
10.77
10.75
10.61
10.49
10.36
10.48
10.65
10.72
10.72
10.70
10.72
10.68
10.61
10.65
10.60
10.58
10.60
10.56
10.48
10.51
10.51
10.55
10.56
10.53
10.56
10.55
10.55
10.49
10.58
10.56
10.55
10.56
10.63
10.51
10.32
10.44
10.37
10.48
10.58
10.74
10.80
10.84
10.82
10.82
10.79
10.68
10.79
10.82
10.80
10.79
10.74
10.74
10.75
10.70
10.68
10.65
10.60
10.72
10.77
10.77
10.79
11.01
11.05
11.13
11.11
11.17
11.24
11.25
11.22
11.20
11.18
11.13
11.18
11.17
11.11
11.17
11.18
11.18
11.20
11.18
11.24
11.25
11.22
11.22
11.11
11.20
11.29
11.27
11.25
11.25
11.56
11.36
11.20
11.24
11.48
11.65
11.70
11.79
11.84
11.91
11.87
11.91
11.96
11.93
11.91
11.93
11.94
11.94
11.89
11.93
11.93
11.93
11.93
11.93
11.93
11.94
11.94
11.91
11.93
11.94
11.98
12.03
12.15
12.15
12.32
12.37
12.37
12.37
12.36
12.37
12.37
12.39
12.34
12.31
12.29
12.31
12.31
12.32
12.32
12.36
12.37
12.37
12.36
12.39
12.43
12.44
12.43
12.41
12.41
12.46
12.55
12.69
12.48
12.29
12.22
12.37
12.39
12.41
12.48
12.46
12.48
12.36
12.34
12.43
12.51
12.56
12.58
12.60
12.69
12.72
12.77
12.63
12.63
12.58
12.60
12.62
12.65
12.65
12.72
12.72
12.65
12.53
12.48
12.41
12.17
12.24
12.41
12.55
12.63
12.72
12.77
12.82
12.81
12.72
12.74
12.77
12.77
12.77
12.86
12.88
12.79
12.79
12.84
12.82
12.91
12.93
12.82
12.72
12.79
12.96
13.07
12.94
13.03
13.10
13.07
13.17
12.75
12.89
12.96
12.96
12.81
12.79
12.93
12.89
12.96
12.88
12.79
12.86
12.93
12.89
12.67
12.82
12.96
12.98
12.98
12.88
12.89
12.74
12.96
12.94
12.94
13.13
13.17
13.12
13.13
13.00
12.94
12.84
12.82
13.01
12.98
13.13
13.08
13.10
13.13
13.10
13.22
13.26
13.08
13.19
13.10
13.07
13.22
13.22
13.24
13.26
13.34
13.19
13.24
13.13
13.01
13.07
13.13
13.12
13.27
13.27
13.29
13.38
13.41
13.36
13.38
13.43
13.55
13.53
13.38
13.43
13.51
13.48
13.55
13.60
13.62
13.63
13.65
13.63
13.57
13.48
13.48
13.43
13.39
13.53
13.39
13.67
13.39
13.62
13.53
13.62
13.57
13.70
13.67
13.63
13.70
13.77
13.84
13.84
13.81
13.72
13.84
13.93
13.89
13.96
13.89
13.89
13.91
13.93
13.91
13.86
13.91
13.93
13.89
13.65
13.48
13.48
13.46
13.48
13.50
13.50
13.48
13.51
13.51
13.43
13.62
13.67
13.55
13.38
13.55
13.51
13.62
13.53
13.57
13.58
13.10
13.32
13.60
13.43
13.46
13.70
13.84
13.86
13.86
13.72
13.53
13.53
13.51
13.50
13.60
13.63
13.57
13.60
13.53
13.84
13.84
13.55
13.39
13.34
13.50
13.72
13.69
13.72
13.79
13.72
13.67
13.77
13.84
13.82
13.81
13.77
13.81
13.74
13.74
13.88
13.95
13.95
13.96
13.84
13.84
13.63
13.76
13.95
14.05
14.14
14.10
14.20
14.24
14.29
14.26
14.20
14.27
14.38
14.41
14.29
14.29
14.24
14.20
14.08
14.08
14.08
14.05
14.10
14.20
14.29
14.46
14.36
14.34
14.38
14.41
14.74
14.69
14.76
14.81
14.86
14.86
14.83
14.86
14.77
14.77
14.70
14.74
14.86
14.84
14.88
14.81
14.89
14.88
14.81
14.81
14.83
14.81
14.74
14.60
14.95
15.00
14.95
15.00
14.93
15.03
15.03
15.00
15.03
15.12
15.12
15.21
15.27
15.24
15.24
15.24
15.26
15.27
15.33
15.29
15.36
15.34
15.41
15.41
15.43
15.40
15.46
15.43
15.45
15.62
15.71
15.84
15.83
15.74
15.59
15.46
15.45
15.29
15.36
15.34
15.43
15.50
15.52
15.62
15.60
15.76
15.74
15.81
15.88
15.74
15.59
15.50
15.52
15.69
15.71
15.81
15.81
15.86
15.81
15.69
15.57
15.52
15.36
15.15
15.38
15.55
15.57
15.53
15.60
15.64
15.55
15.65
15.71
15.71
15.64
15.60
15.76
15.91
15.86
15.81
15.64
15.72
15.74
15.57
15.74
15.88
15.90
15.76
15.79
15.90
15.83
16.14
16.19
16.09
16.12
16.07
15.98
15.86
15.84
15.81
15.84
15.84
16.03
16.05
16.07
16.21
16.28
16.26
16.29
16.33
16.38
16.38
16.40
16.50
16.53
16.60
16.67
16.71
16.66
16.28
16.43
16.62
16.69
16.38
16.48
16.34
16.33
16.17
16.22
16.31
16.48
16.55
16.55
16.34
16.43
16.53
16.59
16.59
16.64
16.71
16.93
16.98
16.98
16.98
16.91
16.83
16.72
16.81
16.85
16.91
17.05
16.93
16.90
16.97
17.12
17.09
17.12
17.19
17.10
17.22
17.28
17.28
17.33
17.41
17.41
17.43
17.35
17.28
17.29
17.35
17.31
17.17
17.12
17.07
17.10
17.14
17.16
17.07
16.95
16.83
17.03
17.05
17.38
17.47
17.47
17.21
17.17
17.26
17.17
17.21
17.47
17.16
16.98
17.12
16.98
16.66
16.59
16.95
17.09
17.24
17.33
17.43
17.47
17.45
17.59
17.57
17.62
17.73
17.55
17.03
16.93
17.40
17.60
17.52
17.21
17.17
17.12
17.12
16.79
16.88
17.03
17.00
17.07
17.09
17.12
16.93
17.00
17.47
17.38
17.16
16.93
16.88
16.93
17.07
17.10
17.16
17.22
17.17
17.22
17.22
17.16
17.05
17.21
17.29
17.28
17.17
16.97
16.95
17.17
17.47
17.36
17.45
17.48
17.55
17.48
17.66
17.67
17.71
17.74
17.76
17.67
17.67
17.78
17.90
18.02
18.02
18.05
18.02
18.05
17.97
17.76
18.02
18.00
18.19
18.21
18.04
18.07
18.10
18.04
17.62
17.83
17.92
17.81
17.95
18.12
17.90
18.07
18.17
18.28
18.33
18.38
18.23
18.23
18.17
18.05
18.14
18.12
18.07
18.26
18.47
18.57
18.48
18.47
18.54
18.59
18.54
18.62
18.64
18.73
18.71
18.76
18.64
18.66
18.59
18.61
18.74
18.78
18.86
18.83
18.67
18.52
18.64
18.64
18.40
18.50
19.11
19.00
18.85
18.78
18.78
18.80
18.69
18.02
18.17
18.80
18.95
18.81
19.00
19.14
18.95
18.88
18.86
18.97
18.59
18.81
18.57
18.66
18.67
18.80
18.81
18.93
19.04
19.12
19.21
19.18
19.21
19.05
19.18
19.19
18.90
18.67
18.73
19.02
18.67
18.99
18.95
18.92
18.97
19.05
19.02
19.16
19.16
19.09
19.19
19.18
19.24
19.26
19.24
19.19
19.11
19.04
19.11
19.16
19.31
19.30
19.14
19.07
19.04
19.11
19.16
19.38
19.47
19.45
19.36
19.54
19.30
19.50
19.40
19.59
19.71
19.66
19.24
19.28
19.33
19.23
19.59
19.55
19.59
19.49
19.59
19.36
19.38
19.26
19.16
19.04
19.11
19.18
18.95
18.93
18.99
19.05
19.12
19.55
19.62
19.42
19.31
19.19
19.47
19.66
19.80
19.74
19.68
19.68
19.76
19.69
19.69
19.66
19.64
19.69
19.80
19.74
19.78
19.80
19.76
19.81
19.71
19.66
19.61
19.62
19.59
19.66
19.80
19.88
19.85
19.87
19.74
19.64
19.64
19.80
19.80
19.87
19.83
19.73
19.81
19.73
19.74
20.04
20.04
20.07
20.18
20.21
20.18
20.18
20.12
20.14
20.19
20.23
20.16
20.09
19.99
20.26
20.21
20.35
20.12
20.04
20.04
19.90
20.06
20.54
20.35
20.66
20.56
20.57
20.33
20.50
20.45
20.56
20.52
20.42
20.50
20.57
20.61
20.64
20.66
20.80
20.69
20.68
20.62
20.64
20.66
20.37
20.26
20.04
20.12
19.61
19.69
19.76
19.97
19.99
20.07
20.00
19.93
19.62
19.87
20.02
20.02
20.14
19.99
19.80
19.74
19.80
20.07
20.19
20.12
20.14
20.28
20.19
20.09
20.25
20.11
20.04
19.90
19.69
19.87
20.02
19.99
20.12
20.26
20.30
20.02
19.99
20.16
20.02
20.18
20.25
20.43
20.16
20.12
20.14
20.30
20.47
20.52
20.49
20.38
20.19
20.14
20.42
20.42
20.37
20.25
20.16
20.37
20.37
20.31
19.83
19.87
20.25
20.38
20.30
20.28
20.42
20.50
20.42
20.54
20.56
20.56
20.54
20.69
20.52
20.42
20.52
20.61
20.49
20.40
20.38
20.38
20.31
19.99
20.18
20.00
20.14
20.31
19.97
19.69
20.16
20.42
20.54
20.54
20.54
20.54
20.59
20.57
20.71
20.69
20.76
20.71
20.56
20.54
20.49
20.57
20.47
20.59
20.62
20.69
20.80
20.69
20.69
20.62
20.85
20.85
20.85
20.88
20.80
20.76
20.47
20.75
20.85
20.92
20.66
20.83
20.83
20.88
21.04
21.02
21.06
21.06
21.06
21.11
21.14
21.09
21.06
21.02
21.14
21.14
21.06
21.07
20.83
20.71
20.90
20.88
21.06
21.00
21.04
21.06
20.94
20.81
20.90
20.95
20.92
20.97
20.94
21.13
21.32
21.35
21.40
21.47
21.47
21.37
21.40
21.35
21.35
21.28
21.38
21.25
21.28
21.49
21.23
21.09
21.13
20.99
21.16
21.47
21.82
21.75
21.80
21.73
21.68
21.66
21.66
21.66
21.66
21.69
21.66
21.66
21.61
21.57
21.61
21.54
21.59
21.63
21.64
21.68
21.75
21.68
21.78
21.78
21.76
21.85
21.59
21.49
21.42
21.09
21.35
21.04
21.18
21.33
21.14
21.11
21.32
21.37
21.54
21.35
20.85
20.88
20.90
21.25
21.38
21.33
21.52
21.71
21.61
21.52
21.64
21.71
21.56
21.57
21.69
21.80
22.14
21.94
21.63
21.64
21.32
21.63
21.42
21.66
21.56
21.42
21.47
21.33
21.32
21.94
21.75
21.61
21.57
21.61
21.45
21.44
22.01
21.95
21.83
21.83
21.68
21.66
21.51
21.47
21.66
21.82
21.78
21.75
21.76
21.94
21.69
21.57
21.54
21.42
21.66
21.75
21.85
21.82
21.76
21.71
21.68
21.63
21.57
21.47
21.56
21.68
21.69
21.92
21.80
21.82
21.95
21.90
21.97
21.92
21.88
21.83
21.76
21.92
21.95
22.20
22.28
22.21
22.39
22.39
22.28
22.45
22.61
22.59
22.40
22.33
22.40
22.07
22.09
22.14
22.18
22.23
22.26
22.21
22.28
22.39
22.51
22.44
22.58
22.58
22.56
22.63
22.61
22.49
22.49
22.54
22.58
22.71
22.85
23.02
22.76
22.97
22.87
22.82
22.56
22.73
22.95
22.80
22.66
22.61
22.61
22.90
22.78
22.90
23.21
22.99
22.99
22.97
23.08
23.13
23.23
23.04
22.89
22.68
22.33
22.32
22.51
22.25
22.30
22.56
22.83
22.99
23.06
23.30
23.54
23.51
23.46
23.59
23.51
23.46
23.54
23.33
23.35
23.16
23.30
23.56
23.51
23.71
23.37
23.68
23.59
23.59
23.40
22.92
23.09
23.18
23.18
23.14
23.35
23.44
23.51
23.61
23.52
23.56
23.75
23.75
23.89
23.73
23.70
23.63
23.71
23.61
23.56
23.65
23.80
23.71
23.56
23.49
23.51
23.47
23.75
23.70
23.49
23.47
23.42
23.28
23.28
23.47
23.61
23.56
23.68
23.75
23.63
23.63
23.52
23.47
23.58
23.52
23.51
23.49
23.49
23.54
23.70
23.71
23.63
23.68
23.89
23.78
23.78
23.87
23.84
23.70
23.85
24.23
23.99
23.63
23.58
23.71
23.97
24.18
24.13
24.21
24.37
24.25
24.34
24.34
24.44
24.51
24.54
24.47
24.34
24.46
24.61
24.54
24.70
24.70
24.58
24.47
24.40
24.32
24.47
24.56
24.91
24.66
24.37
24.46
24.42
24.09
24.18
24.42
24.44
24.72
24.75
24.84
24.84
24.80
24.82
24.66
24.65
24.27
24.39
24.65
24.92
25.04
25.04
25.20
25.09
25.13
25.08
25.13
25.18
25.18
25.11
25.04
25.09
25.51
25.41
25.37
25.49
25.54
25.75
25.79
25.70
25.73
25.68
25.68
25.66
25.63
25.80
25.87
25.84
25.77
25.75
25.75
25.79
25.94
26.06
26.15
26.04
26.03
26.10
26.06
25.92
25.85
25.68
25.49
25.20
25.32
25.75
25.82
25.58
25.37
25.58
25.72
25.84
25.73
25.68
25.70
25.91
26.08
25.60
25.72
25.72
25.65
25.66
25.44
25.22
25.01
24.91
24.91
25.15
24.99
24.80
24.82
24.78
24.34
24.06
24.23
24.61
24.87
24.92
25.15
25.42
25.35
25.37
25.13
24.99
25.04
24.94
24.87
24.94
25.06
25.04
25.30
25.30
25.28
25.32
25.46
25.51
25.41
25.34
25.35
25.16
24.89
24.84
24.66
24.25
24.39
24.35
24.59
24.77
25.01
24.82
24.72
24.96
25.22
24.68
24.70
24.56
24.47
24.65
25.22
25.25
25.18
25.37
25.58
25.37
25.32
25.22
25.13
25.22
25.39
25.37
25.20
24.84
25.32
25.32
25.46
25.70
25.72
25.75
25.80
25.79
25.92
25.98
26.03
25.92
26.10
26.10
26.03
26.16
26.13
26.13
26.18
26.35
26.13
26.16
26.13
26.20
26.30
26.29
26.27
26.04
25.92
26.06
26.25
25.99
26.11
26.18
26.30
26.41
26.20
26.60
26.61
26.44
26.34
26.41
26.30
26.29
26.27
26.51
26.68
26.32
26.35
26.53
26.22
26.03
25.77
25.98
25.99
26.06
26.27
26.32
26.08
25.98
26.58
26.53
26.37
26.18
26.10
26.08
26.08
26.22
26.42
26.53
26.68
26.80
26.79
26.80
26.73
26.77
26.84
27.01
26.98
26.94
26.92
26.94
26.99
27.13
27.24
27.22
27.36
27.24
26.87
26.89
27.32
27.41
27.10
27.06
27.10
27.13
27.13
27.25
26.99
27.06
27.39
27.37
27.30
27.11
27.11
27.05
26.98
27.08
27.05
27.22
27.44
27.49
27.60
27.39
27.36
27.30
27.27
27.32
27.22
27.39
27.20
27.20
27.20
27.41
27.48
27.44
27.29
27.48
27.70
27.65
27.79
27.80
27.79
27.89
27.80
27.84
27.93
27.87
27.87
27.87
27.84
27.79
27.58
27.42
27.49
27.37
27.29
27.36
27.32
27.67
27.80
27.30
27.20
27.53
27.74
27.79
27.93
27.87
27.87
27.93
27.84
27.82
28.05
28.08
28.05
28.10
28.10
28.08
28.15
27.98
27.84
28.05
27.87
27.94
28.08
28.05
28.15
28.10
27.91
27.56
27.63
27.86
27.49
27.70
27.48
27.22
27.24
27.20
27.36
27.56
27.44
27.63
27.68
27.80
27.60
27.60
27.77
27.70
27.84
27.79
27.60
27.67
27.84
27.77
27.84
27.41
27.30
27.24
27.08
27.18
27.11
27.48
27.87
27.96
28.15
28.06
27.86
27.60
27.39
27.51
27.36
27.22
27.67
27.98
28.22
27.46
27.06
27.46
28.06
28.22
28.27
28.27
28.06
28.13
28.22
28.17
28.24
28.32
27.98
28.03
27.87
28.34
28.48
28.24
28.55
28.41
27.46
27.67
28.53
28.65
28.44
28.24
28.08
27.87
28.08
28.43
28.67
28.44
28.46
28.67
28.84
28.72
28.65
28.58
28.79
28.79
28.48
28.39
28.34
28.31
28.36
28.48
28.44
28.75
29.20
29.06
29.01
29.06
29.06
29.15
29.25
29.24
29.15
29.19
29.24
29.29
29.41
29.43
29.50
29.53
29.53
29.63
29.62
29.67
29.65
29.65
29.57
29.70
29.74
29.57
29.79
29.70
29.55
29.65
29.57
29.58
29.81
30.01
30.01
30.12
30.20
30.13
30.05
30.10
30.00
30.03
29.96
29.96
30.01
30.17
30.10
29.88
29.91
29.74
29.81
29.86
29.98
30.36
30.34
30.15
30.27
30.26
30.41
30.13
30.19
30.31
30.10
29.51
29.05
29.36
29.60
29.75
29.39
29.67
29.91
30.07
30.03
30.00
30.10
29.96
29.94
30.08
29.69
29.62
29.46
30.05
30.01
30.19
30.08
30.22
30.10
30.15
29.70
29.98
30.10
30.08
29.94
30.13
30.10
30.36
30.43
30.46
30.07
30.12
30.26
29.50
29.72
29.93
30.03
30.34
30.51
30.39
30.70
30.57
30.48
30.17
30.05
30.36
30.34
30.51
30.84
30.89
30.91
30.70
30.76
30.65
30.36
30.48
30.38
30.39
30.51
30.70
30.38
30.51
30.67
30.65
30.64
30.48
30.70
30.86
30.76
30.74
30.72
30.58
30.60
30.69
30.62
30.67
30.55
30.12
29.86
29.84
30.24
30.39
30.31
30.05
29.94
30.10
30.13
30.41
30.48
30.64
30.50
30.67
30.39
30.62
30.60
30.65
30.70
30.91
30.93
30.76
30.76
30.79
30.72
30.91
30.93
31.24
30.93
30.98
31.17
31.00
31.20
31.15
31.34
31.31
31.36
31.24
31.26
31.17
31.39
31.27
31.33
31.36
31.31
31.43
31.36
31.34
31.38
31.36
31.34
31.36
31.39
31.43
31.48
31.50
31.52
31.29
31.39
31.57
31.52
31.55
31.26
31.33
31.52
31.62
31.34
31.67
31.64
31.60
31.57
31.52
31.79
31.69
31.69
31.72
31.77
31.76
31.72
31.64
31.77
31.79
31.98
31.90
32.02
31.81
31.79
31.74
31.46
31.43
31.46
31.62
31.71
31.81
31.69
31.57
31.38
30.64
31.52
31.64
31.55
31.10
30.77
31.10
30.89
30.91
31.00
31.07
31.10
30.93
31.12
30.95
31.05
31.22
31.26
31.36
31.52
31.69
31.39
30.89
30.88
31.01
30.72
31.38
31.26
31.39
31.29
31.15
30.70
30.93
30.89
31.08
30.91
31.27
31.19
31.14
30.96
30.81
31.20
31.15
31.20
31.03
31.03
31.05
31.62
31.67
31.52
31.64
31.50
31.39
31.57
31.36
31.48
31.64
31.71
31.71
31.64
31.88
31.79
31.90
31.90
31.79
31.79
31.95
31.93
31.98
31.81
31.98
31.95
32.26
32.08
32.17
32.14
31.90
32.05
32.03
31.96
31.91
31.93
31.96
31.76
31.86
31.64
31.64
31.81
31.84
31.77
31.53
31.72
31.86
31.67
31.79
31.60
31.76
31.81
31.90
31.83
31.91
32.07
32.15
32.03
32.02
32.05
32.27
31.88
31.84
31.91
31.93
31.58
31.58
31.76
31.69
32.02
32.08
32.14
31.76
31.64
31.48
31.84
31.74
31.96
32.00
32.03
32.21
32.60
32.67
32.69
32.57
32.64
32.57
32.48
32.43
32.41
32.52
32.40
32.34
32.53
32.48
32.12
32.05
32.34
32.10
32.05
32.19
32.33
32.02
31.81
31.77
31.77
32.17
32.14
32.07
32.29
32.26
32.12
32.15
32.21
32.29
32.33
32.40
32.46
32.45
32.46
32.38
32.52
32.59
32.40
32.45
32.72
32.40
32.45
32.57
32.53
32.79
32.64
32.72
32.50
32.50
32.41
32.48
32.60
32.53
32.57
32.29
32.50
32.72
32.60
32.67
32.88
33.12
33.05
32.93
32.84
33.02
33.19
33.03
32.90
32.86
32.48
32.14
31.88
32.15
32.24
32.34
32.27
32.19
32.24
32.21
32.19
32.08
32.02
32.00
31.76
32.21
32.48
32.60
32.84
32.93
33.17
33.14
33.10
32.78
33.07
32.60
32.67
32.97
32.98
32.74
32.98
33.09
33.38
33.31
33.40
33.59
33.59
33.62
33.86
33.86
33.64
33.34
33.47
33.74
33.79
33.95
33.81
33.79
33.85
33.79
33.71
33.88
33.81
33.86
33.85
33.88
33.98
33.98
33.95
33.98
33.78
33.83
33.91
33.62
33.59
33.09
33.24
33.71
33.85
33.90
33.97
34.02
33.93
33.60
33.88
33.85
33.64
33.62
33.79
33.71
33.83
33.81
33.86
33.85
33.90
33.90
33.81
33.88
34.02
34.07
34.17
34.12
33.74
33.95
33.85
33.91
33.91
33.71
33.57
33.72
33.81
33.88
33.72
33.67
33.55
33.50
33.72
33.71
33.62
33.76
33.74
33.60
33.71
34.07
34.00
34.07
33.78
34.16
34.23
34.07
33.86
33.95
33.78
33.95
34.07
34.14
34.07
34.23
34.40
34.07
34.05
34.10
34.23
34.79
34.74
34.78
34.73
34.60
34.64
34.60
34.69
34.55
34.57
34.74
34.76
34.74
34.67
34.78
34.86
34.85
34.69
34.57
34.40
34.38
34.45
34.52
34.78
34.66
34.45
34.48
34.41
34.45
34.36
34.33
34.10
34.57
34.59
34.60
34.36
34.02
34.48
34.29
34.29
34.45
34.62
34.67
34.54
34.36
34.48
34.48
34.83
34.83
34.43
34.50
34.78
34.57
34.36
34.48
34.55
34.50
34.54
34.69
34.54
34.59
34.59
34.60
34.79
34.86
34.98
35.05
34.88
34.95
35.05
35.02
34.97
34.93
35.21
35.24
35.35
34.90
34.97
35.35
34.66
34.66
34.02
34.59
34.35
34.66
34.78
34.74
34.86
34.79
34.92
35.16
35.05
34.93
34.95
34.74
34.50
35.23
35.38
35.16
34.98
35.07
35.38
35.31
35.26
35.04
35.54
35.52
35.42
35.14
35.24
35.31
35.33
35.16
34.98
35.21
35.31
35.21
35.33
35.23
35.14
35.19
35.24
35.26
35.50
35.62
35.81
35.78
35.83
35.71
35.47
35.48
35.73
35.86
35.80
35.73
36.07
35.81
35.81
35.85
35.80
35.57
35.52
35.23
35.07
35.16
35.21
35.28
34.88
35.30
34.83
35.19
35.52
35.48
35.26
34.92
34.79
34.67
35.07
35.14
35.12
35.02
34.95
34.97
34.74
34.76
34.90
35.43
35.33
35.12
35.11
35.17
35.21
35.28
35.12
35.11
35.26
35.28
34.57
34.62
34.60
34.52
34.45
34.54
35.05
34.47
34.88
35.31
35.57
35.43
35.71
35.73
35.59
35.31
35.48
35.42
35.67
35.38
35.16
35.76
35.66
35.64
35.54
35.43
35.50
35.61
35.80
35.57
35.26
35.43
35.54
35.59
35.67
35.86
35.76
35.81
35.85
35.80
35.57
35.61
34.67
35.14
35.43
35.21
35.57
35.36
35.48
35.69
35.69
35.55
35.83
36.09
36.04
35.83
35.99
35.80
36.04
35.95
36.16
36.19
36.42
36.37
35.88
35.47
35.74
36.05
36.24
36.14
35.90
35.73
35.74
36.30
36.19
35.92
36.16
36.07
36.24
36.40
36.33
35.97
36.16
36.31
36.30
35.78
36.18
36.45
36.52
36.42
36.30
36.35
36.11
36.09
36.05
36.11
35.95
36.07
36.31
36.26
36.05
35.88
35.85
36.07
36.05
35.93
36.09
35.85
35.83
36.05
36.18
36.19
35.78
35.93
35.86
36.02
36.23
36.23
36.31
36.19
36.57
36.56
36.57
36.78
36.95
37.02
36.68
36.68
36.83
36.56
36.85
36.99
36.83
36.56
36.57
36.59
36.66
36.49
36.66
36.59
36.40
36.12
36.37
36.43
36.45
36.47
36.61
36.33
36.37
36.31
36.26
36.43
36.37
36.52
36.66
36.38
36.49
36.16
36.28
36.49
36.30
36.37
36.30
36.07
36.30
36.16
36.09
35.92
36.18
35.76
36.23
36.43
36.09
36.62
36.66
36.64
36.56
36.31
36.21
36.68
36.52
36.23
36.24
36.66
36.90
36.73
36.80
36.50
36.38
36.62
36.64
36.66
36.74
36.80
36.90
36.99
36.76
36.71
36.85
36.87
37.02
37.04
37.06
36.90
36.92
37.21
36.81
36.78
36.83
36.38
36.09
36.42
36.31
36.28
36.69
36.74
36.64
36.88
36.69
37.00
37.33
37.00
36.95
36.93
36.95
37.04
37.23
37.40
37.35
37.26
36.95
36.78
36.97
37.06
36.92
37.12
37.09
36.69
36.92
37.31
37.33
36.92
36.59
36.97
36.88
36.80
36.90
36.83
36.81
36.81
36.78
36.64
36.45
36.90
36.74
36.90
37.23
37.14
37.50
37.59
37.42
36.78
36.69
36.61
36.56
37.12
36.87
36.85
36.87
37.04
37.04
37.23
37.07
36.93
37.06
37.25
37.30
37.56
37.04
37.04
37.71
37.95
38.09
37.95
37.85
37.80
37.87
37.69
37.75
37.06
37.12
37.16
37.23
37.30
37.73
37.78
37.50
37.26
37.12
36.80
37.21
37.21
37.16
37.26
37.40
37.33
37.63
37.56
37.11
36.68
37.00
37.21
37.18
36.88
37.11
37.02
36.83
37.37
37.30
37.00
37.14
36.81
37.37
36.66
36.52
37.09
36.97
36.71
36.40
36.14
36.09
36.40
36.64
36.56
36.57
36.73
36.90
36.83
36.76
36.59
36.68
36.74
36.83
36.76
36.69
36.80
36.71
36.61
36.81
37.12
36.78
36.42
36.12
36.18
36.74
36.33
36.16
36.57
37.04
36.56
36.74
37.30
37.07
36.92
37.69
37.68
37.00
37.83
37.49
37.23
37.44
36.92
36.66
36.04
36.37
37.02
37.42
37.12
37.31
37.42
36.95
37.06
36.95
37.21
37.06
36.61
36.43
36.21
36.35
35.80
36.14
36.35
36.71
36.74
36.69
36.87
37.09
36.93
37.18
37.44
37.90
37.56
37.68
37.56
37.47
37.42
37.45
37.50
37.75
37.59
37.59
37.38
37.69
37.49
37.16
37.16
36.92
36.87
37.11
36.92
37.11
37.26
37.71
37.38
37.50
37.45
37.45
37.30
37.54
37.49
37.44
37.37
37.42
37.45
37.71
37.50
37.59
37.80
37.61
37.52
37.59
37.75
38.06
38.37
38.56
38.57
38.54
38.64
39.06
38.97
38.63
38.68
38.95
39.09
38.78
38.78
38.82
38.80
38.85
38.94
39.14
38.94
38.97
39.13
39.32
39.06
38.95
38.61
38.23
38.09
38.13
38.13
38.35
38.70
38.68
38.52
38.47
38.35
38.51
38.25
38.71
38.99
39.14
39.14
39.01
38.63
38.70
39.06
39.01
39.14
38.82
38.68
38.92
38.73
38.68
38.75
38.56
38.92
39.21
38.97
38.80
38.44
38.30
38.42
38.37
38.73
38.51
38.80
39.02
39.02
38.66
38.83
39.11
38.54
38.59
38.75
38.87
38.78
38.70
38.82
38.89
39.06
39.06
39.04
39.02
39.01
39.13
39.33
39.35
39.01
39.02
39.02
38.99
38.76
38.66
38.97
38.89
38.95
38.94
38.83
39.18
39.02
39.21
39.26
39.11
38.70
38.16
38.40
38.26
38.19
38.06
38.06
38.06
38.35
38.33
38.59
38.85
39.06
38.85
38.59
38.76
38.66
38.80
38.85
38.99
38.85
38.32
38.56
38.87
39.30
39.42
38.83
38.89
39.02
38.76
38.94
39.54
39.59
39.37
39.18
39.51
39.40
39.37
38.73
38.76
38.82
38.52
38.59
37.95
38.19
38.30
38.51
38.78
38.99
39.13
39.16
38.89
39.07
39.20
39.30
39.14
39.21
39.28
39.49
39.68
39.64
39.85
39.82
40.18
39.97
39.90
39.97
39.96
40.08
39.92
40.09
40.06
39.96
39.75
39.47
39.64
39.89
39.89
40.13
40.01
40.27
39.97
40.13
40.27
40.25
40.16
40.13
40.44
40.51
40.58
40.66
40.68
40.63
40.37
40.70
40.82
40.75
40.68
40.58
40.42
40.61
40.52
40.37
40.18
39.89
39.85
39.59
39.87
39.89
39.83
39.49
39.58
39.83
39.78
39.89
40.18
40.01
40.02
39.96
40.01
40.04
40.13
39.92
39.94
40.14
40.39
39.82
39.61
39.64
39.54
39.80
39.96
39.99
39.78
40.39
40.49
39.85
39.80
39.47
39.52
39.58
39.61
39.82
39.80
39.63
39.54
39.78
39.80
39.89
39.97
40.11
40.25
40.16
39.80
39.47
40.08
40.04
40.16
40.11
40.32
40.44
40.09
40.09
40.16
39.82
39.89
40.04
40.13
40.33
40.44
40.77
40.63
40.40
40.27
40.18
40.13
39.80
40.06
40.21
40.44
39.90
40.04
40.13
39.83
39.56
39.77
39.47
39.54
39.47
39.20
39.70
39.85
39.85
40.02
39.75
39.82
39.99
39.99
39.94
40.11
40.01
40.09
40.20
40.11
39.99
40.08
40.13
40.09
40.21
40.30
40.37
40.14
40.25
40.35
40.58
40.46
40.42
40.39
40.78
40.87
40.66
41.23
40.97
40.94
40.75
40.63
40.58
40.75
40.66
40.58
40.66
40.44
40.42
40.46
40.78
40.85
40.90
40.78
40.90
40.87
41.11
41.08
41.30
41.44
41.32
41.16
41.39
41.40
41.49
41.58
41.77
41.77
41.39
41.22
41.22
40.80
40.78
40.68
40.96
40.99
40.97
40.82
41.15
41.23
41.34
41.04
40.99
40.87
40.90
40.99
41.11
41.08
41.20
41.27
41.34
41.46
41.47
41.47
41.49
41.56
41.59
41.34
41.09
40.85
41.01
41.23
41.39
41.42
41.25
41.37
41.53
41.51
41.27
41.49
41.89
41.72
41.53
41.56
41.59
41.75
41.80
41.96
42.01
41.94
41.30
41.61
41.30
41.61
41.78
41.63
41.61
41.46
41.34
41.16
41.51
41.49
41.49
41.44
41.61
41.84
41.66
41.08
40.56
40.56
41.22
41.32
41.27
41.27
41.34
41.30
41.39
41.35
41.37
41.40
41.54
41.75
41.68
41.61
41.53
41.59
41.27
41.37
41.27
41.11
41.30
41.39
41.25
41.15
41.01
41.16
41.13
41.35
41.25
41.44
41.20
41.30
41.58
41.39
41.56
41.68
41.42
41.18
41.27
41.40
41.59
41.61
41.87
41.80
41.82
41.53
41.65
41.61
41.73
41.40
41.70
41.46
41.70
41.59
41.61
41.51
41.47
41.54
41.56
41.68
41.84
41.99
42.16
41.89
41.85
42.01
42.30
42.16
41.99
42.10
41.25
42.06
42.15
42.06
41.94
42.03
42.11
41.97
41.84
41.72
41.63
41.63
41.40
41.54
41.72
42.44
42.35
42.41
42.54
42.37
42.54
42.49
42.27
42.34
42.60
42.47
42.03
42.01
42.04
41.65
41.34
41.49
41.68
42.13
42.22
42.32
42.49
42.41
42.13
42.04
41.77
42.08
42.03
42.22
42.18
41.73
41.97
41.82
42.34
42.60
42.41
42.58
42.65
42.56
42.53
42.41
42.15
42.41
42.39
42.29
42.44
42.37
42.70
42.73
42.75
42.80
42.87
42.89
42.47
42.46
42.13
41.84
41.97
42.13
42.04
42.44
42.46
42.29
41.56
42.20
42.53
42.54
42.96
42.68
42.72
42.68
42.84
42.89
42.80
42.87
42.77
42.82
42.79
42.73
42.70
43.08
42.79
43.18
42.84
42.72
43.04
43.17
42.84
43.06
43.27
42.94
42.96
42.41
42.37
42.61
42.79
43.03
43.25
43.48
43.34
43.17
43.04
43.11
43.10
43.20
43.30
43.20
42.85
42.79
42.49
42.61
43.15
43.06
42.70
42.80
42.34
42.25
42.37
42.49
42.63
42.29
41.68
42.23
42.34
42.77
42.80
42.85
42.85
42.99
43.20
43.41
43.61
43.70
43.68
43.82
43.77
43.68
43.29
43.39
43.11
43.27
43.15
43.01
43.65
43.53
43.72
43.68
43.58
43.75
43.89
43.73
43.42
43.89
44.29
43.94
43.89
44.60
44.39
44.20
44.46
44.62
44.41
44.55
44.37
44.34
44.22
44.05
44.32
43.56
43.58
43.55
43.67
43.25
42.94
42.89
42.72
43.25
43.22
43.30
43.56
43.49
44.01
43.87
43.75
43.70
43.41
43.68
43.72
43.61
43.75
43.79
43.96
44.01
44.08
44.20
44.15
43.86
44.27
44.37
44.01
44.15
44.08
43.87
43.89
43.79
43.60
43.56
43.63
43.61
43.99
43.73
43.65
43.70
44.11
43.61
43.22
43.72
44.05
43.89
44.20
44.48
44.10
44.36
44.46
44.65
44.49
44.39
44.51
44.46
44.56
44.62
44.44
44.36
43.92
44.29
44.48
44.62
44.36
44.22
44.20
44.17
44.20
44.32
44.36
44.18
44.18
44.53
44.56
44.53
44.58
44.30
44.46
44.63
44.48
44.44
44.84
44.62
44.80
44.58
44.60
44.62
44.41
44.44
44.05
44.34
44.48
44.06
43.91
44.20
44.18
44.08
43.89
42.91
43.70
43.53
43.87
43.77
43.70
43.89
44.32
44.43
44.44
44.24
44.22
44.05
44.56
44.62
44.41
44.55
44.63
44.55
44.46
44.08
43.98
43.48
43.39
43.99
43.94
43.96
44.32
44.22
43.89
44.20
44.34
44.53
44.53
44.55
44.43
45.08
44.82
45.10
44.62
44.53
44.67
44.98
44.87
44.84
45.27
45.12
44.62
44.49
44.99
44.91
44.77
44.94
44.82
44.96
44.63
44.51
44.65
44.53
44.84
44.94
45.13
44.60
44.41
45.06
44.84
44.99
45.08
45.15
44.89
44.93
44.48
44.89
45.01
45.20
45.20
45.27
45.50
45.27
45.37
45.18
44.60
44.74
44.84
44.98
45.34
45.20
44.60
45.15
45.06
45.12
45.01
44.37
44.79
44.87
45.12
44.68
44.36
44.37
44.11
44.39
44.62
44.98
45.15
45.17
45.20
45.43
45.58
45.53
44.91
45.05
45.31
44.86
45.08
45.37
45.65
45.24
45.77
45.41
45.10
45.18
45.25
45.37
45.46
45.48
45.62
45.44
45.34
45.48
45.25
45.27
45.31
45.34
45.31
45.22
45.41
45.48
45.48
45.13
45.60
45.81
45.58
45.50
44.70
44.75
44.46
44.96
44.77
45.10
45.05
45.55
45.79
45.41
45.36
45.69
45.69
45.63
45.43
45.58
45.39
45.43
45.88
46.20
45.67
45.48
45.53
45.53
45.20
45.62
45.79
45.65
45.20
45.60
45.58
45.84
45.91
45.48
45.69
45.48
45.50
45.39
45.15
45.13
45.24
45.39
45.82
46.10
46.17
46.00
46.24
46.19
46.19
45.93
46.72
46.57
46.48
46.06
46.32
46.60
46.69
46.13
46.13
45.94
46.20
46.19
45.75
46.13
46.48
46.05
45.67
46.01
46.00
46.48
46.86
46.62
47.00
47.20
46.77
46.79
46.77
46.67
46.39
47.08
46.62
46.50
47.03
46.89
46.89
46.91
47.12
47.05
46.98
47.13
47.31
47.17
47.43
47.26
46.93
46.74
46.81
46.81
46.81
46.98
46.91
46.86
46.88
46.95
46.70
47.00
46.96
46.81
47.17
47.07
47.24
47.36
47.15
46.81
47.01
46.91
46.86
47.05
46.93
47.24
46.98
47.39
47.24
47.34
47.51
47.46
47.41
47.60
47.38
47.65
47.45
47.13
46.98
46.69
46.67
46.51
46.65
46.74
46.58
46.27
46.36
46.38
46.57
46.36
46.41
46.19
46.38
46.43
46.69
46.27
46.17
46.13
46.46
46.95
47.26
46.77
47.05
46.76
46.95
47.08
47.10
47.07
46.98
47.00
46.76
46.57
46.65
46.70
46.76
46.74
46.84
46.95
47.03
46.77
46.93
47.08
47.22
47.20
46.69
46.43
46.72
46.51
46.50
46.34
46.24
46.50
46.76
46.82
47.24
47.50
46.63
46.63
46.79
46.91
46.69
46.77
46.84
46.72
46.96
47.07
47.05
47.24
46.95
46.67
46.58
46.89
47.10
47.01
46.91
46.82
46.84
46.81
47.10
46.95
47.10
46.98
47.32
47.22
47.34
47.27
46.95
47.03
47.31
47.41
47.15
47.27
47.48
47.26
47.34
47.45
47.46
47.51
47.58
47.29
47.22
47.05
47.34
47.10
47.08
46.93
46.86
47.15
47.27
46.86
47.12
47.19
47.84
47.81
47.39
47.01
47.19
47.50
47.15
47.29
47.19
47.29
47.03
47.17
47.62
47.51
47.58
47.57
47.26
47.72
47.51
47.67
47.32
47.41
47.20
47.32
47.38
47.01
47.29
47.60
47.13
46.84
46.44
46.41
47.19
47.53
47.27
47.22
47.50
47.60
47.62
47.46
47.83
48.10
48.24
47.88
47.79
48.02
48.02
47.70
47.81
47.34
47.70
47.79
47.67
47.53
46.93
46.98
47.22
47.27
47.31
47.34
47.53
47.86
47.51
47.89
48.00
48.14
48.31
48.02
48.38
48.39
48.15
48.19
48.27
48.17
47.64
47.31
47.38
47.36
47.39
47.64
47.55
47.07
46.53
47.00
47.13
47.70
47.86
47.93
47.29
47.86
47.46
47.46
46.82
46.93
47.29
47.24
47.17
46.39
47.51
47.08
47.03
46.98
46.93
46.89
46.81
47.48
47.36
47.76
47.77
47.57
47.57
47.89
47.55
47.43
47.88
47.65
48.08
48.29
48.52
47.45
47.93
48.22
48.03
47.08
47.70
48.34
48.39
47.91
47.95
48.36
48.83
48.77
48.46
48.77
48.74
48.58
48.60
48.57
48.65
48.55
48.38
48.43
48.36
48.57
48.53
48.45
48.72
48.86
48.77
49.00
48.53
48.34
48.53
49.36
49.09
48.76
48.55
48.81
48.90
49.12
48.74
48.08
47.98
48.29
48.15
48.39
48.67
48.74
48.81
48.96
48.95
48.96
48.81
49.02
48.69
48.08
47.65
48.26
48.29
48.45
47.88
48.07
48.60
48.53
48.52
48.21
48.05
48.17
47.98
48.31
48.34
48.12
48.65
48.93
48.72
48.71
48.67
49.02
49.10
48.88
48.81
48.81
48.57
48.60
48.91
49.00
49.02
49.12
49.28
49.10
49.15
49.48
49.29
49.29
49.57
49.29
49.40
49.48
49.52
49.45
49.46
49.48
49.45
49.29
49.26
49.33
49.46
49.67
49.72
49.67
49.78
49.86
49.52
49.09
49.31
49.31
49.24
49.28
49.05
49.05
49.12
49.28
48.90
48.98
49.24
49.03
49.43
49.50
49.29
48.91
49.28
49.50
49.48
49.33
49.33
48.91
48.98
49.12
49.10
48.98
48.93
48.90
48.57
48.52
48.27
48.52
48.33
48.48
48.74
48.72
48.79
48.79
48.91
48.76
48.86
49.00
48.98
49.10
48.84
49.24
49.41
49.15
49.22
48.90
49.21
49.05
48.81
48.77
49.09
49.48
49.19
49.15
49.33
48.62
48.48
48.74
48.76
48.22
49.26
49.03
49.24
49.17
49.31
49.60
49.31
49.50
49.21
49.21
48.72
48.58
48.48
48.65
48.69
48.96
49.21
49.03
48.96
49.03
49.17
48.67
49.10
49.31
49.10
49.12
49.15
48.46
48.53
49.10
49.10
49.09
49.00
48.98
49.02
49.38
49.60
49.09
49.05
48.96
48.86
48.79
48.86
49.02
48.96
49.15
48.95
49.57
49.62
49.78
49.26
49.24
49.34
49.43
49.21
49.40
49.60
49.64
49.59
49.59
49.91
50.22
50.22
50.10
50.24
50.28
50.22
50.19
49.57
49.53
49.67
49.74
49.93
50.16
50.21
50.00
50.29
49.97
50.24
50.43
50.28
50.40
50.67
50.59
50.14
50.21
50.29
50.14
50.29
50.35
50.55
50.09
50.66
51.00
50.71
50.41
50.90
50.00
50.05
50.19
50.45
50.40
49.52
49.28
49.62
49.98
50.00
49.93
50.05
50.17
50.19
50.35
49.98
49.98
49.67
49.76
49.81
49.98
49.46
49.12
49.29
49.21
49.29
49.46
49.67
49.60
49.52
49.69
49.52
49.55
49.62
49.76
49.76
49.43
49.50
49.67
49.48
50.00
50.16
49.88
50.05
50.16
50.14
50.05
49.86
50.00
50.19
49.98
50.17
50.19
50.54
50.40
50.90
50.90
50.88
50.76
50.88
50.41
50.10
50.24
50.33
50.29
50.31
50.55
50.59
50.74
50.57
50.74
50.79
50.69
50.55
50.62
50.67
50.40
50.36
50.81
50.90
51.14
51.02
51.40
51.29
51.64
51.62
50.95
50.85
50.81
51.21
51.09
51.36
51.35
51.71
51.59
51.61
51.83
51.16
51.36
51.47
51.57
51.69
51.86
51.79
51.59
51.29
51.64
51.36
52.02
51.93
52.00
52.05
52.05
51.86
51.81
51.88
52.05
51.97
52.14
52.14
52.11
52.14
52.04
52.04
52.05
52.02
52.05
51.93
51.69
52.11
52.00
52.26
52.26
52.49
52.57
52.42
52.50
52.49
52.21
52.26
52.04
52.30
52.33
51.93
51.79
51.61
51.54
51.83
51.98
51.93
51.83
51.86
52.21
51.69
51.92
52.24
52.30
52.02
51.36
51.47
51.45
51.71
51.97
52.07
52.09
51.62
51.36
51.33
51.64
51.57
51.26
50.90
50.81
51.04
50.91
50.97
51.19
51.21
50.91
51.28
51.40
51.67
51.57
51.35
51.83
51.66
51.90
51.92
51.76
51.86
51.85
51.71
51.85
51.83
51.92
51.86
51.67
51.40
51.07
51.36
51.55
51.05
51.26
51.33
51.00
51.26
50.78
50.71
50.48
50.48
50.86
50.81
51.04
50.85
50.64
51.10
50.88
50.90
51.07
51.26
51.24
51.47
51.38
51.28
51.54
51.74
51.35
51.69
51.67
51.66
51.67
50.98
51.67
51.88
52.16
52.12
52.16
52.33
51.86
51.12
50.90
51.31
51.16
51.31
51.26
51.47
51.66
51.69
51.54
51.42
51.45
51.66
51.93
51.67
51.52
51.76
51.90
51.83
51.42
51.47
51.52
51.38
51.43
51.78
51.79
51.78
51.98
52.04
51.62
51.55
51.81
51.40
51.54
51.50
51.45
51.47
51.33
51.93
51.85
51.69
51.57
51.79
51.42
51.35
51.64
51.71
52.05
52.23
52.24
52.09
52.30
52.36
52.50
52.49
52.21
51.85
52.28
52.36
52.09
51.59
51.90
51.76
51.92
51.93
52.42
52.33
52.21
52.31
52.50
52.69
52.85
52.76
52.49
52.74
52.74
52.74
52.93
52.85
53.02
53.02
53.11
53.18
53.33
53.26
52.93
53.18
53.24
53.28
53.54
53.42
53.09
53.21
53.28
53.04
53.18
53.28
53.26
53.43
53.30
53.37
53.37
53.16
53.47
53.56
53.31
53.18
53.40
53.47
53.42
53.75
53.83
53.49
53.49
53.64
53.75
53.88
53.76
54.00
53.81
53.92
54.19
54.25
54.28
53.76
53.80
53.38
53.56
53.68
53.78
53.81
53.61
53.35
53.54
53.73
53.85
53.97
53.52
53.49
53.52
53.78
54.00
54.02
53.90
53.73
53.88
53.52
53.76
53.69
53.99
53.71
53.40
53.52
53.81
53.73
53.81
53.80
53.19
53.09
53.35
53.56
53.73
53.38
53.40
53.05
53.00
52.71
52.92
53.16
53.21
53.56
52.93
53.35
53.24
53.45
53.35
53.42
53.94
53.47
53.14
53.52
53.56
53.90
53.85
53.85
53.61
53.61
53.52
53.52
53.23
53.40
53.71
53.23
53.40
