0.52
0.52
0.52
0.52
0.52
0.52
0.52
0.52
0.52
0.52
0.52
0.50
0.35
0.50
0.52
0.52
0.52
0.52
0.52
0.52
0.52
0.52
0.52
0.52
0.52
0.52
0.52
0.52
0.52
0.52
0.52
0.52
0.52
0.52
0.52
0.59
0.64
0.67
0.78
0.76
0.76
0.72
0.79
0.79
0.79
0.79
0.79
0.79
0.79
0.76
0.76
0.76
0.76
0.76
0.76
0.74
0.74
0.74
0.72
0.72
0.71
0.71
0.72
0.74
0.74
0.74
0.76
0.76
0.78
0.85
0.91
0.97
0.97
1.00
1.04
1.09
1.12
1.14
1.14
1.12
1.10
1.09
1.09
1.09
1.09
1.10
1.10
1.10
1.12
1.12
1.12
1.12
1.12
1.16
1.21
1.35
1.42
1.55
1.57
1.64
1.64
1.62
1.62
1.62
1.61
1.61
1.61
1.61
1.61
1.61
1.61
1.61
1.61
1.61
1.61
1.61
1.61
1.61
1.61
1.61
1.61
1.61
1.62
1.62
1.62
1.66
1.67
1.73
1.79
1.85
1.86
1.86
1.88
1.92
1.88
1.93
1.95
1.95
1.95
1.95
1.95
1.93
1.93
1.93
1.93
1.92
1.92
1.92
1.92
1.92
1.92
1.93
1.93
1.93
1.92
1.90
1.92
1.97
2.07
2.09
2.07
1.98
1.92
1.81
1.73
1.71
1.69
1.66
1.66
1.64
1.64
1.66
1.66
1.73
1.73
1.74
1.78
1.81
1.83
1.85
1.92
1.98
2.04
2.07
2.09
2.09
2.09
2.11
2.17
2.33
2.35
2.26
2.24
2.24
2.23
2.21
2.21
2.21
2.21
2.21
2.24
2.26
2.26
2.24
2.24
2.28
2.33
2.38
2.38
2.38
2.38
2.38
2.38
2.38
2.42
2.42
2.43
2.43
2.47
2.52
2.50
2.54
2.59
2.64
2.64
2.61
2.64
2.59
2.59
2.57
2.55
2.54
2.54
2.57
2.59
2.61
2.61
2.62
2.62
2.62
2.64
2.62
2.62
2.62
2.59
2.62
2.62
2.61
2.64
2.66
2.68
2.74
2.85
2.71
2.61
2.62
2.71
2.76
2.83
2.92
2.93
2.95
2.97
2.99
2.99
2.97
3.00
2.99
2.99
3.00
3.02
3.04
3.04
3.04
3.00
3.00
3.00
3.00
3.04
3.18
3.21
3.26
3.16
3.04
3.02
3.02
2.99
2.99
3.02
3.11
3.16
3.18
3.21
3.26
3.28
3.28
3.28
3.28
3.30
3.28
3.31
3.33
3.35
3.37
3.38
3.38
3.38
3.35
3.33
3.35
3.37
3.33
3.30
3.28
3.24
3.28
3.26
3.28
3.24
3.23
3.31
3.37
3.33
3.43
3.43
3.52
3.47
3.52
3.57
3.57
3.57
3.57
3.59
3.61
3.68
3.66
3.66
3.68
3.78
3.83
3.95
3.88
3.85
3.83
3.80
3.85
3.83
3.87
3.87
3.85
3.85
3.85
3.85
3.87
3.88
3.87
3.88
3.88
3.90
3.94
3.94
3.95
3.97
3.97
3.99
3.99
4.09
4.18
4.31
4.28
4.28
4.11
4.02
3.94
3.88
3.83
3.75
3.73
3.68
3.69
3.75
3.81
3.85
3.92
3.97
4.00
4.00
4.00
4.00
4.04
4.11
4.12
4.09
4.07
4.06
4.07
4.04
4.06
4.28
4.44
4.61
4.66
4.66
4.63
4.63
4.66
4.68
4.69
4.71
4.76
4.78
4.80
4.83
4.80
4.78
4.82
4.82
4.82
4.82
4.78
4.75
4.76
4.80
4.83
4.85
4.88
5.01
5.09
5.13
5.07
4.99
4.92
4.88
4.88
4.90
4.94
5.02
5.02
5.04
5.07
5.06
5.04
5.02
5.02
5.02
5.04
5.04
5.06
5.07
5.07
5.07
5.13
5.14
5.13
5.20
5.20
5.21
5.32
5.44
5.45
5.57
5.57
5.42
5.26
5.02
4.95
4.85
4.87
4.90
4.92
5.04
5.11
5.21
5.35
5.40
5.42
5.45
5.49
5.47
5.47
5.47
5.51
5.52
5.61
5.63
5.70
5.70
5.80
5.90
5.87
5.85
5.89
5.90
5.90
5.90
5.89
5.83
5.85
5.87
5.97
5.95
5.99
6.02
6.02
6.06
6.04
6.06
6.06
6.06
6.06
6.06
6.06
6.06
6.06
6.06
6.04
6.04
6.11
6.14
6.16
6.20
6.21
6.16
6.14
6.14
6.13
6.16
6.16
6.14
6.21
6.25
6.23
6.25
6.23
6.27
6.27
6.25
6.27
6.21
6.16
6.18
6.14
6.16
6.16
6.18
6.18
6.18
6.14
6.18
6.20
6.30
6.37
6.39
6.47
6.51
6.52
6.51
6.49
6.51
6.49
6.49
6.47
6.49
6.45
6.47
6.52
6.52
6.58
6.63
6.61
6.61
6.63
6.64
6.63
6.59
6.61
6.61
6.68
6.71
6.80
6.89
6.92
6.94
6.94
6.89
6.85
6.80
6.82
6.78
6.82
6.82
6.80
6.80
6.80
6.80
6.89
6.89
6.89
6.89
6.87
6.89
6.90
6.90
6.97
6.99
7.04
7.02
7.01
7.06
7.06
7.11
7.23
7.30
7.30
7.37
7.37
7.46
7.42
7.34
7.23
7.21
7.09
7.09
7.02
7.02
7.01
7.02
7.04
7.06
7.11
7.11
7.18
7.23
7.32
7.32
7.32
7.39
7.54
7.75
7.77
7.73
7.63
7.65
7.66
7.65
7.65
7.70
7.75
7.78
7.80
7.82
7.87
7.89
7.89
7.89
7.89
7.89
7.90
7.90
7.90
7.90
7.90
7.90
7.90
7.90
7.94
7.90
7.89
7.94
7.89
7.78
7.75
7.65
7.58
7.58
7.59
7.66
7.68
7.78
7.85
7.96
7.99
8.11
8.11
8.09
8.11
8.11
8.11
8.09
8.09
8.11
8.15
8.16
8.16
8.22
8.18
8.20
8.28
8.32
8.35
8.37
8.23
8.20
8.09
8.06
8.06
8.06
8.08
8.11
8.13
8.13
8.13
8.11
8.11
8.09
8.11
8.08
8.03
8.08
8.03
8.04
8.09
8.13
8.13
8.23
8.25
8.27
8.28
8.34
8.37
8.41
8.35
8.37
8.32
8.35
8.34
8.39
8.46
8.47
8.37
8.41
8.35
8.32
8.28
8.28
8.28
8.28
8.32
8.32
8.32
8.32
8.23
8.20
8.06
8.04
8.18
8.03
7.97
7.89
7.97
8.04
8.20
8.34
8.44
8.54
8.53
8.58
8.58
8.65
8.68
8.72
8.78
8.78
8.77
8.82
8.78
8.77
8.77
8.70
8.73
8.65
8.61
8.68
8.77
8.80
8.78
8.97
8.82
8.72
8.60
8.66
8.78
8.78
8.77
8.78
8.84
8.82
8.77
8.84
8.85
8.87
8.89
8.89
8.91
8.94
8.97
9.01
9.03
8.97
8.99
8.91
8.92
8.89
8.99
9.22
9.27
9.23
9.16
9.25
9.30
9.30
9.39
9.42
9.42
9.42
9.46
9.44
9.44
9.49
9.48
9.48
9.44
9.41
9.35
9.35
9.32
9.35
9.35
9.35
9.39
9.42
9.46
9.42
9.35
9.41
9.53
9.58
9.46
9.44
9.39
9.35
9.29
9.15
9.18
9.29
9.37
9.39
9.37
9.41
9.41
9.39
9.42
9.48
9.48
9.49
9.56
9.58
9.65
9.63
9.61
9.67
9.77
9.80
9.79
9.58
9.39
9.34
9.32
9.32
9.44
9.48
9.44
9.48
9.44
9.42
9.46
9.54
9.58
9.56
9.61
9.63
9.67
9.61
9.65
9.65
9.72
9.72
9.72
9.77
9.73
9.72
9.73
9.70
9.63
9.70
9.86
9.89
9.94
9.75
9.60
9.61
9.63
9.77
9.79
9.87
9.96
10.01
10.03
10.06
10.03
10.10
10.10
10.10
10.10
10.03
10.04
10.01
9.94
9.92
9.92
9.96
10.01
10.10
9.99
9.94
9.86
9.77
9.67
9.75
9.87
10.04
10.11
10.04
10.08
10.08
10.08
10.11
10.13
10.15
10.11
10.10
10.04
10.08
10.08
10.06
10.06
10.10
10.08
10.13
10.10
10.15
10.27
10.30
10.25
10.25
10.18
10.23
10.13
10.04
9.98
9.79
9.99
10.01
10.10
10.18
10.23
10.25
10.29
10.27
10.11
10.10
10.18
10.20
10.18
10.23
10.30
10.27
10.30
10.32
10.34
10.36
10.34
10.30
10.34
10.44
10.58
10.63
10.61
10.48
10.42
10.41
10.37
10.39
10.44
10.41
10.48
10.53
10.39
10.48
10.55
10.56
10.56
10.60
10.55
10.53
10.56
10.60
10.63
10.60
10.65
10.65
10.58
10.44
10.61
10.72
10.72
10.77
10.79
10.89
10.96
10.98
11.15
11.13
11.22
11.11
11.10
11.08
11.06
11.10
11.05
11.08
11.10
11.17
11.15
11.11
11.15
11.20
11.22
11.22
11.24
11.25
11.25
11.29
11.29
11.32
11.41
11.58
11.56
11.55
11.43
11.39
11.43
11.51
11.44
11.53
11.51
11.49
11.56
11.58
11.67
11.65
11.70
11.68
11.67
11.67
11.74
11.74
11.75
11.81
11.81
11.74
11.72
11.77
11.74
11.70
11.79
11.94
11.86
11.70
11.65
11.55
11.65
11.68
11.70
11.72
11.70
11.72
11.77
11.82
11.87
11.93
11.89
11.86
11.91
11.91
11.96
11.93
11.96
11.98
12.00
12.00
11.96
11.96
11.87
11.75
11.68
11.68
11.53
11.44
11.36
11.48
11.46
11.48
11.44
11.37
11.41
11.36
11.51
11.60
11.60
11.74
11.70
11.63
11.65
11.55
11.48
11.46
11.51
11.62
11.62
11.89
11.94
11.93
12.01
12.03
11.96
11.86
11.74
11.67
11.62
11.74
11.68
11.75
11.63
11.48
11.53
11.56
11.58
11.53
11.68
11.81
11.87
11.81
11.79
11.75
11.81
11.82
11.87
11.91
11.94
11.89
11.77
11.84
11.91
12.05
12.41
12.46
12.25
12.06
12.12
12.15
12.17
12.19
12.20
12.12
12.03
12.01
11.96
12.01
12.12
12.10
12.05
12.06
12.01
12.20
12.27
12.31
12.32
12.31
12.39
12.48
12.56
12.51
12.50
12.48
12.50
12.50
12.43
12.32
12.41
12.50
12.48
12.53
12.62
12.69
12.72
12.86
12.82
12.84
12.79
12.70
12.75
12.81
12.77
12.74
12.74
12.79
12.81
12.79
12.84
12.77
12.77
12.77
12.65
12.82
12.72
12.56
12.37
12.41
12.55
12.75
12.81
12.96
13.03
13.07
13.12
13.05
13.08
13.10
13.15
13.15
13.17
13.10
13.17
13.08
13.01
12.96
12.94
12.96
12.93
13.01
13.12
13.01
12.89
12.74
12.56
12.53
12.53
12.51
12.46
12.67
12.79
12.81
12.81
12.86
12.86
12.93
12.93
12.88
12.79
12.77
12.79
12.72
12.81
12.84
12.84
12.62
12.53
12.43
12.46
12.48
12.56
12.82
12.88
12.91
12.88
12.86
12.63
12.34
12.50
12.91
12.98
12.89
12.91
12.93
12.91
12.89
12.84
12.82
12.79
12.82
12.77
12.84
12.79
12.89
13.03
13.10
13.15
13.20
13.12
13.17
13.13
13.05
12.89
12.89
12.89
12.91
12.94
13.13
13.12
13.10
13.03
12.91
12.84
12.89
12.98
13.10
13.22
13.27
13.36
13.43
13.41
13.41
13.38
13.29
13.34
13.38
13.39
13.32
13.34
13.34
13.39
13.39
13.53
13.84
14.03
14.00
13.89
13.77
13.69
13.70
13.70
13.74
13.79
13.84
13.86
13.89
13.79
13.76
13.77
13.72
13.74
13.74
13.76
13.67
13.76
13.82
13.82
13.86
13.86
13.91
13.82
13.79
13.65
13.89
13.70
13.69
13.76
13.93
14.03
14.08
14.10
14.10
14.19
14.33
14.26
14.26
14.24
14.22
14.26
14.24
14.24
14.22
14.31
14.31
14.31
14.34
14.34
14.38
14.34
14.39
14.58
14.74
14.83
14.89
14.86
14.74
14.76
14.65
14.52
14.53
14.50
14.50
14.50
14.55
14.58
14.65
14.76
14.83
14.95
15.03
15.05
15.05
15.05
15.03
15.02
15.00
15.03
15.03
15.07
15.02
15.07
15.12
15.15
15.07
15.05
15.10
14.96
14.70
14.58
14.72
14.91
15.08
15.07
15.03
15.05
15.00
14.93
14.88
14.77
14.84
14.81
14.69
14.64
14.58
14.50
14.57
14.60
14.62
14.62
14.79
14.86
14.91
14.95
14.93
15.00
15.05
14.96
15.14
15.33
15.34
15.53
15.50
15.60
15.60
15.55
15.57
15.67
15.74
15.74
15.74
15.77
15.81
15.83
15.83
15.79
15.76
15.77
15.77
15.76
15.86
15.79
15.90
15.71
15.71
15.53
15.41
15.50
15.40
15.34
15.33
15.33
15.29
15.29
15.29
15.24
15.29
15.38
15.50
15.55
15.52
15.62
15.62
15.65
15.53
15.59
15.65
15.69
15.67
15.53
15.48
15.67
15.72
15.90
15.88
15.95
15.91
15.98
16.05
16.09
16.03
16.14
16.15
16.22
16.10
16.12
16.22
16.26
16.29
16.26
16.34
16.33
16.36
16.26
16.22
16.22
16.29
16.36
16.33
16.38
16.34
16.28
16.00
16.17
16.05
16.22
16.41
16.38
16.41
16.40
16.41
16.41
16.47
16.57
16.55
16.55
16.53
16.38
16.43
16.52
16.52
16.50
16.55
16.60
16.50
16.48
16.53
16.55
16.53
16.59
16.59
16.50
16.17
16.14
15.96
16.19
16.33
16.40
16.47
16.43
16.41
16.50
16.62
16.64
16.69
16.78
16.86
16.83
16.69
16.60
16.59
16.57
16.71
16.72
16.74
16.55
16.62
16.67
16.72
16.60
16.43
16.47
16.21
16.19
16.28
16.69
16.59
16.48
16.76
16.98
17.02
17.10
17.07
17.03
16.88
16.88
17.00
17.09
17.16
17.24
17.17
17.19
17.21
17.24
17.33
17.31
17.31
17.43
17.47
17.50
17.52
17.47
17.38
17.26
16.81
16.88
17.12
17.31
17.35
17.52
17.54
17.52
17.48
17.52
17.48
17.45
17.57
17.71
17.62
17.71
17.62
17.57
17.54
17.57
17.59
17.66
17.57
17.57
17.59
17.55
17.60
17.50
17.43
17.35
16.76
16.74
16.97
17.21
17.33
17.43
17.47
17.54
17.54
17.50
17.60
17.57
17.59
17.43
17.41
17.29
17.17
17.02
16.90
16.88
16.95
16.95
17.10
17.29
17.52
17.73
17.71
17.71
17.79
17.88
18.24
17.93
17.45
17.50
17.48
17.74
17.79
17.88
17.93
18.00
18.07
18.14
18.07
18.10
17.97
18.02
18.28
18.26
18.23
18.21
18.21
18.21
18.14
18.12
18.16
18.10
18.09
18.10
18.02
17.97
18.09
17.95
18.10
18.10
18.04
17.95
17.97
18.07
18.14
18.24
18.24
18.23
18.24
18.26
18.19
18.31
18.14
18.04
18.04
18.14
18.09
18.14
18.17
18.42
18.17
18.26
18.21
18.26
18.54
18.48
18.29
18.02
18.14
18.16
18.09
18.14
17.93
17.90
17.88
17.88
17.98
18.07
18.14
18.21
18.17
18.28
18.28
18.24
18.28
18.29
18.26
18.29
18.29
18.35
18.35
18.35
18.33
18.17
18.35
18.24
18.29
18.50
18.54
18.54
18.48
18.52
18.47
18.50
18.52
18.69
18.71
18.73
18.80
18.83
18.85
18.85
18.90
18.90
18.88
18.81
18.90
18.85
18.74
18.80
18.76
18.76
18.92
18.97
18.99
19.00
18.76
18.73
18.80
18.83
18.62
18.73
18.85
18.74
18.86
18.80
18.92
18.95
19.05
19.00
19.00
18.93
19.02
18.99
18.97
18.78
18.69
18.69
18.78
19.07
18.99
18.97
19.02
18.95
19.05
19.09
19.19
19.09
18.95
19.09
18.95
18.81
18.78
18.76
18.83
18.86
18.97
18.93
18.93
19.09
19.02
18.90
19.09
19.12
19.28
19.31
19.45
19.57
19.43
19.49
19.50
19.49
19.52
19.45
19.42
19.49
19.18
19.02
19.19
19.45
19.45
19.52
19.24
19.24
19.30
19.47
19.50
19.54
19.62
19.59
19.50
19.38
19.42
19.35
19.33
19.12
19.21
19.33
19.49
19.49
19.38
19.45
19.57
19.59
19.55
19.47
19.33
19.23
18.78
18.54
18.74
18.80
18.93
18.85
18.92
18.83
18.83
18.92
18.95
18.93
18.93
18.86
18.97
18.97
18.97
18.86
18.92
18.86
18.86
18.85
18.90
18.88
18.93
18.97
19.11
19.21
19.16
19.21
19.19
19.19
19.21
19.21
19.21
19.26
19.14
19.18
19.07
19.04
19.07
19.02
18.95
18.92
19.00
19.05
19.02
19.11
19.19
19.35
19.23
19.21
19.14
19.11
19.12
19.24
19.35
19.33
19.42
19.45
19.23
19.18
19.50
19.47
19.57
19.55
19.52
19.69
19.69
19.76
19.69
19.73
19.71
19.76
19.80
19.81
19.81
19.83
19.80
19.83
19.87
19.87
19.97
19.99
20.09
20.14
20.12
20.11
20.14
19.95
20.09
20.11
20.00
19.99
19.97
20.21
20.42
20.31
20.42
20.26
20.31
20.33
20.31
20.38
20.38
20.42
20.50
20.47
20.43
20.40
20.37
20.43
20.26
20.23
20.16
20.14
20.31
20.40
20.23
20.21
20.33
20.33
20.26
20.12
20.07
20.06
20.04
19.95
20.16
20.11
20.07
19.93
19.99
20.19
20.21
20.37
20.37
20.33
20.42
20.45
20.38
20.45
20.43
20.31
20.40
20.49
20.64
20.75
20.71
20.76
20.69
20.78
20.71
20.71
20.75
20.69
20.61
20.73
20.80
20.97
20.99
20.97
20.97
20.99
21.02
21.16
21.19
21.11
21.13
21.13
21.19
21.09
21.18
21.26
21.14
21.09
20.94
20.81
20.75
20.52
20.42
20.31
20.42
20.45
20.59
20.42
20.47
20.38
20.26
20.37
20.25
20.06
20.04
20.04
20.09
20.21
20.28
20.35
20.47
20.45
20.49
20.54
20.57
20.61
20.56
20.81
20.78
20.66
20.69
20.66
20.52
20.40
20.19
20.12
20.14
20.11
20.35
20.42
20.43
20.38
20.37
20.52
20.56
20.61
20.69
20.68
20.59
20.57
20.49
20.33
20.33
20.31
20.42
20.43
20.54
20.38
20.52
20.62
20.78
20.85
20.68
20.57
20.56
20.61
20.76
20.75
20.75
20.80
20.80
20.85
20.97
20.92
20.95
20.99
21.07
21.09
21.18
21.18
21.18
21.19
21.26
21.30
21.25
21.28
21.30
21.42
21.38
21.57
21.45
20.95
21.07
21.21
21.37
21.45
21.54
21.64
21.69
21.76
21.78
21.92
21.83
21.69
21.73
21.82
21.88
21.85
21.92
21.92
21.99
22.02
22.09
22.04
22.09
22.07
22.01
22.11
22.01
22.06
22.21
22.09
21.71
21.68
21.90
22.13
22.25
22.23
22.23
22.11
22.06
22.07
22.09
21.97
21.97
22.06
22.13
22.13
22.20
22.33
22.47
22.51
22.56
22.52
22.54
22.52
22.45
22.49
22.63
22.52
22.28
22.28
22.14
22.23
22.33
22.45
22.45
22.54
22.59
22.82
22.97
23.01
23.04
23.06
23.06
23.02
22.90
22.99
23.08
22.99
23.06
23.16
23.09
23.14
23.08
23.11
22.99
22.95
22.90
22.95
23.14
22.97
22.90
23.18
23.16
23.16
23.04
22.99
23.01
23.09
23.11
23.14
23.06
23.14
23.13
23.18
23.25
23.27
23.14
23.23
22.99
23.04
23.30
23.21
23.27
23.30
23.35
23.28
23.13
23.16
23.16
22.83
23.04
22.89
22.85
22.92
22.95
23.08
22.52
22.32
22.76
22.92
23.08
23.04
22.82
22.71
22.87
23.08
23.35
23.40
23.47
23.44
23.32
23.25
23.30
23.27
23.46
23.47
23.58
23.92
23.90
23.84
23.99
24.02
24.06
24.01
23.97
23.89
23.87
23.87
24.01
23.99
23.97
23.97
23.92
24.18
24.32
24.18
24.09
24.13
24.06
24.13
24.20
24.35
24.30
24.28
24.35
24.16
24.04
24.02
23.84
23.65
23.58
23.66
23.77
23.90
24.16
24.28
24.27
24.34
24.32
24.35
24.28
24.15
24.02
24.01
24.16
24.27
24.39
24.15
23.97
23.92
23.94
23.94
24.01
23.85
24.18
24.37
24.40
24.58
24.49
24.65
24.65
24.56
24.39
24.42
24.53
24.47
24.56
24.58
24.56
24.61
24.68
24.78
24.82
24.85
24.94
24.84
24.87
24.92
24.96
24.97
24.99
24.97
24.87
24.99
25.03
24.99
24.82
24.75
24.42
24.30
24.39
24.27
24.25
24.15
23.96
23.94
24.04
24.01
24.13
24.09
24.09
23.92
23.99
24.04
23.94
23.73
23.75
23.80
24.01
24.15
24.32
24.25
24.35
24.37
24.28
24.02
24.01
23.89
23.80
23.96
23.99
23.97
24.04
24.25
24.18
24.20
24.49
24.68
24.65
24.54
24.61
24.66
24.54
24.61
24.54
24.49
24.37
24.39
24.59
24.54
24.65
24.66
24.75
24.84
24.89
24.89
25.04
24.89
24.77
24.99
24.80
24.82
24.89
24.84
25.01
25.09
24.92
24.87
25.06
25.11
25.15
25.28
25.28
25.22
25.15
25.11
25.11
24.99
24.91
24.89
24.92
24.89
25.01
25.08
25.20
25.04
25.11
25.25
25.04
25.23
25.30
25.09
24.85
24.78
24.96
25.11
25.16
25.30
25.44
25.53
25.61
25.56
25.51
25.63
25.68
25.79
25.92
25.80
25.84
25.80
25.85
25.72
25.66
25.75
25.60
25.51
25.42
25.58
25.34
25.03
25.41
25.51
25.60
25.73
25.49
25.42
25.51
25.94
25.72
25.61
25.72
25.79
25.77
25.63
25.37
24.85
25.22
25.18
25.08
25.01
24.82
24.77
24.94
25.09
25.35
25.37
25.30
25.65
25.25
25.25
25.44
25.39
25.01
25.11
25.47
25.60
25.65
25.73
25.80
25.68
25.77
25.79
25.75
25.77
25.80
25.85
25.98
26.06
26.08
26.01
25.98
25.96
25.99
26.10
26.03
26.16
25.99
26.39
26.25
26.10
26.32
26.34
26.16
26.27
26.34
26.35
26.42
26.54
26.49
26.61
26.56
26.51
26.58
26.68
26.80
26.75
26.82
26.73
26.70
26.73
26.67
26.68
26.63
26.67
26.65
26.44
26.44
26.92
26.91
26.34
26.30
26.39
26.42
26.70
26.84
26.92
26.99
27.10
27.17
27.25
27.39
27.25
27.37
27.22
27.08
27.11
27.08
27.17
27.08
26.80
26.58
26.15
26.08
26.13
26.49
26.72
27.05
26.77
26.51
26.41
26.56
26.61
26.75
26.94
27.06
27.03
27.36
27.30
27.41
27.44
27.42
27.39
27.49
27.51
27.55
27.42
27.44
27.49
27.60
27.61
27.70
27.79
27.80
27.80
27.70
27.60
27.61
27.70
27.42
27.13
26.91
26.75
26.46
26.34
26.04
26.25
26.67
27.11
27.24
27.10
27.06
27.10
27.17
27.06
27.42
27.60
27.55
27.39
27.27
27.15
27.11
27.30
27.05
26.67
26.27
26.86
26.65
26.86
26.89
27.36
27.51
27.74
27.74
27.80
27.77
27.91
28.12
27.91
27.80
27.86
27.99
27.82
27.79
27.72
27.80
27.79
27.87
27.82
27.72
27.79
27.87
27.91
27.86
27.91
27.84
27.96
27.58
27.03
27.39
27.15
27.20
27.10
26.61
25.41
26.03
27.18
27.27
27.20
26.80
26.75
26.80
26.92
27.01
27.20
27.30
27.30
27.53
27.41
27.42
27.36
27.39
27.46
27.46
27.61
27.68
27.75
27.68
27.30
27.34
27.18
27.29
27.49
27.56
27.68
28.08
28.03
28.08
28.08
28.27
28.17
28.25
28.37
28.15
27.89
27.84
27.98
28.12
28.25
28.36
28.39
28.43
28.46
28.43
28.56
28.70
28.65
28.55
28.51
28.25
28.37
28.51
28.44
28.51
28.58
28.65
28.58
28.91
28.96
28.68
28.62
28.75
28.77
29.03
29.03
29.01
29.06
29.19
29.20
29.32
29.29
29.43
29.36
29.31
29.29
29.43
29.58
29.29
29.41
28.98
28.62
28.68
28.44
28.75
29.05
28.67
28.74
29.00
29.10
29.36
29.43
29.39
29.36
28.79
28.55
29.48
29.25
28.89
28.75
29.05
29.20
29.10
29.17
29.29
29.48
29.51
29.50
29.03
28.86
28.77
29.22
29.19
28.84
28.68
28.86
28.87
29.06
28.91
29.17
29.15
29.29
29.36
29.31
28.89
28.67
28.41
28.82
28.79
28.55
28.67
28.65
28.65
28.65
28.49
28.58
28.86
29.19
29.19
29.03
28.63
28.12
28.48
28.72
28.72
28.72
28.79
28.75
28.72
29.17
29.36
29.39
29.48
29.19
29.01
29.03
28.91
29.17
29.48
29.44
29.39
29.44
29.20
29.17
29.55
29.63
29.75
29.70
29.51
29.22
29.08
29.41
29.24
29.25
29.20
29.13
29.41
29.55
29.72
29.63
29.62
29.75
29.48
29.44
29.69
29.93
29.75
29.91
29.82
29.74
29.77
29.72
29.86
29.79
29.84
29.86
29.84
29.81
29.93
30.24
30.17
30.00
29.91
29.94
30.10
30.20
30.19
30.19
30.10
30.26
30.38
30.41
30.45
30.55
30.57
30.60
30.69
30.64
30.77
30.81
30.81
30.91
30.93
30.91
30.96
30.98
30.79
30.74
30.51
30.34
30.65
30.51
30.12
29.96
30.15
30.17
30.08
29.98
30.05
29.65
29.77
29.91
30.03
30.08
30.12
30.27
30.26
30.31
30.26
30.32
30.45
30.69
30.64
30.60
30.58
30.58
30.51
30.29
30.38
29.98
29.91
30.12
30.01
30.22
30.24
30.24
30.64
30.19
29.86
30.19
30.22
30.20
30.13
29.41
29.72
29.51
29.88
29.79
29.79
29.91
30.08
30.17
30.36
30.13
29.65
29.17
29.81
30.53
30.57
30.17
29.39
30.20
30.27
30.34
30.22
29.22
29.13
29.60
29.63
29.53
29.41
29.10
28.75
28.70
29.22
29.44
29.25
29.50
29.67
29.60
29.25
28.89
28.67
29.10
29.10
28.98
28.98
29.19
29.19
29.51
29.63
29.67
29.72
29.89
30.10
29.96
30.07
30.13
30.34
30.55
30.58
30.58
30.67
30.79
30.91
30.79
30.84
30.81
30.82
30.84
30.91
30.88
30.86
30.79
30.70
30.69
30.79
30.64
30.70
30.51
30.74
30.89
30.50
30.58
30.51
30.51
30.50
30.65
30.55
30.58
30.81
30.74
30.79
30.89
30.81
30.86
30.86
30.96
30.89
30.81
30.58
30.77
30.96
30.96
30.77
30.72
30.77
30.64
30.81
30.79
30.57
30.76
30.81
30.79
30.69
30.55
30.38
30.41
30.41
30.51
30.51
30.57
30.55
30.58
30.41
30.60
30.77
30.84
30.70
30.58
30.58
30.81
31.00
30.88
30.93
31.08
31.03
30.41
29.98
30.26
30.32
30.38
30.48
30.45
30.65
30.43
30.34
30.45
30.48
30.38
30.38
30.27
30.22
30.39
30.22
30.32
30.43
30.53
30.36
30.45
30.65
30.70
30.69
30.81
30.50
30.53
30.65
30.55
30.43
30.34
30.20
29.96
30.12
29.82
29.79
29.96
29.53
29.65
30.36
30.34
30.34
30.22
30.39
30.22
30.22
30.10
29.91
29.86
29.82
30.00
30.05
30.13
30.08
30.39
30.38
30.32
30.32
30.29
29.93
30.12
30.36
30.34
30.34
30.17
30.34
30.15
30.29
30.29
30.22
30.08
30.15
30.32
29.29
29.48
29.91
30.31
30.48
30.45
30.58
30.58
30.62
30.65
30.31
30.26
30.22
30.48
30.69
30.74
31.00
30.79
30.86
30.86
30.70
30.84
30.81
30.98
30.98
31.17
31.20
31.31
31.24
31.45
31.33
31.33
31.29
31.07
31.00
31.19
31.24
31.34
31.45
31.53
31.55
31.60
31.58
31.79
31.69
31.50
31.53
31.38
30.98
31.27
31.57
31.81
31.84
31.84
31.72
31.57
31.19
31.08
31.08
31.34
31.46
31.45
31.65
31.71
31.67
31.72
31.72
31.52
31.38
31.69
31.52
31.57
31.58
31.60
31.90
31.83
31.84
31.62
31.52
31.69
31.72
31.84
31.88
31.83
31.76
31.90
32.00
32.07
32.03
31.96
31.74
31.76
31.74
31.64
31.77
31.88
32.00
31.88
31.71
31.83
31.83
31.91
31.83
31.71
31.76
31.96
31.98
31.39
31.53
31.79
31.88
31.58
31.39
31.48
31.55
31.60
31.69
31.74
31.76
31.96
31.98
31.95
32.03
32.07
31.95
31.88
31.98
32.00
31.77
31.93
31.91
32.02
31.98
32.15
32.15
32.05
31.74
31.36
31.38
31.41
31.69
31.69
31.55
31.53
31.39
31.46
31.46
31.45
31.79
31.91
31.86
31.81
31.76
31.83
31.55
31.60
31.58
31.62
31.69
31.81
32.02
31.91
31.77
31.93
32.22
32.07
32.05
32.27
32.05
32.27
32.38
32.43
32.26
32.10
32.10
32.10
32.38
32.45
32.40
32.41
32.33
31.93
31.95
31.86
31.88
31.62
31.57
31.76
31.96
32.21
32.29
32.29
32.29
32.29
32.52
32.71
32.65
32.33
32.29
32.22
32.22
32.27
32.52
32.79
32.98
33.12
33.02
33.14
32.88
32.83
32.88
32.95
32.86
32.67
32.55
32.46
32.26
32.24
31.98
31.90
31.88
31.98
32.46
33.02
33.24
33.12
32.81
33.17
32.95
33.03
32.84
32.72
32.57
32.90
33.17
33.10
33.09
33.31
33.33
33.26
33.09
32.78
32.97
32.91
33.00
32.98
33.03
33.00
32.91
32.71
32.67
32.98
33.05
33.15
32.98
33.12
33.31
33.38
33.03
33.38
33.29
33.02
32.71
32.67
32.84
32.84
32.67
33.07
33.12
33.09
32.98
32.95
32.93
32.86
32.76
32.55
32.52
32.97
33.24
33.09
33.10
33.33
33.41
33.40
33.41
33.57
33.50
32.98
32.91
33.22
33.47
33.24
32.97
32.84
32.84
32.90
32.81
32.69
32.59
32.55
32.46
32.74
32.40
32.24
32.40
32.98
33.14
32.91
32.91
32.98
33.26
33.36
33.29
33.21
33.22
33.02
32.95
32.98
33.09
33.55
33.76
33.69
33.78
33.79
33.88
33.66
33.78
33.81
33.88
33.91
33.95
34.04
33.91
33.83
33.79
33.78
33.67
33.52
33.45
33.59
33.66
33.67
33.71
33.90
34.19
34.10
33.91
33.74
33.78
34.02
33.78
33.69
33.81
33.83
33.86
33.48
33.55
33.53
33.45
33.41
33.47
33.40
33.50
33.60
33.38
33.22
33.21
33.33
33.53
33.55
33.69
33.66
33.60
33.57
33.79
33.71
33.62
33.47
33.90
34.19
34.29
34.33
34.21
34.17
34.10
34.10
34.05
33.95
33.91
34.02
33.95
34.09
33.91
34.02
33.85
33.88
33.81
33.69
33.81
33.81
33.79
33.66
33.98
33.85
34.14
34.36
34.16
33.79
34.09
34.28
34.26
34.14
34.24
34.36
34.29
34.19
34.24
34.36
34.54
34.64
34.59
34.73
34.78
34.79
34.83
34.85
34.81
34.93
34.98
34.86
34.85
34.88
34.76
34.83
34.83
34.66
34.67
34.59
34.55
34.26
34.28
34.45
34.45
34.43
34.33
34.24
34.26
34.40
34.54
34.66
34.36
34.28
34.33
34.35
34.26
34.17
34.28
34.57
34.76
34.69
34.85
34.79
34.74
34.69
34.73
34.76
35.09
34.55
34.67
34.76
34.57
34.88
34.98
34.71
35.38
35.43
35.16
34.90
34.48
34.54
34.67
34.81
34.86
34.74
34.85
35.04
35.14
35.16
35.23
35.14
35.21
35.24
35.19
35.28
35.04
34.88
34.93
34.86
34.62
34.81
35.07
35.23
35.21
34.90
34.85
34.67
34.81
34.79
34.85
34.83
35.05
34.88
34.85
34.90
34.92
35.11
34.97
34.86
35.00
35.00
34.93
35.11
35.24
35.38
35.24
35.48
35.17
35.35
35.54
35.48
35.47
35.47
35.71
35.52
35.59
35.67
35.52
35.05
35.28
35.67
35.54
35.62
35.62
35.54
35.52
35.50
35.47
35.67
35.83
35.80
35.76
35.81
35.97
35.76
35.48
35.47
35.30
34.90
35.00
34.76
34.79
34.83
35.24
35.14
35.33
34.90
34.60
34.74
34.81
34.74
34.67
34.97
35.11
35.19
35.09
35.19
35.38
35.45
35.64
35.45
35.47
35.47
35.67
35.73
35.78
35.21
35.33
35.40
35.21
35.19
35.48
35.64
35.50
35.33
34.85
34.66
35.07
35.30
35.35
35.55
35.21
35.26
35.48
35.40
35.40
35.24
35.28
35.21
35.23
35.43
35.40
35.40
35.50
35.92
35.30
34.86
34.67
35.04
34.85
34.38
34.52
34.55
34.62
34.43
34.50
34.40
34.54
35.16
35.07
35.05
35.11
35.07
35.24
35.33
35.35
35.31
35.24
35.30
35.35
35.47
35.54
35.43
34.92
34.98
35.17
34.98
34.66
35.02
35.11
34.93
34.83
35.04
35.54
35.31
35.21
35.28
35.59
35.67
35.67
35.40
35.14
35.36
35.42
35.21
34.86
34.81
34.81
34.79
34.64
34.95
35.30
35.52
35.61
35.54
35.74
35.52
35.19
35.02
35.38
35.35
35.40
35.47
35.17
35.05
34.55
34.43
34.86
35.04
35.12
35.21
34.86
34.79
34.83
34.74
34.83
34.83
34.90
35.14
35.07
35.24
35.30
35.62
35.78
35.74
35.54
35.40
35.48
35.43
35.45
35.36
35.50
35.17
35.30
35.48
35.52
35.61
35.92
35.92
35.52
35.14
35.47
35.62
36.28
36.35
36.19
36.04
36.00
35.90
36.04
36.16
36.12
36.02
35.95
35.93
36.11
36.12
36.07
35.97
36.31
36.43
36.38
36.02
36.23
36.28
36.37
36.28
36.49
36.38
36.57
36.61
36.54
36.54
36.50
36.62
36.66
36.81
36.81
36.93
36.92
36.64
36.52
36.64
36.81
36.85
36.37
36.12
35.36
35.97
35.83
36.30
36.56
36.35
36.50
36.43
36.43
35.76
35.66
36.42
36.74
36.74
36.66
36.71
36.81
36.83
36.88
36.93
36.99
36.99
36.78
36.64
36.18
36.05
36.21
36.80
37.12
37.00
36.59
36.66
36.52
36.76
36.83
36.66
36.47
36.57
36.61
36.57
36.81
36.78
36.95
37.06
36.87
36.83
37.11
37.16
37.14
37.00
36.95
36.64
36.61
37.06
36.92
36.93
37.16
37.02
36.95
36.93
36.73
36.62
36.78
36.83
36.69
36.73
36.73
36.68
36.66
36.66
36.56
36.59
36.52
36.59
36.57
36.59
36.57
36.64
36.42
36.38
36.18
36.24
36.50
36.56
36.56
36.71
36.80
36.68
36.66
36.57
36.61
36.85
36.50
36.49
36.30
36.73
37.02
37.25
37.30
37.33
37.47
37.30
37.18
37.14
37.11
37.16
37.28
37.54
37.54
37.54
37.28
37.19
37.21
37.75
38.09
38.25
38.23
37.69
37.50
36.97
36.93
36.68
36.95
37.30
36.92
36.83
37.16
37.25
37.38
37.25
37.25
37.68
37.69
37.85
37.71
37.85
37.87
37.94
38.02
37.94
38.02
37.73
37.73
37.83
37.94
38.25
38.32
37.87
37.76
37.81
37.80
37.78
37.81
37.68
37.61
37.56
37.71
37.81
37.99
38.02
38.13
38.09
38.19
38.38
38.16
38.07
38.11
38.13
38.18
38.11
38.26
38.11
37.97
38.06
38.21
38.42
38.54
38.42
38.40
38.51
38.32
38.14
37.99
38.06
37.87
37.97
37.95
37.81
37.76
37.73
38.00
38.02
37.92
37.85
37.73
37.71
37.76
37.81
37.76
37.75
37.95
37.88
37.94
37.92
37.99
38.04
37.85
37.68
37.47
37.64
37.47
36.80
36.66
36.35
36.47
36.95
37.54
37.56
37.42
37.42
37.42
37.63
37.56
37.47
37.42
37.52
37.19
37.21
37.26
37.26
37.07
36.87
37.09
37.11
37.40
37.61
37.44
37.49
37.33
37.40
37.35
37.30
37.12
37.33
37.50
37.87
38.06
37.90
38.11
38.09
38.04
38.06
38.07
38.04
38.07
38.28
38.49
38.56
38.59
38.47
38.35
38.37
38.38
38.38
38.38
38.25
38.32
38.68
38.23
38.14
38.28
38.37
38.21
38.11
38.18
38.38
38.44
38.49
38.64
38.66
38.66
38.63
38.71
38.76
38.83
38.75
38.89
38.82
38.95
38.76
38.64
38.63
38.57
38.64
38.71
38.82
38.71
38.76
38.70
38.78
38.68
38.42
38.09
38.83
38.78
38.33
38.54
38.23
38.40
38.42
38.59
38.54
38.52
38.51
38.47
38.44
38.56
38.59
38.73
38.92
39.01
39.09
39.11
39.16
39.01
38.97
39.02
38.87
38.82
38.82
38.18
38.09
38.13
38.28
38.59
38.59
38.47
38.23
38.57
38.35
38.21
38.07
38.19
38.11
38.19
38.09
38.26
38.49
38.16
38.14
38.33
38.16
38.16
38.19
38.18
38.37
38.49
38.28
38.14
37.85
38.37
38.40
38.40
38.49
38.44
38.40
38.47
38.51
38.38
38.35
38.37
38.25
38.28
38.44
38.61
38.51
38.59
38.57
38.80
38.82
38.64
38.49
38.61
38.71
38.78
38.66
38.33
38.37
38.30
38.21
38.21
38.16
38.13
38.32
38.52
38.45
38.66
38.70
38.51
38.49
38.68
38.64
38.68
38.83
38.83
39.23
38.85
38.85
38.75
38.80
38.82
38.80
38.87
38.73
38.54
38.35
37.92
37.76
37.87
37.90
37.81
38.28
38.37
38.54
38.40
38.28
38.16
38.13
38.25
38.47
38.42
38.42
38.75
38.57
38.73
38.64
38.76
38.82
38.82
38.83
38.92
38.90
38.80
38.66
38.56
38.38
38.61
38.83
38.78
38.14
38.35
38.37
38.56
38.73
38.95
39.18
38.82
38.51
38.66
39.16
39.37
39.16
38.95
38.73
39.13
39.02
38.82
38.49
38.76
38.87
39.02
39.06
39.28
39.51
39.07
38.85
38.66
38.51
38.42
38.25
38.07
38.00
38.47
38.40
38.66
38.76
38.75
39.01
39.02
39.07
38.85
38.87
38.94
38.80
38.75
38.61
38.73
38.61
38.85
38.75
38.85
38.68
38.78
38.85
38.92
39.33
39.07
39.09
39.23
39.16
38.90
38.80
38.68
38.75
38.61
38.37
38.71
38.89
38.92
38.92
39.06
38.97
38.94
38.61
38.95
38.82
38.99
39.18
39.06
39.01
38.94
38.76
38.63
38.70
38.78
38.80
38.49
38.57
38.09
38.49
38.71
38.85
39.16
39.07
39.32
39.23
38.85
39.23
38.99
39.23
39.39
39.26
39.21
39.51
39.23
39.63
39.70
39.77
39.90
39.71
39.71
39.80
39.89
39.85
39.66
39.71
39.54
39.58
38.95
38.35
39.04
39.30
38.94
38.70
38.90
38.92
39.25
39.54
39.70
39.68
40.01
40.08
40.08
39.89
39.71
39.52
39.56
39.39
39.59
39.58
39.47
39.42
39.47
39.63
39.71
40.04
39.89
39.58
39.58
39.77
39.66
39.59
39.78
39.71
39.83
39.49
39.39
39.49
39.59
39.42
39.02
39.23
39.32
39.49
39.59
39.68
39.59
39.61
39.80
40.11
40.06
39.56
39.51
39.89
39.96
40.11
39.85
39.54
39.06
39.71
39.77
39.90
39.66
39.49
39.63
39.78
40.01
39.73
39.89
40.02
40.02
40.21
40.23
40.23
39.87
39.77
39.97
40.28
40.27
40.18
40.32
40.39
40.33
40.47
40.77
40.96
40.97
40.89
40.66
40.39
40.28
40.04
39.94
40.01
40.09
40.13
39.39
39.56
40.23
40.51
40.35
40.46
40.44
40.61
40.35
40.58
40.46
40.59
40.77
40.85
40.94
40.66
41.04
41.06
41.32
41.18
41.13
41.03
40.66
40.08
39.73
40.08
40.84
41.16
40.70
40.51
40.75
40.56
40.59
40.71
40.84
41.22
41.13
41.04
40.84
40.92
41.04
41.30
41.18
40.90
40.92
41.22
41.37
41.51
41.44
41.06
40.87
40.75
40.11
40.18
40.51
40.27
40.09
40.30
40.33
40.40
40.66
40.73
40.63
40.84
40.82
40.90
41.08
41.04
41.15
41.20
41.18
41.39
41.37
41.66
41.53
41.70
41.72
41.68
41.51
41.01
41.23
40.85
40.42
39.94
40.14
40.77
40.87
40.90
40.70
40.80
40.49
40.59
40.66
40.85
41.20
41.23
41.27
41.28
41.47
41.42
41.59
41.49
41.44
41.58
41.42
41.47
41.13
40.97
40.75
40.87
40.78
40.71
40.71
40.89
41.15
41.13
41.25
41.46
41.66
41.82
41.82
42.08
41.96
41.96
41.99
42.01
42.03
42.06
42.01
42.10
42.03
42.04
41.92
41.91
41.94
42.15
41.97
42.18
42.03
42.03
41.70
41.70
41.85
42.10
41.85
41.99
42.11
42.06
41.70
41.59
41.70
41.73
41.75
41.96
41.80
41.68
41.87
41.84
41.75
41.61
41.37
41.23
40.97
40.92
41.22
41.13
41.80
41.94
42.04
42.42
41.99
41.84
41.11
41.16
41.54
41.46
41.47
41.51
41.59
41.56
41.54
41.51
41.16
41.39
41.18
41.51
41.84
41.78
41.89
41.78
41.73
41.87
41.84
41.61
42.01
42.10
42.25
42.10
41.58
41.56
41.53
41.87
41.77
42.04
42.10
42.30
41.99
42.10
42.42
42.27
42.25
42.47
41.99
41.84
41.58
41.66
42.13
41.92
41.80
41.73
41.85
41.73
41.73
41.42
41.56
41.54
41.51
41.59
41.75
42.35
42.42
42.08
41.22
40.96
41.30
41.28
41.03
41.42
41.72
41.65
41.32
41.04
41.22
41.37
41.35
41.39
41.44
41.47
41.99
42.01
42.32
42.32
42.41
42.34
41.92
41.32
41.72
42.22
42.29
42.22
42.34
42.27
42.60
42.23
42.34
42.44
42.79
42.51
42.63
42.47
42.29
42.06
42.25
42.60
42.68
42.66
42.70
42.65
42.80
42.77
42.73
42.65
42.68
42.92
42.80
42.85
42.77
42.92
42.87
42.68
43.03
42.47
42.47
42.51
42.46
42.15
42.01
42.32
42.63
42.37
42.39
42.32
42.68
42.60
42.79
42.94
43.13
43.20
43.04
43.23
43.11
43.23
43.23
43.17
43.03
43.03
43.18
43.10
43.22
43.34
43.10
42.92
42.61
42.84
42.85
43.18
42.82
42.79
42.53
43.06
43.39
43.46
43.25
43.37
43.67
43.61
43.11
43.01
43.42
43.25
43.49
43.37
43.37
43.44
43.44
43.29
43.32
43.56
43.42
43.61
43.46
43.46
43.27
43.39
43.65
43.60
43.61
43.80
44.05
44.08
44.11
44.15
44.01
44.05
44.08
43.82
44.01
44.08
44.06
43.92
43.79
44.06
44.11
43.82
43.92
44.11
43.87
43.87
44.34
44.43
44.15
44.34
43.89
43.49
43.60
44.01
44.29
44.46
43.86
43.36
43.63
43.75
43.65
43.87
43.75
43.98
44.10
44.05
43.99
44.24
44.44
44.56
44.49
44.11
43.91
44.15
44.34
44.48
44.37
44.43
44.25
44.22
43.84
43.65
43.82
43.86
43.53
43.23
43.01
43.17
43.36
43.55
43.56
43.61
43.72
43.75
43.86
43.87
44.37
44.60
44.32
44.44
44.67
44.60
44.67
44.34
44.29
44.36
44.75
44.87
44.46
44.68
44.32
44.62
44.65
44.98
44.74
44.65
44.60
44.79
44.93
44.91
44.93
45.03
44.84
44.44
44.39
44.82
44.89
45.20
44.98
44.53
44.62
44.53
44.82
44.08
43.63
44.58
44.22
44.75
45.39
45.13
44.93
44.87
45.03
45.08
45.08
44.89
44.74
45.10
44.89
45.05
44.98
44.65
44.53
44.89
44.82
45.01
45.34
45.12
45.13
45.37
45.37
45.20
45.10
45.08
44.67
44.20
44.22
44.49
44.68
44.55
43.79
43.10
42.98
43.36
43.65
43.55
43.70
43.39
43.51
43.25
43.10
43.65
44.44
44.43
44.25
44.15
43.92
43.70
43.75
43.73
43.84
43.67
43.98
44.13
43.98
43.99
44.37
44.67
44.84
44.62
44.20
43.82
43.55
43.92
43.98
43.79
43.53
43.73
43.46
43.68
44.10
44.20
44.22
44.34
44.13
44.30
44.30
44.43
44.48
44.25
43.89
43.42
43.80
44.10
44.37
44.44
44.08
44.43
44.53
44.13
44.48
44.75
44.39
44.29
44.22
44.58
44.27
43.98
43.96
43.80
43.80
43.58
43.39
44.17
44.30
44.36
44.20
44.01
44.05
44.25
44.20
44.18
44.01
44.15
44.11
44.37
44.46
44.58
44.49
44.70
44.80
44.89
44.93
44.98
44.82
44.82
44.29
44.30
44.49
44.74
44.55
44.65
44.58
44.48
44.49
44.56
44.94
44.99
45.41
45.44
45.27
45.06
45.08
45.44
45.67
45.70
45.88
45.81
45.77
45.48
45.12
44.99
45.08
45.10
44.94
45.20
45.60
45.63
45.22
45.50
45.48
45.53
45.32
45.37
45.44
45.50
45.55
45.24
45.39
45.51
45.58
45.50
45.32
45.29
45.34
45.08
44.82
44.39
44.79
44.77
44.08
43.99
44.29
44.29
44.13
44.24
44.58
44.70
44.75
44.87
45.01
44.94
45.37
45.72
45.39
45.08
45.08
44.99
44.74
44.67
44.53
44.87
45.06
45.01
45.05
45.15
45.39
45.10
45.41
45.25
45.08
45.32
45.05
45.63
45.22
45.17
45.18
45.32
45.22
45.13
44.98
45.77
45.94
45.93
45.82
45.96
46.19
45.93
45.51
45.94
46.01
46.00
46.08
46.12
45.96
46.08
46.15
45.72
45.91
46.03
46.00
45.94
46.08
46.31
46.29
46.17
46.20
46.31
46.53
46.43
46.62
46.69
46.55
46.13
46.43
46.44
46.51
46.22
46.13
45.79
45.62
45.82
45.84
46.20
46.41
46.57
46.50
46.46
46.34
46.60
46.46
46.27
46.46
46.38
46.38
46.79
47.03
46.76
47.00
46.82
46.67
46.76
46.00
46.24
46.81
46.60
46.69
46.84
46.74
46.76
46.65
46.39
46.50
46.86
47.15
47.13
47.12
47.10
47.24
46.89
46.69
46.06
45.72
45.88
46.22
46.60
46.77
47.01
46.82
46.95
47.07
47.12
46.95
46.65
46.69
46.67
46.38
46.39
46.72
46.70
46.86
46.77
46.84
46.84
47.00
46.95
47.03
47.31
46.60
46.31
45.84
45.56
45.81
46.19
46.36
46.27
46.22
45.74
45.56
46.53
46.48
46.60
46.69
46.51
46.46
46.76
46.96
46.86
46.95
46.98
46.67
46.72
46.60
46.60
46.46
46.25
46.32
46.25
46.20
46.44
46.15
46.36
46.63
46.57
46.48
46.55
46.53
46.51
46.62
46.55
46.57
46.76
46.60
46.82
46.96
46.89
46.74
46.81
46.67
46.60
46.65
46.84
47.05
46.95
47.20
47.36
47.55
47.65
47.17
46.57
46.58
46.27
46.34
46.41
46.48
46.50
46.72
46.77
46.53
46.57
46.72
46.84
47.03
47.13
47.22
47.20
47.39
47.53
47.51
47.67
47.58
47.50
47.57
47.69
47.67
47.53
47.45
47.22
47.20
47.29
47.17
47.26
47.50
47.55
47.88
47.95
47.83
47.50
47.46
47.43
47.57
47.48
47.74
47.70
47.38
47.51
46.98
47.27
47.45
47.24
47.58
47.67
47.72
47.69
47.57
47.58
47.46
47.95
47.84
47.95
47.72
47.50
47.57
47.53
47.51
47.38
47.67
47.77
47.81
47.79
48.03
48.00
48.31
47.79
47.93
47.83
47.83
47.74
47.46
47.36
47.24
47.22
47.31
47.41
47.43
47.38
47.45
47.53
47.65
47.76
47.91
47.83
47.76
47.86
48.03
48.02
48.14
48.46
48.45
48.27
48.33
48.22
48.50
48.43
48.21
48.15
48.31
48.45
48.24
48.33
48.38
48.33
48.45
48.41
48.29
48.41
48.58
48.76
48.43
48.36
48.46
48.19
48.17
48.15
48.22
48.41
48.24
48.33
48.34
48.48
48.72
48.62
48.74
48.96
48.50
48.31
48.21
48.22
48.31
48.15
48.14
48.38
48.58
48.43
48.46
48.55
48.60
48.55
48.79
48.65
48.27
48.52
48.31
48.14
48.31
48.27
48.05
48.15
48.38
48.52
48.57
48.88
48.98
49.03
49.05
48.96
49.12
48.93
48.96
48.90
48.95
49.12
49.10
49.21
49.14
49.14
48.72
48.91
48.96
48.83
48.98
48.98
49.12
49.26
49.28
49.48
49.38
49.36
49.15
49.43
49.67
49.79
49.59
49.52
49.48
49.40
49.59
49.65
49.55
49.72
49.86
49.81
49.79
49.88
50.14
50.22
49.83
49.59
49.34
48.81
48.48
48.10
47.96
48.10
48.05
47.69
48.00
47.95
48.15
48.15
48.08
48.33
48.31
48.52
48.50
48.65
48.52
48.52
48.36
47.55
48.12
48.60
48.74
48.88
48.81
48.48
48.60
48.46
48.86
48.65
48.79
48.29
48.48
48.77
48.96
49.28
49.40
49.59
49.69
49.90
49.74
49.64
49.41
49.79
49.79
49.34
49.57
49.53
49.48
49.59
49.76
49.88
49.71
49.84
49.29
49.38
49.14
49.55
49.93
50.03
50.00
49.97
49.98
49.97
49.79
50.02
49.98
49.86
49.60
49.48
49.86
50.24
50.26
50.17
49.69
49.62
49.60
49.69
49.74
49.88
50.02
50.17
50.33
50.36
50.45
50.47
50.31
50.05
49.71
49.57
50.02
50.03
49.84
49.84
49.81
49.90
49.95
49.74
49.76
49.62
49.81
49.98
49.43
49.34
49.93
50.59
50.43
50.52
50.54
50.54
50.59
50.66
50.62
50.57
50.71
50.69
50.54
50.29
50.35
50.10
50.41
50.47
50.59
50.64
50.79
50.41
50.22
50.10
49.86
49.97
50.19
50.07
50.12
50.22
49.86
49.88
50.00
50.24
50.16
50.19
50.22
50.33
50.19
50.29
50.40
50.78
50.74
50.95
50.98
50.83
50.78
50.91
50.88
51.10
50.97
51.12
50.93
50.78
50.90
50.76
50.90
50.88
50.97
50.93
51.05
51.07
51.12
51.02
50.98
51.45
51.52
51.38
51.28
51.02
50.98
50.88
50.69
50.72
50.28
50.57
50.55
50.67
50.72
50.78
50.81
50.66
50.57
50.19
50.21
50.29
50.50
50.54
50.52
50.60
50.43
50.83
51.12
51.16
51.09
51.00
50.83
50.31
50.29
50.31
50.16
50.10
50.10
50.45
50.50
50.16
49.83
50.26
50.69
50.59
50.52
50.22
49.98
50.16
50.41
50.43
50.47
50.33
50.59
50.64
50.48
50.83
50.85
50.36
50.60
50.81
50.95
51.14
51.12
51.24
