0.52
0.52
0.52
0.52
0.52
0.52
0.52
0.52
0.62
0.79
0.93
0.88
1.10
1.28
1.47
1.54
1.69
1.86
1.97
2.17
2.31
2.52
2.66
2.93
3.31
3.59
3.99
4.44
4.57
4.80
5.06
5.28
5.64
5.64
5.82
5.95
6.14
6.33
6.42
6.49
6.49
6.30
6.58
6.82
6.89
6.99
7.16
7.28
7.27
7.27
7.28
7.39
7.47
7.61
7.90
8.06
8.39
8.53
8.66
8.82
8.96
9.03
9.04
9.11
9.25
9.49
9.63
9.63
9.61
9.63
9.61
9.70
9.79
9.82
9.73
9.79
10.08
10.08
10.18
10.37
10.58
10.70
10.80
10.82
10.91
10.99
10.87
10.99
10.80
10.79
10.70
10.72
10.60
10.58
10.60
10.65
10.60
10.67
10.72
10.72
10.70
10.79
10.87
10.93
11.11
11.10
11.20
11.17
10.99
11.03
11.01
11.17
11.24
11.25
11.34
11.56
11.49
11.58
11.70
11.94
11.89
11.96
11.96
11.98
12.10
12.29
12.56
12.79
12.89
13.07
13.08
13.03
13.05
13.26
13.17
13.43
13.32
13.13
12.94
12.94
12.77
12.86
13.05
13.07
13.10
13.19
13.07
13.12
13.41
13.67
13.81
13.77
13.91
14.10
14.39
14.81
14.91
14.95
14.88
14.58
14.81
14.62
14.60
14.65
14.81
14.95
15.03
15.00
14.89
14.81
14.93
15.10
15.34
15.41
15.27
15.43
15.33
15.24
15.14
15.22
15.14
15.17
15.21
15.19
15.33
15.24
15.21
15.26
15.29
15.38
15.31
15.41
15.40
15.55
15.55
15.64
15.81
15.90
15.98
16.02
15.90
15.98
15.77
15.74
15.81
15.95
15.81
15.72
16.00
16.33
16.47
16.59
16.74
16.88
16.83
16.83
16.71
16.93
16.97
16.90
17.02
17.17
17.05
16.78
16.97
16.98
16.71
16.33
16.31
16.29
16.22
16.55
16.85
16.93
17.00
17.36
17.52
17.54
17.67
17.79
18.07
18.35
18.47
18.47
18.57
18.69
18.74
18.61
18.47
18.19
18.19
18.55
18.62
18.42
18.24
18.50
18.66
18.73
18.88
18.88
18.90
18.99
19.04
19.02
18.93
19.26
19.43
19.21
19.24
19.28
19.33
19.69
19.87
19.97
20.18
20.11
19.97
19.52
19.54
19.52
19.31
19.61
19.68
19.71
19.92
19.83
20.02
20.07
20.23
20.33
20.28
20.35
20.30
20.50
20.47
20.62
20.75
20.94
21.14
21.06
20.99
20.92
20.90
20.92
21.11
21.14
21.37
20.94
21.04
20.88
20.81
20.87
21.07
20.81
20.71
20.71
20.83
20.78
20.87
21.06
21.26
21.21
21.18
21.26
21.14
21.54
21.87
22.01
21.64
21.71
21.44
21.18
20.73
20.76
21.00
21.07
21.04
21.02
21.06
21.25
21.37
21.42
21.68
21.95
22.14
22.40
22.16
22.54
22.64
22.75
22.75
22.87
22.64
22.78
23.08
23.21
23.18
23.23
23.08
23.09
22.92
22.87
22.78
22.64
22.66
22.58
22.52
22.61
22.76
22.92
23.11
23.37
23.35
23.30
23.51
23.75
23.71
23.32
22.94
23.11
22.87
22.87
23.11
22.92
23.18
23.27
23.11
23.37
23.39
23.61
23.80
23.99
24.08
24.15
24.15
23.85
23.78
23.59
23.52
23.56
23.33
22.92
22.92
23.09
23.04
23.25
23.46
23.54
23.47
23.54
23.97
24.11
24.25
24.25
24.21
24.34
24.39
24.46
24.44
24.42
24.82
24.77
24.66
24.49
24.65
24.78
24.73
24.85
24.75
24.59
24.61
24.23
24.47
24.97
24.91
25.15
25.27
25.09
24.72
24.56
24.32
24.47
24.56
24.68
25.08
25.37
25.42
25.22
24.99
25.60
26.20
25.89
25.70
25.53
25.63
26.04
26.06
26.25
25.96
25.77
25.46
25.65
25.72
25.34
25.18
25.13
25.09
25.11
25.87
25.80
25.60
25.42
25.03
25.03
24.65
24.77
24.65
24.51
24.23
24.51
24.73
24.94
24.82
24.80
24.49
24.66
24.73
24.92
25.06
25.23
25.70
26.13
26.15
26.22
25.98
25.94
25.65
25.60
25.56
25.53
25.84
25.99
26.46
26.53
26.56
26.72
26.84
26.65
26.91
26.72
26.73
26.58
26.87
27.06
27.10
26.91
26.77
26.41
25.70
25.61
25.91
25.91
26.08
26.42
26.70
26.92
26.84
26.48
26.37
26.10
26.16
26.44
26.72
26.63
26.53
26.84
27.01
27.13
27.29
27.29
27.25
27.29
27.80
27.68
27.82
27.96
27.91
27.82
27.72
27.53
27.56
27.34
26.91
27.08
27.39
27.58
27.42
27.34
27.27
27.55
27.77
27.87
27.96
28.34
28.34
28.48
28.65
28.58
28.72
28.49
28.18
27.87
27.96
27.80
27.89
27.87
27.30
26.67
26.37
26.53
26.60
26.99
27.46
27.84
28.12
28.48
28.60
28.82
28.72
28.49
28.31
28.31
28.77
29.03
28.87
28.55
28.48
28.55
28.31
27.72
27.60
27.77
28.41
28.81
28.96
29.10
29.17
28.94
28.98
28.62
28.37
28.29
28.31
28.37
28.75
29.13
28.96
28.65
28.46
28.48
28.56
28.60
28.17
28.24
28.46
28.65
28.91
29.00
29.15
29.12
29.15
29.36
29.50
29.53
29.63
29.39
29.25
28.67
28.53
28.79
28.98
28.74
28.53
28.56
28.67
28.74
28.96
29.13
29.15
29.19
29.39
29.46
29.39
29.60
29.67
29.60
29.22
29.01
29.13
29.22
29.39
29.75
29.51
29.84
30.27
30.22
30.10
30.32
30.31
29.75
29.36
29.24
29.93
30.46
30.41
30.81
30.74
30.43
30.26
30.31
30.39
30.57
31.00
30.86
30.93
30.65
30.41
30.31
30.15
30.24
30.34
30.41
30.17
30.05
30.24
30.46
30.60
30.65
30.34
29.98
30.07
29.93
30.05
29.79
29.65
29.84
29.89
29.88
29.82
29.65
29.81
30.24
30.13
30.34
30.17
30.45
30.82
30.67
30.86
30.93
30.89
30.82
30.67
30.82
30.72
30.62
30.62
30.24
30.22
30.29
30.36
30.31
30.60
30.69
30.53
30.65
31.22
31.46
31.72
31.22
30.93
31.17
30.96
30.60
30.58
30.82
30.93
31.31
31.38
31.57
31.27
30.81
30.65
30.74
30.98
31.39
31.26
30.96
31.20
31.41
31.29
31.43
31.27
31.38
31.34
31.45
31.55
31.65
31.81
31.81
31.57
30.79
30.07
30.39
30.62
30.95
31.52
31.53
31.46
31.53
31.64
31.58
31.67
31.53
31.41
31.33
31.38
31.71
31.64
32.34
32.41
32.14
32.08
32.21
32.52
32.53
32.57
32.33
32.27
32.59
32.21
32.21
32.17
32.29
32.00
32.31
32.07
31.50
31.64
32.55
32.52
32.46
32.34
31.93
31.81
31.84
31.74
31.90
31.69
31.26
31.43
31.64
32.02
32.19
32.14
32.41
32.62
32.62
32.36
32.22
32.02
32.36
32.69
32.83
32.76
32.67
32.67
33.09
33.00
33.17
33.36
33.59
33.79
33.81
33.41
33.34
33.26
33.28
32.81
32.65
32.34
32.26
32.15
32.53
32.52
32.59
32.71
32.64
32.50
32.38
32.43
32.76
32.83
33.09
33.24
33.02
32.90
33.09
32.69
32.48
32.41
32.36
32.36
32.41
32.34
32.31
32.50
32.55
32.60
32.71
32.88
32.83
32.65
32.45
32.21
32.26
32.57
32.71
32.81
32.76
33.02
33.10
33.15
33.05
33.02
33.14
33.12
33.02
33.03
33.14
32.97
33.07
33.09
33.14
33.34
33.48
33.31
32.98
32.60
32.64
32.79
33.00
33.09
33.41
33.31
33.05
32.93
32.83
32.26
31.77
31.64
31.50
31.72
32.08
32.57
32.40
32.26
32.21
32.60
32.33
32.24
32.38
32.29
32.36
32.45
32.46
32.10
32.14
32.31
32.67
33.21
33.17
32.91
33.03
33.22
33.36
33.72
34.09
33.66
33.62
33.93
34.05
34.26
34.02
34.14
33.76
33.76
33.55
33.88
33.48
33.41
33.24
33.48
33.93
33.79
33.83
34.07
34.09
33.74
33.76
34.31
34.52
34.45
34.05
33.76
33.83
33.93
33.95
33.91
34.14
34.14
33.76
33.55
33.62
33.47
33.45
33.66
34.10
34.19
34.09
33.93
33.91
34.04
33.57
33.41
33.43
33.15
33.38
33.67
33.53
33.59
33.29
33.26
33.09
32.72
33.02
33.12
33.07
33.14
32.52
32.46
32.76
33.03
32.93
32.78
32.74
32.52
32.71
32.84
32.95
33.05
33.15
32.81
32.50
32.12
31.88
31.79
32.10
32.40
32.69
33.05
33.67
33.90
33.79
33.38
32.97
32.76
32.90
33.07
33.15
33.10
33.60
33.72
33.53
33.81
33.52
33.24
33.29
33.19
33.03
33.12
33.02
32.71
32.50
32.64
33.14
33.38
33.66
33.31
32.93
32.57
32.78
32.88
32.98
32.90
33.38
33.66
33.62
33.29
33.24
33.57
33.98
34.16
33.97
33.91
33.71
33.83
33.69
33.69
33.38
33.36
33.33
33.15
32.90
33.22
33.19
33.17
33.26
33.19
33.55
33.64
33.88
34.04
33.97
33.95
33.59
33.40
33.45
33.74
33.97
33.79
33.78
33.78
33.79
34.04
34.00
33.91
33.91
33.78
34.00
33.88
33.72
33.67
33.85
33.57
33.72
33.67
33.69
33.29
33.29
33.10
33.12
33.05
33.07
33.33
33.31
33.03
33.07
33.41
33.91
34.12
34.38
34.55
34.35
34.38
34.33
34.45
34.55
34.45
33.91
33.52
33.41
33.34
33.90
34.24
34.24
34.35
34.10
34.12
34.17
34.64
34.78
34.83
35.21
35.21
35.07
34.47
34.14
34.21
34.17
34.21
34.21
34.12
33.79
33.79
34.05
34.35
34.19
34.14
34.41
34.48
34.69
34.41
34.31
34.05
33.53
33.62
33.62
33.95
34.21
34.41
34.21
33.91
33.97
34.23
34.09
34.21
34.10
34.07
33.76
33.81
33.57
33.64
33.79
33.98
34.23
34.35
34.26
34.14
34.43
34.33
34.59
34.66
34.60
34.71
35.19
35.45
35.57
35.76
35.40
35.42
35.54
35.73
36.23
36.12
36.00
36.00
36.28
35.80
35.59
35.85
35.83
36.00
35.61
35.42
34.78
34.76
34.95
35.16
35.43
35.43
35.55
35.97
36.11
36.18
36.09
36.16
36.37
36.59
36.31
36.14
36.16
36.09
35.78
35.57
35.50
35.69
35.93
35.73
35.64
35.50
35.43
35.85
35.97
36.00
36.02
35.90
35.50
35.55
35.66
35.69
35.86
35.88
35.95
35.93
35.88
36.12
35.99
35.55
35.21
35.02
35.00
35.30
35.26
35.78
36.09
36.16
36.38
36.07
36.26
36.57
36.68
36.56
36.35
36.30
36.35
36.61
37.00
36.93
36.81
36.49
36.68
36.43
35.86
35.92
36.52
36.88
36.97
37.06
36.78
36.93
37.00
37.21
37.30
37.66
37.76
37.76
38.13
38.18
38.30
38.26
38.07
38.23
37.90
37.97
37.87
37.90
37.80
37.64
37.33
37.38
37.00
35.92
35.55
35.93
36.49
36.61
36.76
36.64
36.35
36.21
36.23
36.24
35.99
36.11
36.02
35.86
35.95
36.00
36.50
36.64
36.28
36.30
36.16
36.11
36.35
36.88
37.19
37.33
37.37
37.25
37.09
37.31
37.57
37.16
36.85
36.88
36.49
36.14
35.97
36.54
36.74
35.99
36.12
36.37
36.61
36.62
36.54
36.56
36.68
36.87
36.78
36.56
36.62
36.31
36.04
36.40
36.59
37.28
37.18
36.93
36.88
36.62
36.52
36.12
36.11
36.18
36.05
36.28
35.95
35.17
35.17
35.07
35.17
35.83
36.14
35.92
35.86
36.19
36.31
36.12
35.88
35.50
35.45
35.69
35.88
35.81
35.55
35.40
35.52
34.92
35.24
35.09
35.35
35.55
35.47
35.47
36.04
36.24
36.54
36.95
36.69
36.59
36.73
36.68
36.69
36.99
37.04
36.64
36.99
37.11
37.12
37.28
37.07
37.12
37.28
37.11
36.87
36.97
36.61
36.68
36.69
37.04
36.92
36.73
37.23
37.59
37.81
38.00
37.97
37.85
37.68
37.63
37.35
37.25
37.21
37.19
37.42
37.26
37.06
37.07
37.06
37.40
37.28
36.92
37.09
37.16
36.87
36.92
36.88
36.64
36.24
36.50
36.73
36.66
37.12
37.23
37.00
36.93
37.11
37.40
37.71
37.94
38.07
38.04
38.07
37.80
37.45
37.42
37.19
36.92
36.95
37.00
36.99
37.30
37.38
37.47
37.69
38.19
38.45
38.37
38.38
38.26
37.85
37.59
37.30
37.18
37.49
37.85
37.87
37.45
38.06
38.25
38.13
38.25
38.35
38.49
38.42
38.28
38.45
38.63
38.75
39.13
38.85
38.90
38.99
39.04
38.71
38.56
38.92
38.90
38.82
39.07
38.87
38.59
38.83
39.11
39.11
39.37
39.35
39.52
39.44
39.49
39.47
39.51
39.32
39.01
39.07
39.09
38.90
38.76
39.04
39.14
39.20
39.11
39.11
39.35
39.66
40.13
40.16
40.27
40.44
40.35
40.59
40.21
39.97
39.71
39.77
39.71
39.59
40.06
40.09
39.96
39.59
39.42
39.04
39.39
39.44
39.39
39.54
39.56
39.52
39.64
39.73
39.71
39.96
40.13
40.20
40.25
40.30
40.25
40.28
40.30
40.09
40.18
39.70
39.14
38.94
39.06
39.14
38.94
39.01
38.92
39.37
39.78
39.94
39.83
39.58
39.77
39.59
39.75
39.89
39.82
39.58
39.26
39.59
39.99
39.89
39.42
39.20
38.95
38.76
38.95
39.11
39.23
39.58
39.23
39.23
39.04
39.25
40.14
40.47
40.54
40.47
40.33
39.82
39.83
39.90
40.01
39.97
40.01
40.18
40.21
40.35
40.42
40.44
40.56
40.32
40.16
39.87
39.52
39.64
39.63
39.45
39.58
39.70
39.75
39.75
39.71
39.71
39.51
39.63
39.23
39.30
39.64
39.96
40.11
40.32
40.21
40.35
40.46
40.75
40.78
40.58
40.63
40.52
40.77
40.85
40.73
40.66
40.52
40.63
40.68
40.77
41.13
41.27
40.92
40.68
40.02
39.66
39.33
39.51
39.82
40.14
40.56
40.68
40.47
40.42
40.51
40.75
40.78
41.06
41.15
40.78
40.94
40.85
40.82
40.82
40.42
40.23
40.52
40.52
40.51
40.21
40.21
40.39
40.35
40.56
40.77
41.03
41.15
41.09
41.18
41.23
41.18
41.20
40.87
40.90
40.37
40.18
40.21
40.59
40.82
40.80
40.82
40.89
40.99
40.59
40.21
39.96
39.90
40.02
40.08
39.89
39.85
40.21
40.44
40.51
40.75
41.28
41.18
41.49
41.23
41.56
42.04
41.96
42.01
42.03
42.15
42.13
41.94
41.61
41.20
41.04
40.71
41.01
41.15
41.13
40.96
40.94
40.97
40.65
40.40
40.68
40.54
40.77
40.68
40.73
41.04
41.49
41.65
41.49
41.44
41.49
41.61
41.70
41.80
41.85
41.80
41.53
40.99
41.04
40.77
40.56
40.66
40.65
40.78
41.06
41.15
40.59
40.35
40.37
40.78
41.09
41.11
41.06
40.92
40.87
41.53
41.39
41.40
41.61
41.82
41.47
41.56
41.28
40.99
40.52
40.77
41.39
41.65
41.63
41.27
41.16
41.47
41.73
41.94
41.99
41.92
42.03
41.85
41.87
42.08
42.04
42.01
42.23
42.34
42.34
42.15
41.82
41.68
41.30
41.47
41.80
42.37
42.53
42.32
42.41
41.91
41.46
41.70
42.06
41.70
41.54
41.51
41.47
41.84
41.58
41.39
41.63
41.56
41.42
41.63
41.37
41.32
41.27
41.25
41.11
41.37
41.70
41.35
41.89
41.94
41.68
42.08
42.06
42.44
42.23
42.20
42.20
42.04
41.91
41.78
42.08
42.13
42.10
42.20
42.06
41.75
41.68
41.39
41.54
41.84
42.25
42.61
42.65
42.70
42.63
42.87
42.58
42.49
42.46
42.08
42.41
42.72
43.20
42.70
42.56
42.49
42.65
42.68
42.99
42.84
42.89
43.08
43.01
42.65
42.37
42.10
42.23
42.16
42.10
41.87
41.73
41.89
42.20
42.46
42.49
42.73
42.51
42.54
42.46
42.54
42.94
42.96
42.80
42.58
42.79
42.80
42.80
43.11
43.36
43.56
43.23
43.15
43.06
42.54
42.27
42.25
42.22
42.82
42.87
42.51
42.68
42.65
42.82
42.61
42.66
42.94
43.36
43.32
43.44
43.29
43.48
43.34
42.87
42.92
43.03
42.99
42.96
43.15
43.08
42.98
42.77
42.39
42.39
42.35
42.44
42.65
43.06
43.13
42.98
42.98
42.80
42.87
42.84
42.61
42.49
42.75
42.63
42.61
42.61
42.58
42.53
42.30
42.34
42.56
42.63
42.75
42.84
42.68
42.77
42.75
42.82
42.98
42.79
42.56
42.68
42.89
42.94
42.98
43.10
43.10
43.10
43.04
43.03
43.23
43.03
42.73
42.70
42.84
42.85
43.08
43.10
42.70
42.68
42.47
42.49
42.56
42.61
42.44
42.70
42.70
43.10
42.85
42.72
42.84
42.82
42.41
42.34
42.25
42.41
42.54
42.51
42.73
42.80
43.25
43.34
42.96
42.60
42.65
42.44
42.46
43.03
43.22
43.37
43.75
43.84
44.03
44.08
43.89
44.05
43.84
43.75
43.79
43.68
43.75
43.79
43.68
43.37
43.27
44.25
44.46
44.43
44.46
44.44
44.41
44.25
43.86
43.80
44.18
44.41
44.58
44.91
45.12
44.91
44.89
45.24
45.37
45.22
44.84
44.70
44.58
44.65
45.01
45.22
44.91
44.63
45.17
45.20
45.03
44.94
44.77
44.86
44.91
44.43
44.56
44.58
44.65
44.67
44.56
44.39
44.58
44.72
44.68
44.60
44.53
44.58
44.46
44.86
44.93
44.79
44.82
44.98
45.05
45.06
45.08
45.24
45.15
45.15
44.96
45.12
45.08
45.03
44.86
45.13
45.31
45.24
45.22
45.12
45.20
45.34
45.22
45.41
45.51
45.56
45.69
45.77
45.63
45.70
45.65
45.81
45.93
45.98
45.93
45.89
45.82
45.82
45.58
45.05
45.10
45.12
45.10
45.29
45.53
45.50
45.77
45.36
44.82
44.53
44.96
45.12
45.08
45.18
45.25
45.39
45.36
45.03
44.86
44.96
45.10
44.67
44.89
44.82
45.34
45.63
45.56
45.74
45.75
45.89
45.84
46.06
45.67
45.63
45.43
45.05
44.98
45.12
45.10
45.13
44.87
45.81
45.41
45.10
45.12
44.96
45.08
45.13
45.48
45.34
45.39
44.99
44.70
44.77
44.58
44.24
44.34
44.48
44.41
44.34
44.43
44.27
44.44
44.51
44.49
44.46
44.43
44.55
44.70
44.74
44.67
44.80
44.74
44.56
44.48
44.63
44.68
45.05
45.37
45.58
45.82
45.82
45.81
45.55
45.22
45.13
45.25
44.96
44.84
44.67
44.70
44.77
44.98
45.17
45.08
45.34
44.96
45.36
45.75
46.06
46.17
45.88
45.84
45.91
45.91
45.70
45.70
45.74
46.01
45.91
45.84
45.69
45.53
45.69
45.72
45.69
45.44
45.72
45.58
45.72
46.06
46.10
46.22
46.32
46.10
45.96
45.79
45.81
46.25
46.20
46.19
46.39
46.38
46.20
46.15
46.32
46.27
46.48
46.62
46.79
46.88
46.60
45.93
45.89
46.15
46.39
46.55
46.27
46.34
46.32
46.22
46.48
46.34
46.65
46.27
46.19
46.60
46.55
46.36
46.36
46.76
47.05
47.17
47.19
46.93
46.67
46.74
46.76
46.70
47.10
47.00
47.03
46.95
46.69
46.46
46.36
46.48
46.50
46.70
46.55
46.63
46.70
46.91
46.93
46.63
46.65
46.67
46.81
46.82
47.05
46.96
47.22
47.22
47.19
47.22
47.22
47.31
47.26
47.36
47.13
46.72
46.77
46.98
47.31
47.76
47.79
47.62
47.50
46.79
46.44
46.95
47.43
47.65
47.64
47.41
47.38
47.48
47.17
47.22
47.10
47.10
47.29
47.51
47.50
47.51
47.69
47.64
47.57
47.53
47.34
47.26
47.48
47.20
46.70
46.69
46.98
46.88
46.62
46.69
46.77
46.63
46.57
46.70
46.55
46.57
46.84
46.69
46.32
46.10
46.00
46.05
46.17
46.58
46.50
46.58
46.53
46.43
45.89
45.86
45.44
45.48
45.65
45.58
45.67
45.94
46.13
46.20
46.27
46.72
46.76
46.82
46.84
46.77
46.81
46.86
47.07
47.53
47.43
47.10
47.20
47.24
47.17
47.05
46.88
46.96
47.15
47.08
47.15
47.13
47.51
47.57
47.58
47.60
47.58
47.57
47.53
47.67
47.88
47.69
47.50
47.24
47.01
47.17
47.45
47.57
47.79
47.34
47.15
47.27
47.29
47.32
47.31
47.13
46.98
46.67
46.60
46.53
46.60
46.41
46.34
45.98
45.96
46.22
46.32
46.29
46.25
46.48
46.74
46.81
47.01
47.22
46.96
47.22
47.36
47.55
47.83
48.05
48.05
47.46
46.86
46.48
46.32
46.10
46.08
46.17
46.44
46.34
46.53
46.62
46.48
46.60
46.69
46.79
47.00
47.12
47.36
47.70
48.14
47.89
47.72
47.48
47.51
47.48
47.72
47.48
47.79
47.72
47.83
47.93
48.02
47.95
48.02
47.77
47.39
47.31
47.41
47.65
47.86
48.15
48.10
48.07
48.12
48.26
48.29
48.33
48.33
48.07
47.91
47.81
47.46
47.58
47.43
47.27
47.27
47.43
47.27
47.36
47.77
47.74
47.88
47.76
47.43
47.55
47.43
47.58
47.93
47.76
47.57
47.24
47.32
47.53
47.24
47.27
46.96
47.24
47.10
46.96
47.07
47.07
46.72
46.58
46.81
47.24
47.64
47.55
47.48
47.70
47.31
47.15
46.74
46.57
46.91
47.10
47.43
47.29
47.03
47.01
47.31
47.58
47.46
47.55
47.46
47.57
47.50
47.65
47.83
47.83
47.86
48.02
48.03
47.72
47.46
47.38
47.10
46.93
46.72
46.74
46.76
46.84
46.84
47.01
46.98
47.03
47.12
47.05
47.01
47.15
47.17
46.96
46.81
46.81
46.79
46.77
46.76
46.95
47.13
47.38
47.31
47.45
47.26
47.10
46.96
46.88
46.39
45.88
45.72
45.70
45.89
46.12
46.44
46.57
46.63
46.86
46.91
46.69
46.82
46.77
46.88
46.89
46.39
46.17
45.79
46.08
46.01
46.08
46.20
46.57
46.60
46.65
46.58
46.43
46.24
46.36
46.41
46.22
46.34
46.39
47.17
47.26
47.62
47.72
47.79
47.67
47.55
46.91
47.01
47.53
47.91
48.15
48.19
48.02
48.19
48.12
48.12
48.12
48.15
48.34
48.29
48.31
48.15
48.52
48.24
48.53
48.53
48.53
48.60
48.88
48.69
48.50
48.48
48.33
48.24
47.86
47.91
47.74
48.07
47.72
47.74
47.67
47.57
47.55
47.48
47.65
48.02
47.96
47.83
47.64
47.62
47.48
47.45
47.38
47.20
47.01
46.96
46.88
46.69
46.65
46.50
46.27
45.98
46.06
46.25
46.29
46.57
46.72
46.70
46.81
46.88
46.88
47.36
47.45
47.32
47.29
47.46
47.62
47.74
47.62
47.53
47.27
47.00
46.82
47.15
47.36
47.43
47.48
47.32
47.29
47.64
47.48
47.38
47.74
47.74
47.70
47.96
48.19
47.93
47.86
47.55
47.38
47.46
47.39
47.57
47.58
47.38
47.57
47.77
47.83
47.48
47.24
46.91
47.10
47.27
47.27
47.10
47.20
47.07
47.07
47.15
47.39
47.48
47.41
47.55
47.70
47.69
47.65
47.55
47.53
47.60
47.64
47.76
47.89
47.98
47.91
47.74
47.77
47.74
48.10
48.31
48.24
48.19
48.39
48.46
48.50
48.53
48.41
47.95
47.67
47.74
48.05
48.15
48.26
48.07
47.67
47.76
47.51
47.65
47.77
47.88
47.69
47.96
47.46
47.19
47.39
47.34
47.60
47.62
47.67
47.57
47.83
47.98
47.89
47.98
47.81
47.67
47.69
48.05
47.91
48.19
47.91
48.08
48.10
48.39
48.34
48.50
48.46
48.34
48.39
48.57
48.86
48.69
48.90
49.09
49.02
49.14
48.93
48.93
48.86
48.98
48.86
48.71
48.39
48.50
48.55
48.52
48.58
48.76
49.05
49.07
48.93
48.69
48.36
48.03
47.81
47.32
47.10
47.31
47.62
47.74
47.91
47.83
47.86
47.83
47.96
47.86
47.65
47.91
47.88
48.19
48.48
48.69
48.64
48.71
48.71
48.76
48.67
48.43
48.52
48.39
48.21
48.41
48.72
48.84
49.10
49.00
48.91
48.91
49.05
49.15
49.09
49.10
49.10
48.88
48.62
48.86
48.91
48.90
49.07
49.14
49.17
49.28
48.95
48.46
48.26
47.96
47.91
48.02
48.03
48.03
48.15
48.67
48.67
48.71
48.65
48.69
48.45
48.45
48.57
48.27
48.17
48.27
48.39
48.36
48.48
48.38
48.48
48.52
48.50
48.48
48.34
48.12
48.34
48.57
48.79
49.09
49.03
49.19
49.40
49.72
49.45
49.24
49.15
49.29
49.14
49.03
48.95
48.46
48.34
48.64
48.76
49.02
48.81
49.02
49.02
49.00
48.91
49.40
49.50
49.55
49.59
49.67
49.48
49.55
49.59
49.76
49.57
49.83
49.74
49.64
49.78
49.78
49.74
49.91
49.84
49.91
49.93
50.05
50.07
50.00
49.90
49.50
49.10
48.67
48.69
48.57
48.86
48.71
48.90
49.21
49.28
49.10
48.91
48.81
48.62
48.53
48.62
48.86
49.05
48.88
48.84
48.69
48.65
48.62
49.02
48.96
48.72
48.36
48.86
49.29
49.03
48.91
48.88
48.86
48.95
48.98
48.55
48.43
48.53
48.74
48.76
48.41
48.55
48.65
48.84
48.90
48.67
48.91
48.96
48.95
49.14
49.55
49.57
49.29
49.05
49.26
49.65
49.84
49.84
49.64
49.76
49.86
49.95
50.09
50.03
50.09
50.02
50.10
49.81
49.64
49.55
49.15
49.03
49.24
49.22
49.36
49.40
49.29
49.46
49.76
49.71
49.55
49.19
48.98
48.91
49.12
49.10
49.34
49.19
49.24
49.07
48.86
49.09
49.14
48.90
48.86
48.69
48.84
48.93
48.95
48.57
48.69
48.81
48.84
48.72
48.88
48.91
49.12
48.98
48.84
48.48
48.45
48.74
49.02
49.03
49.21
49.07
49.12
49.22
49.14
48.84
48.31
48.27
48.55
49.09
49.31
49.48
49.53
49.67
49.86
49.72
49.65
49.53
49.26
48.98
48.74
48.76
48.91
48.93
48.96
48.81
48.95
48.74
48.77
48.60
48.76
48.64
48.69
48.50
48.31
48.17
48.27
48.33
48.43
48.26
48.39
48.65
48.88
49.02
49.24
49.24
49.26
48.91
48.88
48.77
48.46
48.31
48.55
48.96
48.91
48.72
48.77
48.90
48.76
48.98
48.95
49.14
48.88
48.88
48.77
48.81
48.95
48.77
48.84
48.77
48.62
48.60
48.83
49.22
49.48
49.41
49.40
49.21
49.34
49.17
49.22
49.48
49.41
49.40
49.46
49.41
49.60
49.86
49.93
49.93
49.95
50.12
49.91
49.67
49.71
49.57
49.14
48.93
48.93
49.22
49.29
49.40
49.33
49.17
49.36
49.15
48.86
48.64
48.58
48.81
48.74
48.79
48.83
49.31
49.48
49.40
49.59
49.67
49.97
50.02
50.28
50.09
50.22
50.33
50.43
50.19
49.93
49.86
49.59
49.45
49.41
49.29
49.26
49.52
49.33
49.41
49.34
49.34
49.38
49.17
49.29
49.43
49.62
49.98
49.79
49.53
49.21
48.88
48.84
48.86
49.10
48.98
49.12
49.17
49.43
49.48
49.45
49.31
49.31
49.21
49.07
48.95
48.96
48.95
49.36
49.55
49.50
49.24
49.14
49.21
49.07
48.84
48.98
48.95
48.79
48.91
49.14
48.95
48.83
48.67
48.86
49.15
49.40
49.15
49.19
49.05
49.10
48.76
48.67
49.15
49.29
49.10
49.02
48.69
48.58
48.74
48.72
48.84
48.64
48.71
48.55
48.91
48.76
48.79
48.88
48.77
48.95
48.83
48.72
48.62
48.65
48.65
48.95
49.03
49.21
49.22
49.53
49.64
49.41
49.07
48.81
48.53
48.45
48.34
48.64
48.53
48.52
48.50
48.31
48.29
48.07
48.27
48.60
48.58
48.67
48.57
48.55
48.33
48.36
48.29
48.14
48.29
48.29
48.45
48.76
49.05
49.12
49.00
48.88
48.81
48.76
49.15
49.26
49.38
49.31
49.33
49.22
49.60
49.74
49.57
49.64
49.71
49.72
49.69
49.59
49.40
48.95
49.05
49.62
49.76
49.74
49.76
49.93
50.19
50.29
50.10
49.74
49.33
49.46
49.69
49.79
49.91
49.78
49.43
48.90
48.98
49.17
49.10
49.03
48.79
48.65
48.55
48.38
48.52
48.84
48.96
48.95
48.88
48.84
48.93
49.09
49.52
49.45
49.43
49.79
49.67
49.74
49.78
49.71
49.65
49.40
49.43
49.45
49.43
49.50
49.45
49.79
49.88
49.72
49.79
50.02
49.65
49.31
49.31
49.43
49.60
49.53
49.57
49.43
49.46
49.29
49.46
49.48
49.48
49.40
48.96
49.02
48.88
48.65
48.55
48.79
48.81
49.07
49.12
49.09
48.83
49.05
49.17
48.96
48.76
48.98
48.91
49.10
49.22
49.00
48.96
49.14
48.81
48.81
48.53
48.43
48.67
48.81
48.69
48.74
48.72
48.65
48.52
48.48
48.65
48.83
48.88
49.05
49.24
49.28
49.28
49.26
49.22
49.12
48.98
48.58
48.41
48.26
48.29
48.48
48.46
48.72
48.90
49.21
49.43
49.48
49.29
49.12
48.98
49.07
48.88
49.09
49.03
48.93
48.48
48.58
48.64
48.74
48.69
48.77
48.60
48.71
48.84
49.07
49.41
49.31
49.53
49.76
49.81
49.62
49.57
49.45
49.53
49.53
49.57
49.67
49.45
49.34
49.00
49.38
49.03
48.86
48.98
48.95
48.93
49.09
48.88
48.83
48.81
48.91
49.02
49.10
49.48
49.57
49.62
49.79
50.02
49.98
49.88
49.83
49.76
49.53
49.45
49.45
49.17
49.15
49.10
49.10
49.17
49.72
50.05
50.10
50.03
49.60
49.33
49.40
49.64
49.81
49.79
49.83
49.95
50.05
50.09
49.97
50.10
50.16
50.00
50.19
50.33
50.26
50.00
50.21
50.60
50.54
50.74
50.90
50.79
50.79
50.74
50.88
51.05
51.10
51.23
51.16
51.02
50.40
50.03
50.28
50.31
50.45
50.47
50.59
50.60
50.90
51.05
51.09
50.95
51.31
51.23
51.26
51.16
50.98
50.78
50.71
50.66
50.55
50.38
50.10
50.05
49.91
49.79
49.91
50.03
50.21
50.26
50.24
50.07
50.03
50.07
50.66
50.76
50.85
50.83
50.88
50.97
51.00
50.83
50.59
50.43
50.33
50.36
50.31
50.48
50.45
50.47
50.33
50.50
50.54
50.76
50.91
50.86
50.79
50.88
51.10
51.29
51.29
51.42
51.12
50.97
50.55
50.12
50.14
50.00
50.05
50.35
50.38
50.45
50.28
50.29
50.31
50.29
49.93
49.67
49.62
49.76
49.72
49.95
50.05
50.14
50.09
50.17
50.14
50.31
50.10
50.07
50.17
50.24
50.26
50.24
50.60
50.76
50.79
50.69
50.67
50.69
50.38
50.22
50.02
49.95
50.07
49.74
49.69
49.57
50.00
49.88
49.74
49.76
49.83
49.97
50.02
50.00
49.83
49.59
49.65
49.71
50.09
50.14
50.28
50.24
50.35
50.38
50.54
50.62
50.69
50.83
50.71
50.47
50.21
50.05
50.10
50.05
49.84
49.74
49.79
49.65
49.57
49.48
49.53
49.53
49.48
49.50
49.55
49.65
49.55
49.36
49.53
49.31
49.02
49.29
49.36
48.84
49.00
48.81
49.03
49.19
49.14
49.02
48.93
49.02
48.98
48.91
49.02
49.00
49.22
49.24
49.24
49.45
49.72
49.69
49.28
49.46
49.62
49.19
49.34
49.28
49.29
49.26
49.46
49.24
49.17
48.84
49.17
49.38
49.78
49.76
49.46
49.57
49.46
49.88
49.95
50.05
50.19
50.38
50.59
50.48
50.64
51.05
51.21
51.12
51.00
50.86
50.88
51.16
51.14
51.55
51.52
51.66
51.64
51.62
51.74
51.83
51.62
51.21
50.78
50.60
50.47
50.31
50.28
50.22
50.31
50.14
50.40
50.50
50.66
50.98
51.19
51.09
50.97
50.78
50.67
50.72
50.88
50.97
51.02
51.00
51.35
51.40
51.43
51.02
50.88
51.07
50.91
50.72
50.72
50.90
51.33
51.42
51.50
51.59
51.57
51.42
51.29
51.23
51.21
51.16
51.00
50.97
51.16
51.05
50.83
50.98
50.86
50.66
50.71
50.85
50.81
50.85
51.02
51.09
50.93
50.90
50.81
50.66
50.47
50.38
50.36
50.21
50.31
50.41
50.35
50.31
50.43
50.43
50.60
50.71
50.81
50.60
50.40
50.71
50.78
50.57
50.47
50.24
50.36
50.52
50.66
50.52
50.55
50.78
50.66
50.60
50.66
50.43
50.48
50.66
50.67
50.83
50.86
51.04
50.95
50.95
51.28
50.88
50.98
50.88
50.95
51.07
51.02
50.62
50.47
50.43
50.29
50.36
50.60
50.54
50.67
50.69
50.67
50.76
50.59
50.66
50.72
50.67
50.78
50.83
50.83
50.67
50.69
50.67
50.81
50.86
50.85
50.45
50.64
50.97
50.88
50.78
51.23
51.31
51.43
51.02
51.04
51.31
50.88
50.88
50.74
50.33
50.16
49.98
49.88
49.91
50.10
50.29
50.40
50.36
50.33
50.24
50.33
50.29
50.47
50.60
50.36
50.24
50.47
50.24
49.90
49.72
49.55
49.45
49.29
49.29
49.60
49.95
49.88
49.93
50.10
50.54
50.69
50.91
50.97
51.42
51.73
51.90
51.83
51.73
51.66
51.59
51.31
51.26
51.16
51.47
51.57
51.50
51.57
51.45
51.38
51.48
51.52
51.36
51.31
51.33
51.38
51.14
51.21
51.24
51.17
51.05
51.23
51.40
51.57
51.69
51.64
51.23
51.29
51.16
50.98
50.81
50.93
50.95
51.02
51.04
51.36
51.45
51.79
51.83
52.02
52.09
51.97
52.23
52.11
52.12
51.90
51.97
52.33
52.50
52.59
52.54
52.62
52.57
52.68
52.62
52.61
52.49
52.57
52.50
52.61
52.57
52.54
52.68
52.90
52.92
52.78
52.87
52.87
52.74
52.64
52.69
52.69
53.00
53.00
52.90
52.71
52.55
52.35
52.35
52.49
52.69
52.55
52.38
52.09
51.95
52.04
51.79
51.90
52.04
52.07
51.98
52.09
52.36
52.36
52.28
52.47
52.61
52.47
52.26
52.14
52.11
52.02
52.21
52.40
52.62
52.54
52.54
52.61
52.69
52.62
52.26
52.23
52.21
52.42
52.49
52.69
52.73
52.33
52.38
52.26
52.33
52.19
52.16
52.45
52.47
52.57
52.43
52.52
52.31
52.17
52.07
52.31
52.43
52.54
52.73
52.43
52.61
52.42
52.35
52.43
52.45
52.33
52.43
52.42
52.42
52.55
52.36
52.49
52.49
52.57
52.62
52.45
52.57
52.38
52.43
52.16
52.00
51.86
51.95
51.78
51.71
51.57
51.78
51.78
51.78
51.59
51.54
51.74
51.55
51.67
51.57
51.79
51.62
51.43
51.50
51.12
51.12
51.05
51.29
51.43
51.57
51.76
51.95
52.12
51.90
51.88
51.76
51.71
51.92
51.81
51.76
51.81
51.85
51.74
51.85
51.76
51.85
51.76
51.78
51.78
51.90
51.83
51.97
51.90
51.81
51.74
51.88
51.76
51.93
51.90
51.66
51.71
51.73
51.78
51.81
51.48
51.10
51.09
51.17
51.09
51.10
50.86
50.86
51.14
51.28
51.48
51.81
51.85
51.83
52.28
52.26
52.35
52.09
51.90
52.12
52.16
51.88
51.62
51.45
51.59
51.62
51.54
51.40
51.43
51.48
51.62
51.76
51.66
51.79
51.54
51.28
51.36
51.31
51.17
51.05
51.17
50.78
51.23
51.38
51.73
51.74
51.73
51.33
51.17
51.05
50.79
50.74
50.83
51.23
51.52
51.54
51.54
51.48
51.67
51.78
51.93
52.00
52.02
52.17
52.52
52.62
52.69
52.80
52.78
52.69
52.57
52.52
52.71
52.88
52.85
52.74
52.88
52.81
52.74
52.71
52.50
52.23
52.33
52.35
52.31
52.43
52.61
52.42
52.49
52.47
52.61
52.93
53.05
53.09
53.23
53.31
53.37
53.31
53.07
52.87
52.95
53.14
53.24
53.04
52.97
52.88
52.78
52.85
52.90
52.90
52.76
52.42
52.33
52.24
52.14
51.79
51.69
51.97
52.43
52.80
52.93
52.99
52.85
52.73
53.14
53.38
53.40
53.37
53.31
53.28
53.40
53.30
53.21
52.95
52.69
52.88
53.18
53.14
53.16
53.24
53.19
53.19
53.40
53.42
53.42
53.64
53.71
53.76
53.80
53.69
53.50
53.43
53.14
53.05
53.21
53.38
53.62
53.42
53.50
53.66
53.62
53.57
53.54
53.45
53.09
52.73
52.42
52.38
52.85
53.23
53.68
53.85
53.68
53.68
53.66
53.75
53.64
53.57
53.61
53.54
53.56
53.59
53.49
53.31
53.42
53.50
53.43
53.47
53.62
53.54
53.42
53.40
53.54
53.83
54.02
54.06
53.92
53.92
54.04
53.87
53.88
53.76
53.66
53.66
53.14
53.07
52.80
52.90
52.97
52.99
53.30
53.31
53.24
53.07
52.71
52.69
52.80
52.74
52.78
52.99
53.16
53.23
53.37
53.71
53.62
53.69
53.78
53.61
53.62
53.59
53.40
53.35
53.31
53.21
53.07
53.07
53.16
53.12
53.12
52.92
52.87
52.85
52.85
52.61
52.64
52.61
52.59
52.69
52.62
52.62
52.83
52.69
52.66
52.55
52.50
52.50
52.43
52.49
52.35
52.42
52.49
52.50
52.45
52.31
52.24
52.57
52.68
52.80
52.87
53.11
52.80
52.83
52.90
53.11
53.18
53.04
53.14
53.16
53.30
53.61
53.94
53.99
54.18
54.09
54.07
54.18
53.94
53.94
53.76
53.54
53.57
53.66
53.49
53.33
53.00
52.83
52.87
52.92
53.18
53.33
53.59
53.33
53.21
53.09
52.85
53.02
52.92
52.76
52.97
53.00
53.38
53.64
53.94
54.09
54.16
54.02
53.90
53.80
53.78
53.59
53.61
53.62
53.75
53.69
53.75
53.87
53.87
53.69
53.68
53.69
53.85
53.97
53.94
53.76
53.85
53.66
53.76
53.66
53.81
53.99
53.90
54.06
53.57
53.33
53.54
53.43
53.38
53.45
53.66
53.95
53.99
53.97
54.14
54.30
54.52
54.50
54.18
54.23
54.14
53.99
54.23
54.47
54.73
54.88
54.76
54.54
54.21
54.28
54.37
54.14
54.09
54.18
54.09
54.16
54.12
53.92
53.80
53.81
53.71
53.68
53.75
53.78
53.85
54.09
54.14
53.90
53.71
53.61
53.59
53.61
53.94
54.04
53.97
54.06
53.95
53.92
53.75
53.69
53.59
53.68
53.69
53.54
53.75
53.87
53.56
53.24
53.23
53.42
53.37
53.61
53.64
53.76
53.85
53.81
53.78
53.71
53.75
53.66
53.56
53.66
53.69
53.54
53.69
53.59
53.50
53.21
53.43
53.23
53.30
53.33
53.24
53.28
53.38
53.11
53.04
53.21
53.47
53.52
53.68
53.81
53.75
53.88
53.99
53.99
54.07
53.80
53.45
53.38
52.99
52.83
52.68
52.83
53.16
53.14
53.23
53.45
53.62
53.73
54.04
53.87
53.81
53.62
53.97
54.06
53.88
53.92
53.71
53.81
53.71
53.45
53.43
53.45
53.50
53.56
53.47
53.24
53.24
53.43
53.57
53.64
53.85
53.83
53.75
53.66
53.68
53.62
53.69
53.81
53.87
53.43
53.12
53.04
53.07
52.97
53.45
54.06
53.57
53.54
53.61
53.50
53.57
53.69
53.94
53.78
53.88
53.64
53.59
53.71
53.56
53.85
53.94
53.94
54.28
54.31
54.21
54.23
54.33
54.44
54.42
54.33
54.12
54.14
54.02
53.94
53.88
54.06
54.04
54.33
54.12
54.25
54.11
54.04
54.12
54.19
54.26
54.28
54.14
54.21
54.23
54.18
54.06
53.85
53.83
53.76
53.83
53.71
53.80
53.85
53.95
54.30
54.54
54.45
54.44
54.37
54.66
54.80
54.75
54.54
54.61
54.59
54.66
54.59
54.50
54.40
54.23
54.21
54.61
54.56
54.66
54.50
54.49
54.57
54.56
54.45
54.54
54.54
54.49
54.47
54.38
54.44
54.57
54.50
54.80
55.01
55.11
54.90
54.63
54.56
54.49
54.40
54.69
54.83
54.78
54.83
54.90
54.90
54.95
54.97
55.11
55.02
55.14
55.13
55.23
55.21
55.02
54.69
54.28
54.42
54.56
54.71
54.28
54.30
54.09
53.92
53.94
53.95
53.97
54.07
54.35
54.40
54.45
54.47
54.37
54.50
54.66
54.76
54.80
54.57
54.44
54.30
54.28
54.40
54.42
54.75
54.88
54.88
54.75
54.75
54.57
54.56
54.66
54.44
54.28
54.21
54.26
54.31
54.33
54.40
54.23
54.11
54.21
54.28
54.30
54.38
54.50
54.21
54.23
54.40
54.57
54.56
54.45
54.12
54.07
53.94
53.99
54.21
54.19
54.18
54.23
54.26
54.18
54.04
53.90
53.83
54.04
54.16
54.45
54.71
54.54
54.50
54.40
54.12
53.88
53.87
53.80
54.04
54.23
54.37
54.66
54.69
54.71
54.57
54.52
54.40
54.38
54.37
54.26
54.14
54.11
54.26
54.11
54.11
54.06
54.28
54.35
54.23
53.99
53.69
53.87
54.06
54.26
54.52
54.38
54.26
54.12
54.12
54.14
54.12
53.94
54.06
54.00
53.80
53.90
54.18
54.26
54.63
55.02
54.97
54.78
55.06
55.01
55.02
54.95
55.26
55.01
54.95
54.83
54.80
54.90
54.97
55.02
54.87
54.95
54.76
54.76
54.71
54.68
54.54
54.76
54.75
54.76
54.78
54.95
54.95
54.94
54.83
54.90
54.76
54.73
54.76
54.63
54.35
54.31
54.19
54.42
54.50
54.40
53.95
53.97
54.26
54.38
54.54
54.64
54.75
55.06
54.85
54.78
54.85
55.02
55.18
55.26
55.32
55.42
55.54
55.64
55.59
55.52
55.44
55.47
55.54
55.61
55.83
55.75
55.76
55.94
55.97
55.89
55.95
55.82
55.64
55.68
55.82
56.06
56.40
56.28
56.14
55.82
55.89
55.95
55.92
55.89
55.99
55.94
55.92
56.01
55.95
55.90
55.83
55.68
55.70
55.90
55.97
55.94
55.99
55.99
55.92
55.99
55.64
55.75
55.59
55.35
55.40
55.18
55.25
55.42
55.64
55.89
55.90
55.70
55.61
55.54
55.83
55.83
56.04
56.04
55.61
55.49
55.25
55.06
54.95
55.02
54.78
54.87
54.76
54.63
54.80
54.97
55.11
55.02
55.23
55.32
55.42
55.49
55.64
55.90
55.90
55.90
55.99
55.83
55.94
55.99
55.89
55.70
55.87
55.70
55.80
55.66
55.76
55.87
55.85
56.04
56.14
56.32
56.54
56.64
56.42
56.40
56.23
56.33
56.37
56.51
56.59
56.58
56.71
56.87
56.70
56.61
56.47
56.47
56.16
56.06
56.14
56.21
56.25
56.49
56.58
56.56
56.54
56.21
55.94
55.78
55.92
55.66
55.45
55.42
55.25
55.32
55.56
55.61
55.64
55.71
55.92
55.66
55.64
55.73
55.75
55.80
55.82
55.80
55.54
55.37
55.23
55.20
55.28
55.40
55.52
55.44
55.40
55.30
55.42
55.23
55.18
55.04
55.07
55.04
55.09
55.11
55.35
55.52
55.82
55.68
55.33
55.25
55.21
54.95
55.16
55.23
55.28
55.61
55.54
55.61
55.66
55.59
55.32
55.28
55.54
55.71
55.80
55.52
55.52
55.71
55.45
55.51
55.45
55.28
55.47
55.37
55.30
55.33
55.61
55.61
55.59
55.40
55.47
55.28
55.06
54.88
55.21
55.30
55.30
55.38
55.47
55.47
55.38
55.42
55.33
55.40
55.42
55.51
55.52
55.28
55.42
55.35
55.26
55.28
55.14
55.16
55.21
55.30
55.21
55.30
55.25
55.35
55.49
55.70
55.63
55.66
55.80
55.75
55.75
55.94
55.99
55.47
55.35
55.35
55.21
55.16
55.01
55.13
55.14
55.33
55.30
55.45
55.47
55.20
55.06
54.76
54.80
54.57
54.66
54.83
54.88
54.78
54.82
54.83
55.20
55.23
55.42
55.66
55.75
55.87
55.78
55.64
55.71
55.52
55.61
55.49
55.54
55.71
55.42
55.33
55.26
55.16
55.09
55.28
55.37
55.30
55.40
55.25
55.28
55.25
55.33
55.26
55.06
55.07
55.16
55.13
55.35
55.28
55.32
55.13
55.37
55.30
55.38
55.40
55.47
55.45
55.44
55.63
55.66
55.73
55.73
55.59
55.54
55.28
55.26
55.20
55.20
55.37
55.49
55.49
55.52
55.45
55.32
55.40
55.54
55.71
55.66
55.80
55.92
56.20
55.99
55.80
56.13
56.02
56.18
56.01
56.01
55.97
55.94
55.73
55.11
54.73
54.73
54.40
54.42
54.38
54.99
55.09
54.92
54.76
54.75
54.52
54.16
54.30
54.28
54.47
54.80
55.06
55.20
55.33
55.18
55.18
55.20
55.13
55.33
55.49
55.52
55.61
55.80
55.83
55.68
55.59
55.71
55.56
55.47
55.38
55.59
55.90
55.71
55.56
55.57
55.57
55.56
55.66
55.57
55.49
55.51
55.49
55.44
55.44
55.37
55.49
55.56
55.70
55.47
55.45
55.40
55.49
55.49
55.56
55.56
55.42
55.45
55.52
55.59
55.73
55.56
55.64
55.61
55.57
55.54
55.73
55.75
55.80
55.71
55.64
55.54
55.64
55.73
55.73
55.73
55.82
55.80
55.94
56.01
56.02
55.71
55.75
55.89
55.76
55.56
55.49
55.45
55.35
55.42
55.25
55.25
55.30
55.33
55.42
55.51
55.56
55.68
55.87
55.89
55.97
55.87
55.49
55.73
55.66
55.66
55.54
55.63
55.78
55.76
55.80
55.73
55.66
55.52
55.57
55.70
55.51
55.54
55.47
55.49
55.28
55.23
55.40
55.52
55.51
55.70
55.59
55.52
55.64
55.63
55.82
55.87
56.04
56.01
56.02
56.06
56.13
56.09
56.04
55.90
55.92
56.04
56.30
56.18
56.16
56.21
56.06
56.01
56.08
55.97
55.97
56.01
55.83
55.90
56.06
56.08
56.02
55.76
55.78
55.85
55.80
55.68
55.47
55.61
55.97
56.04
55.83
55.64
55.42
55.26
55.18
55.13
55.14
55.18
55.35
55.42
55.57
55.63
55.66
55.45
55.95
55.92
55.85
55.70
55.85
55.89
55.85
55.92
55.64
55.51
55.33
55.54
55.61
55.52
55.51
55.64
55.49
55.28
55.04
55.23
55.23
55.37
55.59
55.66
55.94
55.87
55.90
55.80
55.76
55.71
55.85
55.76
55.59
55.42
55.28
55.40
55.56
55.57
55.35
55.59
55.51
55.56
55.73
55.80
55.73
55.80
55.73
55.76
55.64
55.54
55.52
55.47
55.56
55.70
55.76
55.75
55.70
55.63
55.76
55.66
55.51
55.54
55.59
55.85
55.78
55.44
55.35
55.38
55.42
55.25
55.18
55.14
55.13
55.23
55.57
55.45
55.38
55.42
55.49
55.56
55.70
55.82
55.75
55.85
55.95
56.11
56.01
55.92
55.95
56.11
56.21
56.28
56.04
56.14
56.11
56.16
55.87
55.68
55.68
55.90
55.82
56.06
56.08
55.70
55.85
55.95
55.75
55.51
55.47
55.49
55.54
55.70
55.87
55.92
56.09
56.02
56.21
56.21
56.23
56.14
56.16
56.14
56.27
56.16
56.09
56.06
55.92
55.95
55.82
55.76
55.85
55.75
55.89
56.04
55.73
55.63
55.78
55.99
56.20
56.02
55.97
55.64
55.89
56.11
56.30
56.32
56.33
56.32
56.40
56.27
56.13
56.11
56.25
56.04
56.02
55.92
56.21
56.27
56.21
56.16
56.20
56.16
56.21
56.42
56.39
56.21
56.23
56.45
56.37
56.35
56.39
56.16
56.11
56.06
56.39
56.28
56.58
56.59
56.71
56.70
56.61
56.37
56.40
56.33
56.01
55.99
56.13
56.14
56.23
56.44
56.54
56.54
56.59
56.70
56.68
56.58
56.33
56.45
56.35
56.59
56.37
56.16
56.14
56.18
56.30
56.44
56.44
56.51
56.61
56.66
56.77
56.80
56.47
56.16
56.06
56.09
56.35
56.64
56.70
56.61
56.47
56.21
56.09
55.99
56.14
55.97
56.01
55.97
56.16
56.08
55.87
55.87
55.89
55.82
55.82
55.89
55.87
55.73
55.64
55.92
55.97
55.99
55.82
55.54
55.32
55.25
55.20
55.21
55.33
55.49
55.61
55.54
55.73
55.75
55.61
55.49
55.51
55.71
55.76
55.87
55.57
55.66
55.73
55.92
56.06
56.11
56.04
56.01
55.94
55.95
56.08
56.25
56.40
56.28
56.35
56.45
55.99
56.04
56.11
56.06
56.30
56.27
55.97
55.90
55.92
55.90
55.73
55.80
56.01
56.21
56.35
56.35
56.32
56.40
56.47
56.51
56.58
56.54
56.77
56.78
56.82
57.13
57.27
57.27
57.16
57.08
57.18
57.23
57.25
57.23
57.13
57.15
57.37
57.28
57.34
57.37
57.27
57.18
57.25
57.16
56.99
56.85
56.78
56.56
56.45
56.47
56.47
56.39
56.52
56.64
56.78
56.77
56.97
57.16
57.08
56.96
56.89
56.83
56.83
56.82
57.02
57.02
56.87
56.58
56.71
56.96
56.77
56.87
56.71
56.35
56.45
56.45
56.64
56.61
56.40
56.18
56.23
55.94
55.87
56.09
56.25
56.32
56.47
56.56
56.66
56.70
56.89
56.80
56.82
56.63
56.89
56.83
56.63
56.78
56.54
56.64
56.73
56.73
56.77
56.63
56.56
56.52
56.61
56.61
56.52
56.54
56.49
56.64
56.61
56.73
56.68
56.77
56.82
57.01
56.92
56.70
56.63
56.68
56.77
56.80
56.82
56.77
56.64
56.63
56.96
57.08
57.08
56.96
56.90
56.85
56.92
56.89
56.85
56.97
56.97
57.02
57.01
57.02
56.80
56.96
57.13
56.96
57.01
57.11
57.16
57.06
56.85
56.68
56.61
56.45
56.39
56.42
56.39
56.32
56.32
56.35
56.56
56.56
56.51
56.63
56.44
56.27
56.39
56.59
56.70
56.64
56.61
56.61
56.32
