0.52
0.52
0.52
0.52
0.52
0.52
0.52
0.52
0.55
0.59
0.64
0.97
1.17
1.31
1.50
1.67
1.97
2.05
2.00
2.05
2.21
2.30
2.55
2.88
3.37
3.66
3.88
4.21
4.49
4.71
4.82
5.14
5.38
5.51
5.71
5.80
5.87
5.95
5.94
5.89
6.06
6.21
6.37
6.58
6.61
6.75
6.82
6.99
6.83
6.85
6.89
7.04
7.11
7.25
7.58
7.78
8.16
8.42
8.56
8.73
8.91
8.91
8.89
9.11
9.11
9.18
9.30
9.30
9.35
9.46
9.58
9.70
9.98
9.84
9.77
9.80
9.87
10.03
10.25
10.42
10.39
10.37
10.34
10.32
10.29
10.37
10.30
10.23
10.22
10.18
10.11
10.10
10.17
10.08
10.22
10.32
10.37
10.34
10.27
10.34
10.51
10.53
10.70
10.77
10.82
10.67
10.60
10.67
10.70
10.91
11.15
11.30
11.49
11.46
11.43
11.51
11.62
11.72
11.82
11.86
12.13
12.27
12.34
12.53
12.67
13.03
13.07
13.38
13.36
13.22
13.26
13.17
13.26
13.17
13.36
13.51
13.36
13.27
13.17
12.91
12.81
12.89
12.94
13.12
13.27
13.32
13.36
13.50
13.70
13.89
13.89
13.91
13.93
14.27
14.45
14.33
14.38
14.43
14.45
14.43
14.58
14.64
14.74
14.79
14.77
14.86
15.03
14.88
15.02
15.12
15.08
15.10
15.14
15.19
15.17
15.38
15.22
15.19
15.14
15.19
15.12
15.19
15.26
15.40
15.52
15.55
15.72
15.52
15.45
15.55
15.76
15.62
15.59
15.60
15.72
15.65
15.59
15.57
15.45
15.33
15.29
15.19
15.24
15.19
15.19
15.50
15.71
15.90
16.17
16.40
16.57
16.57
16.50
16.40
16.31
16.26
16.53
16.74
16.90
16.83
17.12
17.09
17.10
17.16
17.02
16.95
16.76
16.53
16.64
16.79
16.91
16.95
17.07
17.10
17.40
17.64
17.41
17.50
17.36
17.41
17.76
17.95
18.05
18.12
18.09
18.16
18.33
18.42
18.47
18.14
18.23
18.59
18.74
18.69
18.81
18.88
18.90
18.81
18.97
18.81
18.78
18.83
18.93
19.04
18.93
19.09
19.26
19.36
19.42
19.49
19.66
19.88
19.88
19.85
19.97
20.09
19.99
20.06
20.06
20.07
20.09
20.11
20.09
19.99
19.95
20.04
19.97
19.95
20.09
20.19
20.21
20.26
20.47
20.52
20.71
20.75
20.94
20.85
20.73
20.71
20.47
20.42
20.31
20.26
20.23
20.04
19.99
20.07
20.04
20.11
20.47
20.23
20.35
20.33
20.50
20.88
21.00
21.07
21.13
21.18
21.16
20.99
20.88
21.30
21.57
21.76
21.76
21.54
21.38
21.52
20.99
20.99
20.97
21.04
21.26
21.51
21.83
21.75
21.76
21.76
22.07
22.51
23.01
23.04
23.09
23.13
23.28
23.54
23.54
23.35
23.37
23.47
23.39
23.51
23.47
23.61
23.14
23.28
23.42
23.59
23.65
23.47
23.44
23.23
23.28
23.18
23.54
23.42
23.49
23.35
23.14
23.35
23.51
23.82
24.06
23.63
23.87
23.73
23.78
23.63
23.73
23.82
23.84
23.87
24.02
24.08
24.18
24.47
24.84
24.85
24.96
24.91
25.04
25.08
24.78
24.68
24.92
24.89
25.04
24.89
24.99
24.51
24.42
24.54
24.35
24.30
24.28
24.47
24.44
24.70
24.99
25.09
25.03
24.89
25.13
25.49
25.44
25.65
25.98
26.03
25.98
26.06
26.20
26.39
26.65
26.60
26.18
26.10
25.60
25.73
25.53
25.89
26.03
26.27
26.54
26.91
27.22
27.10
26.82
26.63
26.77
26.73
26.77
26.79
27.05
27.24
27.58
27.51
27.41
27.46
27.37
27.41
27.39
27.75
28.06
28.08
27.93
27.63
27.53
27.29
27.25
27.56
27.36
26.65
26.82
27.34
27.36
26.94
27.82
28.03
27.93
27.58
27.41
27.25
26.96
27.08
27.13
27.18
27.34
27.46
27.41
27.39
27.65
27.37
27.15
27.18
27.25
27.80
28.08
28.46
28.20
28.53
28.70
28.74
28.53
28.72
28.51
28.34
28.20
27.89
27.84
28.22
28.39
28.62
28.68
28.39
28.72
28.81
28.70
28.60
28.82
28.77
28.96
28.87
29.20
29.38
29.05
28.67
28.98
29.00
28.72
28.75
28.94
29.15
28.93
28.98
28.87
28.70
28.94
28.36
28.62
29.08
29.15
29.13
29.27
29.50
29.46
29.17
28.98
28.60
28.34
29.00
29.58
29.48
29.27
29.48
29.58
29.74
29.24
28.93
29.03
28.75
28.87
29.19
29.36
29.29
29.34
29.39
29.44
29.39
29.57
29.57
29.51
29.20
28.94
28.91
28.96
29.20
29.55
29.51
29.48
29.63
29.34
29.13
29.57
29.69
29.01
29.12
29.22
29.69
29.03
29.58
29.75
29.53
29.69
30.13
30.48
30.10
29.79
29.65
29.55
29.89
30.26
30.36
30.65
30.69
30.65
30.13
29.98
29.98
30.36
30.65
30.70
30.50
30.27
29.60
28.86
28.17
28.62
28.43
27.98
28.68
29.01
29.20
29.53
29.91
29.89
30.12
29.63
29.65
30.12
30.19
30.39
30.55
30.76
30.88
30.64
31.00
31.17
30.65
30.36
31.01
30.77
30.72
30.13
29.82
29.41
30.00
30.17
30.50
30.77
30.81
30.77
30.91
30.84
30.88
31.01
30.77
30.88
30.84
31.12
31.27
30.89
30.79
30.81
30.65
30.53
30.08
30.29
30.50
30.77
30.76
30.74
30.64
30.32
30.51
30.74
30.79
30.43
30.31
30.45
30.76
30.65
31.20
31.26
31.07
31.43
31.17
31.58
31.90
31.67
31.34
31.43
31.69
31.08
31.62
31.26
30.93
31.46
31.01
30.22
30.51
30.62
30.51
30.62
30.74
30.48
30.05
30.26
30.53
30.67
30.86
31.29
31.55
31.33
30.62
31.34
31.55
31.67
31.77
32.26
32.43
31.96
32.12
32.10
32.12
32.26
31.67
32.00
32.08
31.91
31.72
32.03
32.05
32.67
31.90
32.15
32.27
32.27
32.12
32.26
32.19
32.34
32.52
31.90
32.19
32.60
32.76
33.00
32.83
32.36
32.10
31.62
31.57
31.86
32.43
32.08
31.83
31.71
31.76
31.84
32.53
32.74
32.48
32.27
32.43
32.33
32.17
32.10
32.38
32.59
33.10
33.21
32.86
32.62
32.62
32.88
33.26
32.97
33.12
32.43
32.33
32.55
33.15
32.97
32.65
32.71
32.62
32.78
32.64
32.52
32.19
31.69
32.27
32.08
32.60
33.05
33.26
33.45
33.41
33.43
32.98
33.34
33.66
33.74
32.90
32.88
32.60
33.14
33.64
33.62
33.83
33.62
33.24
33.50
33.76
33.47
33.47
34.00
33.57
34.31
34.23
33.50
33.24
32.57
32.78
32.62
32.79
32.43
32.81
32.83
32.93
32.90
32.29
32.81
33.91
34.05
33.79
34.21
34.31
34.41
34.54
34.74
34.86
35.38
35.31
35.26
35.36
34.83
35.00
35.23
35.11
35.52
35.31
35.33
35.33
35.54
35.40
35.26
35.33
35.64
35.19
35.16
34.71
35.04
35.28
35.05
34.16
34.97
34.50
34.74
35.07
34.73
34.64
34.67
34.83
35.26
35.00
35.05
35.73
35.11
33.90
33.90
33.62
33.62
33.69
34.02
34.47
34.07
34.41
34.59
34.98
35.81
36.05
35.64
35.28
35.07
34.55
35.09
35.55
35.45
35.55
35.52
34.59
34.88
34.90
34.78
34.64
34.64
34.71
34.76
34.95
35.11
34.50
34.52
33.88
33.36
33.69
33.83
34.17
34.31
34.54
34.47
34.47
34.19
34.92
35.30
34.98
35.02
35.23
35.43
34.66
35.61
35.43
35.62
35.52
34.79
34.74
35.12
34.81
34.79
35.16
35.55
34.16
34.26
34.29
34.24
34.59
34.21
34.17
34.17
34.17
34.59
34.93
35.11
35.26
35.21
34.85
35.05
35.33
35.54
35.45
35.04
34.86
35.67
35.17
34.76
34.57
35.16
34.79
34.48
34.57
35.36
35.59
35.93
36.14
36.07
36.11
35.81
35.83
35.42
35.36
35.66
35.95
36.28
35.81
35.64
35.54
35.59
35.55
35.26
34.88
34.79
35.43
35.66
35.12
35.55
35.78
34.73
34.69
35.04
34.92
35.23
35.26
35.35
35.36
35.24
35.00
35.02
34.31
34.55
34.83
35.28
35.55
35.61
35.47
35.07
35.38
34.98
35.55
36.07
36.12
35.67
35.76
35.28
35.35
35.45
35.09
35.88
36.12
36.19
35.86
36.11
36.14
36.09
36.00
36.28
36.28
36.02
36.42
36.09
35.99
35.74
35.59
35.28
34.97
35.28
35.88
35.64
35.67
35.73
36.21
36.45
36.40
36.78
36.87
36.69
36.90
36.93
37.00
36.80
37.33
37.16
36.69
36.62
35.88
36.74
37.16
36.85
36.83
36.49
36.31
36.42
37.40
37.90
38.18
38.14
37.94
37.94
36.92
36.61
37.33
37.49
37.76
38.18
38.35
38.44
38.35
38.18
37.26
37.88
37.69
37.61
37.83
37.71
37.45
37.28
37.71
38.07
38.13
38.11
37.85
37.94
37.61
37.26
36.69
36.83
37.75
37.45
36.69
36.45
36.31
37.47
37.69
37.21
37.18
37.68
37.88
37.88
37.68
37.50
37.38
37.66
37.63
37.68
38.38
37.76
37.61
37.40
37.85
37.75
37.49
37.63
37.38
37.23
37.69
38.23
37.81
37.54
37.59
37.71
38.14
37.64
37.85
38.35
37.71
38.56
38.68
38.16
38.02
38.07
37.56
37.33
38.00
38.18
38.66
38.23
38.32
38.59
38.57
38.82
38.35
38.35
38.63
38.38
38.06
38.49
38.73
38.71
38.61
39.23
39.14
38.92
38.92
38.26
38.82
39.44
38.92
39.20
39.21
39.45
39.21
39.14
39.77
39.78
39.94
40.11
40.13
40.11
40.16
39.96
39.99
39.89
39.26
39.18
39.07
39.42
38.85
39.16
39.07
39.07
39.30
39.51
39.14
39.09
38.16
38.14
38.30
38.30
38.51
39.02
38.87
39.44
38.85
38.61
38.97
39.11
39.09
38.59
38.82
39.02
39.51
38.92
39.23
39.30
39.58
39.71
39.78
39.33
39.37
38.61
38.47
38.51
38.73
38.90
39.07
38.95
38.94
39.26
39.28
39.40
39.14
39.13
38.83
39.39
39.25
39.04
39.07
39.26
39.63
39.61
39.11
39.40
39.47
39.32
39.56
39.37
39.13
39.11
39.40
38.90
39.23
39.71
39.99
39.68
39.58
39.11
39.73
39.94
39.89
39.14
39.96
39.97
40.16
40.61
40.66
40.78
40.80
41.22
40.71
40.32
40.30
40.13
40.32
40.33
40.59
40.33
40.51
40.90
40.80
40.63
40.70
40.94
40.97
40.80
40.94
41.58
41.66
41.63
41.92
41.54
41.61
41.49
41.47
41.94
41.53
40.89
41.16
40.99
41.23
41.54
41.68
41.99
42.16
41.78
42.11
42.10
42.11
42.47
42.37
42.25
41.82
41.91
41.82
41.27
41.97
41.23
41.51
41.56
42.10
41.58
41.18
41.15
41.37
41.49
42.08
41.91
41.47
42.13
42.42
41.99
42.60
42.23
42.06
41.99
41.77
42.06
40.75
41.04
40.89
41.09
41.09
41.53
41.77
42.22
42.04
42.60
42.65
42.75
42.68
42.54
42.27
42.68
42.77
42.73
42.80
42.03
41.65
42.08
42.04
42.56
42.75
42.75
42.75
42.23
42.11
42.51
42.92
42.51
42.06
41.99
41.89
42.23
42.60
42.82
42.85
42.44
42.63
42.35
42.60
42.27
42.84
42.61
42.06
41.99
42.18
42.54
42.13
42.44
42.23
42.37
42.25
42.51
42.58
43.01
42.89
43.34
43.39
43.20
42.89
43.20
42.92
42.51
42.51
43.17
43.18
43.08
43.53
43.22
42.77
43.10
43.36
43.04
43.56
43.20
43.25
43.13
43.06
43.36
43.37
43.08
43.18
43.30
42.85
42.79
42.92
43.29
43.42
43.73
43.56
43.84
44.20
43.92
43.80
43.99
43.67
43.89
44.10
44.22
44.15
44.03
43.94
44.17
44.27
44.05
43.49
42.94
43.84
44.11
43.84
43.56
43.86
44.17
44.22
44.01
43.92
44.27
44.11
44.01
44.27
44.03
44.86
44.77
44.74
44.65
44.37
44.77
44.55
44.63
44.63
44.29
44.18
43.91
44.01
43.89
44.08
43.84
44.13
43.94
43.63
43.44
43.53
43.41
42.94
43.15
42.63
42.66
43.41
43.65
43.79
43.89
44.08
44.18
44.11
44.01
43.98
43.75
44.10
43.72
43.84
44.06
44.22
43.87
43.89
43.65
44.43
43.60
43.72
43.46
43.73
44.18
44.11
44.29
44.20
44.10
44.05
44.39
44.20
44.13
43.70
44.17
43.92
43.92
43.75
44.25
44.22
43.79
44.17
44.24
44.44
44.41
44.25
44.18
44.58
45.15
44.27
44.51
44.43
44.44
44.72
45.03
44.72
44.84
44.56
43.94
44.77
44.80
44.68
44.06
44.56
44.75
44.67
44.51
44.46
44.82
44.80
45.31
45.75
45.31
45.15
45.37
45.60
45.39
45.48
46.06
45.63
46.03
46.10
46.74
46.27
46.20
46.19
46.53
45.91
46.17
46.36
46.20
46.36
46.03
46.22
46.32
46.44
46.36
47.01
47.29
47.34
47.13
46.86
47.26
46.89
47.00
46.93
46.95
46.60
47.31
47.36
46.91
47.13
47.15
47.08
47.03
46.98
46.34
46.36
46.79
46.44
46.74
45.39
45.53
45.41
45.32
45.51
45.55
45.84
46.00
45.77
45.74
45.39
45.27
45.08
45.10
45.31
45.82
45.89
46.38
46.34
46.51
46.60
46.50
46.82
46.34
46.98
47.03
46.57
46.15
46.36
46.29
46.25
46.10
46.39
47.05
46.55
46.27
46.27
45.81
46.58
46.48
45.98
46.06
46.34
46.12
45.98
46.05
46.19
46.41
46.39
46.65
46.69
46.72
46.88
46.81
47.07
47.43
47.38
47.51
47.57
47.36
47.79
47.81
47.77
47.88
47.74
47.77
47.74
47.55
47.60
47.19
46.77
46.55
46.89
46.57
46.13
46.69
46.77
46.74
47.07
47.41
47.41
46.74
47.31
47.38
47.69
47.22
46.74
47.17
47.24
47.15
47.39
47.72
48.03
47.64
46.98
46.93
47.15
47.62
47.34
47.51
47.76
47.84
47.86
47.89
48.02
48.02
48.24
48.36
48.12
47.62
47.64
47.69
48.07
48.33
47.95
48.14
47.64
47.86
47.96
47.77
47.72
48.72
48.62
48.76
48.53
48.71
48.77
48.24
48.58
48.43
48.34
48.64
48.46
48.67
48.41
48.29
48.17
48.07
48.58
48.64
48.84
48.53
48.62
49.14
48.76
48.46
48.36
48.46
48.62
48.36
48.26
47.79
48.39
48.62
48.26
47.91
48.84
48.52
48.36
48.36
48.29
48.27
48.05
48.26
47.95
48.03
47.89
47.83
47.39
47.34
47.58
47.08
46.88
46.76
47.15
46.86
46.48
46.32
46.63
46.67
46.63
47.39
47.53
47.38
47.67
47.48
47.36
47.79
47.91
47.45
47.96
47.36
47.48
47.84
47.93
47.67
47.69
47.57
47.79
47.65
47.58
47.77
47.69
47.58
47.65
47.84
47.88
47.89
47.96
47.96
47.98
48.22
48.60
48.72
48.64
48.07
48.27
48.79
49.14
49.43
49.07
48.05
48.15
47.91
48.34
48.38
48.50
48.65
48.48
48.64
47.65
47.86
47.98
48.19
47.95
48.38
48.43
48.38
48.60
48.81
48.00
48.39
48.17
48.05
48.19
48.43
48.69
48.64
48.64
48.91
49.00
48.98
48.98
48.95
49.10
48.84
49.10
48.90
48.74
48.64
48.69
49.05
49.05
49.05
48.93
48.81
48.64
49.02
49.48
49.41
49.12
49.07
48.86
48.86
48.79
49.19
48.76
49.03
49.34
49.29
49.57
48.98
50.07
49.67
49.86
50.26
50.21
50.14
50.36
50.40
50.31
50.36
50.35
49.95
50.21
49.83
50.00
49.64
50.00
49.71
49.72
50.00
49.97
50.24
49.69
50.17
50.26
50.36
50.21
50.60
50.38
50.19
50.35
50.33
50.16
50.36
50.17
49.67
49.19
49.00
48.90
48.83
49.12
49.34
49.17
48.98
49.50
49.81
49.84
49.90
49.97
49.57
49.60
49.53
49.72
50.28
50.41
50.14
50.60
50.74
50.67
50.93
50.74
50.55
50.43
50.33
50.64
50.71
50.43
50.09
49.62
49.59
49.74
49.93
50.16
50.19
50.28
50.16
49.97
50.21
50.41
49.78
49.67
49.15
49.26
49.33
49.40
48.60
48.96
49.26
49.21
49.50
49.65
49.41
49.53
49.62
49.98
50.09
50.07
50.16
49.98
50.05
50.35
50.19
50.31
50.50
49.95
50.12
50.16
50.14
50.36
50.09
50.50
50.57
50.60
50.66
51.09
51.17
51.33
51.29
51.54
51.64
51.35
50.76
51.24
51.14
50.88
51.04
50.81
50.72
50.85
50.17
50.74
50.85
50.98
50.41
50.67
50.55
50.40
50.57
50.85
50.60
50.83
50.67
50.45
49.97
50.12
50.09
50.14
50.28
50.81
50.60
50.45
50.22
50.43
50.22
50.35
50.57
50.54
50.76
50.71
51.02
51.09
50.52
50.48
50.35
50.36
50.74
50.52
50.29
50.54
50.67
50.91
50.93
50.98
51.02
50.88
51.07
51.04
50.72
50.72
50.41
50.57
50.66
50.97
50.86
50.72
50.57
50.31
50.76
50.66
51.04
50.86
50.85
50.78
50.45
50.59
50.90
50.83
50.91
50.71
50.95
51.31
51.48
51.02
51.47
51.90
51.79
51.69
51.69
51.81
51.83
51.79
51.88
51.47
51.88
51.83
51.78
51.31
51.61
51.50
51.61
51.31
51.26
51.66
51.98
51.59
51.38
51.45
51.73
51.62
51.81
52.30
52.28
51.92
51.93
51.78
51.57
51.42
51.61
51.28
51.29
51.09
51.07
51.26
51.09
50.88
51.09
51.00
51.35
51.19
51.36
51.55
51.74
51.10
50.85
50.98
50.54
50.98
50.81
50.81
51.50
51.55
51.57
51.23
51.23
51.19
51.24
51.29
51.21
50.91
51.16
50.97
50.91
51.23
51.17
50.85
50.95
50.95
50.93
50.78
50.81
51.00
50.71
50.64
50.67
50.50
50.97
50.67
51.04
51.02
51.19
51.19
51.23
51.19
51.24
50.98
50.90
50.93
51.00
51.24
51.05
51.52
51.28
51.71
51.66
51.95
51.79
51.42
51.28
51.19
51.43
51.28
51.14
50.97
51.09
50.95
50.95
51.07
50.78
50.78
50.52
50.74
51.12
51.07
51.05
50.67
50.98
50.81
51.35
51.52
51.93
51.45
51.36
51.29
51.26
51.86
51.45
51.43
51.48
51.88
51.66
51.61
51.59
51.69
51.14
50.91
51.16
51.48
50.90
51.04
51.29
50.91
50.43
50.45
50.50
50.88
50.85
50.59
50.86
51.07
50.97
51.09
51.12
51.16
51.04
50.91
50.90
51.40
51.23
51.00
51.10
51.62
52.05
51.86
51.97
51.59
51.48
51.48
51.76
52.04
52.12
51.90
52.12
52.21
51.81
51.93
52.17
52.14
51.92
51.76
51.69
51.59
51.69
52.19
51.73
51.86
51.59
51.42
51.50
51.90
51.42
51.48
51.59
51.92
52.11
51.74
51.86
51.71
51.81
52.04
52.38
52.17
51.98
52.23
52.05
52.45
52.40
52.19
52.21
52.07
52.19
52.19
52.31
52.30
52.47
52.40
52.42
52.26
52.23
52.54
52.11
51.81
51.98
52.05
52.04
52.02
51.88
51.78
51.62
51.64
51.90
52.00
51.92
51.59
51.38
51.76
51.93
51.71
51.43
51.26
51.00
51.73
51.79
52.35
52.21
52.28
52.14
51.93
51.90
52.62
52.35
52.26
52.68
52.59
52.31
52.50
52.35
52.36
52.35
52.73
52.45
52.54
52.62
52.80
52.83
53.04
53.02
52.40
52.30
51.98
51.98
52.05
52.55
51.66
52.02
51.79
52.19
52.23
52.07
52.02
52.05
51.88
52.00
52.52
52.64
52.74
53.00
53.40
53.56
53.09
52.87
53.16
52.68
52.42
52.83
52.81
52.85
52.92
52.49
52.07
52.40
51.97
52.14
52.30
52.24
52.36
52.62
52.74
52.61
52.64
52.50
52.31
52.19
52.42
52.40
52.52
52.76
52.47
52.42
52.23
52.59
52.59
52.36
52.42
52.71
52.78
52.49
52.81
52.61
52.28
52.30
52.23
52.30
51.73
52.14
52.49
52.71
52.52
52.85
53.05
52.50
52.62
52.50
52.59
52.16
52.61
52.85
52.59
52.55
52.59
52.78
52.97
53.09
53.09
52.80
52.81
52.74
52.54
52.31
52.40
52.16
52.59
52.83
52.07
52.59
52.59
52.49
52.35
51.95
52.38
52.42
52.26
52.59
52.38
52.36
52.47
52.80
52.81
52.73
52.74
52.61
52.54
52.50
52.66
52.59
52.73
52.71
53.00
53.21
53.07
52.14
52.23
52.85
52.93
52.81
53.05
53.00
53.33
53.26
52.90
53.12
52.64
52.19
52.11
52.05
52.55
52.50
52.42
52.68
52.42
52.66
52.78
52.78
52.92
53.19
53.05
52.80
52.87
52.85
53.14
53.04
52.95
52.88
52.99
52.74
52.64
52.62
52.62
52.74
53.02
53.16
53.52
53.37
54.19
54.25
54.00
54.14
53.94
53.35
53.31
53.19
53.69
53.80
53.73
53.90
52.92
53.47
53.43
53.28
52.81
53.16
53.64
53.31
53.69
53.33
53.54
53.64
53.40
53.85
53.97
54.14
54.07
53.90
53.99
54.06
54.26
54.57
54.45
53.97
53.87
54.25
53.97
54.00
53.73
53.26
53.61
53.42
53.45
53.49
53.38
53.04
53.05
52.92
53.37
53.28
53.35
53.23
53.47
53.57
53.50
53.75
54.00
54.11
53.61
53.64
53.50
53.57
53.56
53.30
53.07
53.35
53.37
53.52
53.45
53.52
53.40
53.47
53.50
53.47
53.47
53.54
54.09
54.14
53.57
53.78
54.12
53.56
53.83
53.85
53.54
53.61
53.71
53.76
54.45
54.26
54.33
54.37
54.23
54.44
54.30
54.11
54.07
54.42
54.49
54.06
54.12
54.66
54.64
54.71
54.64
54.95
54.45
53.94
54.14
54.06
54.35
54.16
54.42
54.47
54.52
54.71
54.69
54.94
55.07
54.87
54.71
54.83
54.63
54.54
54.88
54.69
54.71
54.56
54.63
54.63
54.88
54.54
54.64
54.56
54.33
54.12
53.97
54.47
54.45
54.44
54.00
54.09
54.28
54.47
54.49
54.42
54.23
53.90
53.47
53.95
53.92
53.90
54.52
54.42
54.68
54.64
54.49
54.33
54.40
54.73
54.30
53.87
53.88
53.57
53.62
53.78
53.95
54.23
54.04
54.28
54.33
54.21
54.33
54.00
54.35
54.68
54.63
54.21
54.23
54.52
54.31
54.45
54.37
54.68
54.88
54.92
54.75
54.69
54.68
54.82
54.92
54.83
54.54
54.76
54.99
55.04
55.32
55.23
55.30
55.11
54.88
54.76
54.68
54.66
54.85
54.94
55.13
55.32
55.04
54.97
54.73
54.87
54.78
54.50
54.25
54.50
54.54
54.83
54.50
54.52
54.64
54.57
54.80
54.85
54.47
54.90
54.90
54.90
55.01
54.97
55.13
55.16
54.73
54.71
54.63
54.75
54.50
54.75
54.63
55.16
54.92
54.87
54.63
54.42
54.52
54.42
54.61
54.61
54.97
54.99
55.30
54.90
54.78
54.76
54.95
54.94
54.80
55.04
55.42
55.32
55.20
55.01
55.01
54.68
54.88
54.68
54.94
55.26
55.13
54.73
54.99
55.14
54.94
54.90
54.75
55.09
55.07
55.04
54.49
54.31
54.14
54.45
54.68
54.66
54.66
54.69
54.56
54.11
54.35
54.06
54.07
54.00
54.33
54.00
54.23
53.88
53.59
53.16
53.90
53.62
53.21
53.43
53.35
53.68
53.69
53.76
53.59
53.30
53.56
53.47
53.59
53.66
53.92
53.80
53.76
53.66
53.49
53.99
53.90
53.85
53.66
53.83
53.97
54.23
54.26
54.33
54.23
54.23
54.16
53.88
54.25
54.56
54.54
54.26
54.21
54.33
54.23
54.38
54.31
54.00
54.04
53.87
53.76
53.90
54.21
54.37
53.99
54.38
54.19
54.30
54.88
54.80
54.88
54.85
54.31
53.71
53.49
53.76
54.02
53.80
54.30
54.33
54.09
54.11
54.38
54.33
54.57
54.47
54.09
54.07
54.23
54.47
54.35
54.82
54.54
54.68
54.88
54.75
54.80
54.85
54.37
54.14
54.30
54.35
54.26
54.38
54.73
54.80
54.82
54.83
54.66
54.92
55.16
55.16
55.11
54.87
54.88
54.68
55.13
54.40
54.18
54.25
54.38
54.38
54.45
54.88
54.95
54.69
54.44
54.42
54.56
54.37
54.04
54.02
54.09
54.00
53.97
54.06
53.83
53.69
53.76
53.80
54.19
54.19
54.28
54.25
54.44
54.31
54.18
54.45
54.52
54.52
54.59
55.16
54.90
55.16
55.14
55.16
55.21
55.09
55.01
55.04
55.02
55.13
55.23
55.16
55.23
54.69
54.90
54.57
54.57
54.83
54.76
55.01
54.97
55.11
55.49
55.37
55.35
55.25
55.25
55.54
55.83
55.87
55.76
55.87
55.83
55.87
55.76
55.78
56.32
55.89
55.82
56.01
55.89
56.18
56.08
55.97
55.63
55.70
55.64
55.78
56.04
56.18
55.85
55.97
55.97
55.85
55.59
55.35
55.49
55.57
55.49
55.59
55.45
55.45
55.76
55.89
55.47
55.52
55.61
55.44
55.28
55.66
55.40
55.35
55.16
55.37
55.28
55.30
55.13
54.92
55.06
54.97
55.42
55.57
55.70
55.63
55.73
55.71
55.66
55.64
55.61
54.97
55.11
55.76
55.11
55.35
55.59
55.25
55.28
55.42
55.78
56.13
55.64
55.42
55.21
55.33
55.42
55.33
55.44
55.61
55.56
55.32
55.49
55.94
55.87
54.87
55.06
55.11
55.32
55.64
55.21
55.16
55.23
55.21
55.06
54.97
55.20
54.68
54.87
55.20
55.26
55.35
55.04
55.01
55.04
55.06
55.56
55.61
55.38
55.13
55.33
55.63
55.54
55.59
55.44
55.66
55.51
55.37
55.52
55.56
55.64
55.11
55.44
55.38
55.56
55.71
55.71
55.82
55.78
55.97
56.37
55.89
55.70
55.52
55.64
55.87
56.08
56.25
55.89
55.83
56.01
55.80
55.83
55.45
55.30
55.30
55.51
55.75
55.35
55.44
55.52
55.82
55.89
55.56
55.38
55.47
55.63
55.59
55.68
55.56
55.59
55.64
55.66
55.57
55.59
55.68
55.28
55.82
55.99
56.08
56.01
55.73
55.64
55.59
55.87
55.89
55.75
55.82
55.80
55.80
55.61
55.56
55.63
55.92
55.94
55.64
56.01
55.92
55.59
55.71
55.13
55.35
55.51
55.44
55.75
55.82
55.63
55.49
55.44
55.45
55.49
55.42
55.45
55.44
55.49
55.85
55.68
55.83
55.94
55.76
55.97
56.20
56.25
56.33
56.16
55.99
56.02
56.11
55.89
55.92
55.57
55.75
56.01
56.02
55.83
56.14
55.75
55.71
55.40
55.54
55.85
55.89
56.01
55.87
56.08
56.23
55.87
55.83
55.94
56.08
56.08
55.83
55.73
55.73
55.64
55.47
55.35
55.45
55.63
55.63
55.82
56.09
55.87
56.04
55.56
55.57
55.63
55.68
55.54
55.70
55.32
55.33
55.51
55.61
55.83
55.44
54.88
56.01
55.59
55.57
56.02
55.99
56.09
56.08
56.51
56.39
56.08
56.39
56.20
56.44
56.49
56.33
56.52
56.39
56.39
56.49
56.68
56.59
56.21
56.11
55.97
56.02
56.01
55.90
55.97
56.18
56.30
56.01
55.99
55.63
56.06
56.02
56.06
55.94
56.04
55.87
55.64
55.85
55.90
55.89
56.08
56.37
56.23
56.73
56.49
56.27
56.51
56.02
55.89
55.71
55.35
55.80
56.04
55.87
55.97
56.27
56.25
56.16
55.85
55.78
55.44
55.51
55.06
55.37
55.16
55.11
55.49
55.75
55.70
55.32
55.35
55.49
55.18
55.42
55.63
55.78
55.61
55.42
55.64
55.28
55.52
56.01
55.85
55.80
55.89
55.85
56.01
55.76
55.56
55.78
55.70
56.06
56.20
56.14
56.21
56.42
56.32
55.94
55.78
55.45
55.68
55.70
55.75
55.70
55.56
55.45
55.51
55.44
55.57
55.71
55.83
55.68
55.71
55.54
55.57
55.85
55.95
56.04
56.11
56.13
55.92
56.30
56.40
56.44
56.27
56.32
55.49
55.90
56.14
56.11
55.89
56.02
56.18
55.64
55.44
55.26
55.42
55.64
55.56
55.49
55.37
55.26
55.80
55.57
54.95
54.73
55.02
55.26
55.51
55.70
55.63
55.57
55.94
55.66
55.80
55.63
55.82
56.08
56.04
56.09
56.09
56.14
56.33
56.42
56.14
55.82
56.20
56.02
56.30
56.20
56.04
56.02
56.02
55.97
55.56
55.28
55.57
55.70
55.71
55.64
55.83
55.45
55.30
55.30
55.33
55.23
55.47
55.59
55.66
55.47
55.54
55.73
56.02
55.83
55.89
56.09
56.30
56.33
56.35
56.59
56.27
56.16
56.14
56.08
55.85
55.49
55.57
55.90
56.01
55.92
55.75
55.66
55.89
56.02
55.85
56.09
55.90
55.49
55.23
55.28
55.54
55.45
55.25
55.37
55.23
55.42
55.95
55.78
55.97
56.02
56.02
56.20
56.44
56.35
56.06
56.11
56.37
56.42
56.25
56.16
56.28
56.42
56.51
56.37
56.40
56.25
56.13
56.42
56.11
56.21
56.16
56.27
56.16
56.28
56.25
56.20
56.04
56.13
56.28
56.14
56.73
56.71
56.44
56.37
56.78
57.15
57.16
56.87
56.56
56.39
56.42
56.09
56.13
55.95
55.85
55.97
56.11
56.18
56.21
56.27
56.20
55.97
55.94
56.08
56.25
56.58
56.14
56.32
56.06
56.01
55.89
55.97
55.76
55.80
55.83
55.71
55.66
55.64
56.08
56.14
56.45
56.52
56.61
56.70
56.27
56.11
56.28
56.44
56.30
56.16
56.14
56.27
55.76
55.61
55.89
56.13
55.92
55.64
55.61
55.42
55.85
55.87
55.73
55.78
55.83
55.76
55.45
55.66
55.63
55.90
55.70
55.87
55.83
55.75
55.61
55.82
55.82
55.75
55.35
55.57
55.64
56.04
56.18
56.11
56.18
56.16
56.40
56.68
56.58
56.66
56.80
56.78
56.56
56.33
55.95
56.51
56.37
56.32
56.82
56.54
56.77
56.49
56.28
55.76
56.25
56.27
56.28
56.21
56.37
56.51
56.66
56.52
56.75
56.59
56.35
56.44
56.56
56.92
56.94
56.82
56.78
56.32
56.82
56.44
56.68
56.58
56.42
56.45
56.56
56.59
56.39
56.56
56.25
55.92
56.16
56.16
56.09
55.90
55.85
55.94
56.21
56.71
56.63
56.56
56.23
56.28
56.21
56.44
56.54
56.56
56.28
56.52
56.47
56.40
56.45
56.16
55.85
55.78
55.73
56.25
56.23
56.18
55.80
56.01
55.61
55.70
55.70
55.73
55.83
55.59
55.40
55.63
55.63
55.63
55.57
56.16
55.85
55.85
55.73
55.92
55.94
55.90
56.02
55.85
56.18
56.18
56.06
56.20
56.33
56.35
56.09
56.16
56.20
56.37
56.39
56.39
56.58
56.73
56.94
56.85
57.04
56.96
55.99
56.11
56.23
56.56
55.94
56.02
56.52
56.56
56.44
56.37
56.70
56.73
56.80
56.66
56.66
56.52
56.44
56.61
56.99
56.92
56.90
56.70
56.97
56.71
56.63
56.61
56.59
56.09
56.21
56.33
56.18
56.37
56.45
56.45
56.73
57.09
56.94
56.96
57.11
56.85
56.66
56.97
57.16
56.63
56.21
56.27
56.16
56.27
56.51
56.23
56.28
55.90
56.16
56.20
56.20
56.42
56.21
56.35
56.45
56.47
56.52
56.56
56.49
56.28
56.64
56.73
56.47
56.45
55.90
55.76
56.02
55.64
55.30
55.25
55.47
55.92
55.97
55.73
55.68
55.73
55.83
55.30
55.51
55.68
55.59
55.51
56.01
55.76
55.49
55.82
55.76
55.83
55.64
56.09
56.02
56.13
56.21
56.14
56.52
56.66
56.64
56.45
56.45
56.49
56.82
56.78
56.64
56.35
56.33
56.64
56.52
56.54
56.18
56.47
56.45
56.52
56.99
56.83
56.70
56.58
56.71
56.75
56.85
56.75
57.02
56.90
56.83
57.01
57.25
57.27
57.30
57.25
57.28
57.21
57.40
57.68
57.51
57.47
57.27
57.47
57.35
57.25
57.32
57.18
57.28
57.49
57.44
57.23
57.15
57.27
56.89
57.02
56.94
56.51
56.52
56.61
56.16
56.04
56.77
56.78
56.21
56.30
56.64
56.77
56.71
56.90
56.92
56.85
56.97
56.80
56.80
56.63
56.90
56.99
57.04
56.97
57.11
56.73
56.78
57.16
57.21
57.15
57.20
57.30
57.42
57.11
56.92
57.37
57.51
57.25
57.01
57.16
56.87
56.90
56.75
56.21
56.47
56.32
56.04
56.16
56.20
56.04
56.56
56.52
56.33
56.68
56.80
56.63
56.80
56.63
56.82
56.82
56.73
57.09
57.59
57.53
57.61
57.51
57.68
57.66
57.34
57.40
57.47
57.44
57.90
57.44
57.37
57.61
57.75
57.63
57.61
57.59
57.59
57.61
57.73
57.53
57.44
57.40
57.39
56.97
56.63
56.39
56.40
56.61
57.11
57.15
57.42
57.65
57.58
57.70
57.56
57.23
57.20
57.23
57.11
56.94
57.01
56.92
57.25
57.32
57.47
57.49
57.40
57.49
57.16
57.09
57.01
56.97
57.08
56.44
56.68
57.08
57.32
57.23
57.53
57.08
57.39
57.39
57.37
57.02
56.71
56.89
56.73
56.92
57.09
57.02
56.78
57.02
57.21
57.23
57.40
57.35
57.58
57.85
57.75
57.77
57.73
57.78
57.47
57.56
57.82
58.11
57.94
57.97
57.94
58.01
58.08
58.13
58.09
58.18
57.63
57.44
57.51
57.63
57.78
57.37
57.99
57.96
58.11
58.32
58.27
58.28
57.71
57.58
57.75
57.90
57.85
57.78
57.42
57.44
57.58
57.49
57.70
57.70
57.77
57.61
57.63
57.35
57.34
57.39
57.54
57.58
57.78
57.94
58.15
58.20
58.01
58.04
57.99
57.84
57.90
58.06
58.32
58.04
58.61
58.46
58.13
57.96
57.94
58.08
58.01
57.87
57.37
57.11
57.46
57.39
57.61
57.53
57.75
57.84
57.80
57.73
57.78
57.89
57.92
57.78
57.53
57.46
57.54
57.66
57.87
58.16
57.99
57.87
57.85
57.73
57.78
57.80
58.04
57.87
57.82
57.89
57.71
57.92
57.65
57.71
57.85
57.84
57.68
57.54
57.77
57.96
57.78
57.65
57.80
57.90
58.03
57.47
57.56
57.53
57.37
57.59
57.73
57.68
57.75
58.06
57.89
58.06
58.09
58.16
58.30
58.27
58.28
58.15
58.22
58.04
58.15
58.27
58.42
58.32
57.92
57.66
57.71
57.84
57.75
57.70
58.09
58.09
57.90
57.49
57.85
58.09
58.18
58.35
58.11
58.15
58.25
58.08
57.96
57.78
57.53
57.71
57.73
57.77
57.65
57.82
57.34
57.47
57.42
57.34
57.37
57.40
57.66
57.66
57.51
57.56
57.53
57.75
57.92
58.01
58.23
58.28
57.85
57.87
57.75
57.89
58.25
58.37
58.41
58.39
58.60
58.82
58.77
58.78
58.51
58.73
58.72
58.73
58.66
58.70
58.73
58.15
58.32
58.72
58.54
58.96
58.72
58.56
58.47
58.78
58.70
58.11
58.35
58.41
58.22
58.27
58.41
57.84
58.42
58.09
58.34
58.35
58.03
57.85
57.94
57.89
57.92
58.15
57.70
57.40
57.71
57.80
57.96
57.85
57.59
57.78
57.77
57.85
57.77
57.92
57.87
58.11
58.01
58.28
58.23
58.09
58.32
58.37
58.61
58.60
58.27
58.53
58.01
58.32
58.27
58.04
57.59
57.96
57.90
57.68
57.16
57.08
57.18
57.54
57.23
57.20
57.27
57.20
57.21
57.34
57.68
57.58
57.44
57.25
57.21
57.18
57.09
57.08
57.09
57.02
57.01
56.70
57.21
57.42
57.56
57.65
57.63
57.85
57.78
58.13
57.85
57.65
56.97
56.49
56.54
56.92
57.08
57.16
57.32
57.51
57.56
57.49
57.73
57.58
57.70
57.84
57.80
57.70
57.30
57.09
57.58
57.99
58.18
57.94
57.80
57.53
57.73
57.59
57.87
57.85
58.15
57.96
57.92
57.84
57.66
57.73
57.46
57.53
57.30
57.53
57.85
58.06
57.92
58.08
58.22
58.34
58.54
58.46
58.27
58.39
58.47
58.53
58.47
58.82
58.87
59.08
58.78
58.78
58.97
59.03
58.85
58.65
58.56
58.53
58.73
58.72
58.84
58.61
58.56
58.66
58.77
58.56
58.78
58.77
59.08
59.15
58.75
58.89
58.75
58.65
58.70
59.15
58.80
58.61
58.60
58.72
58.51
58.41
58.42
58.53
58.30
58.41
58.42
58.42
58.78
58.66
58.91
58.96
58.37
58.42
58.56
58.89
58.60
58.46
58.25
58.08
58.22
58.41
58.34
58.01
57.54
57.53
57.90
57.92
57.94
57.63
57.80
57.92
57.87
58.04
58.03
58.13
58.06
57.90
57.97
57.99
58.23
58.30
58.22
58.44
58.60
58.60
58.78
58.66
58.65
58.46
58.41
58.37
58.61
58.47
58.63
58.44
58.70
58.96
59.16
58.94
59.16
58.85
58.63
58.68
58.82
58.54
58.97
58.94
59.15
59.08
59.03
59.34
59.04
58.73
58.78
58.65
58.54
59.13
58.77
58.66
58.82
59.06
58.99
58.73
58.66
58.87
58.85
58.84
59.04
59.13
58.85
58.87
58.49
58.47
58.80
58.75
58.97
58.68
58.68
58.58
58.61
58.41
58.34
58.58
58.41
58.49
58.58
58.65
58.27
58.25
57.89
57.73
57.63
57.42
57.77
57.82
57.71
57.92
58.13
57.96
58.01
58.08
57.92
58.04
58.34
58.32
58.32
57.96
57.94
57.92
57.70
57.78
58.16
58.09
58.15
58.25
58.28
58.04
57.58
57.84
57.89
57.75
58.03
58.15
58.25
58.25
58.49
58.66
58.60
57.90
57.85
57.71
57.66
57.78
57.94
58.16
58.23
58.16
58.20
58.11
58.34
58.15
58.28
57.68
57.54
57.70
57.68
57.90
57.89
58.03
57.70
58.22
58.35
58.46
58.44
58.20
57.90
57.90
57.65
57.73
57.75
57.35
57.46
57.68
57.77
57.77
57.96
58.30
58.04
57.96
58.09
58.01
57.78
57.87
57.90
57.96
58.37
57.89
57.92
58.22
58.18
58.16
58.15
57.82
57.89
57.71
57.71
57.97
58.08
58.20
58.18
58.20
57.99
57.49
57.61
57.80
57.97
57.90
58.04
58.15
58.41
58.32
58.27
58.37
58.58
58.47
58.30
58.32
58.35
58.18
57.87
57.84
57.73
58.01
57.87
57.99
57.96
58.03
57.97
57.63
57.99
58.23
58.44
58.49
58.44
58.44
58.39
58.16
57.96
58.34
58.42
58.58
58.08
58.28
58.32
58.35
58.37
58.04
58.04
58.15
58.39
58.22
58.20
58.18
58.13
58.49
58.60
58.41
58.20
58.49
58.46
58.63
58.41
58.37
58.44
58.39
58.16
57.78
57.75
58.16
58.30
58.09
57.94
57.87
58.16
58.34
58.25
58.46
58.54
58.49
58.35
58.20
58.15
58.22
58.22
58.28
58.23
58.39
58.97
58.99
59.32
59.18
58.96
59.06
59.11
59.13
58.89
58.92
58.96
58.41
59.11
59.08
58.82
58.87
59.01
59.22
59.29
59.03
59.13
59.04
59.08
59.03
58.96
59.10
59.30
59.42
59.41
59.49
59.22
59.01
59.03
58.73
58.75
58.39
58.01
58.22
58.49
58.34
58.13
58.11
58.34
58.49
58.70
58.73
58.65
58.70
58.97
58.80
58.75
58.60
58.78
58.87
58.77
59.18
59.25
59.06
58.94
59.32
59.46
59.53
59.48
59.42
59.27
59.37
59.46
59.23
59.20
59.08
59.15
59.39
59.22
59.06
59.30
59.41
59.18
59.08
59.29
59.11
59.32
59.13
59.61
59.37
59.27
59.42
59.46
59.11
58.96
59.35
59.10
59.32
59.35
59.30
59.06
59.01
58.75
58.72
58.78
58.97
59.23
59.23
58.82
59.08
59.13
58.99
59.30
59.18
59.16
59.20
59.35
59.03
58.68
58.91
58.84
58.92
58.80
58.80
58.58
58.63
58.99
59.03
59.23
58.97
58.89
58.49
58.54
58.84
58.89
59.11
58.66
58.58
58.53
58.42
58.41
58.32
58.68
58.63
58.77
58.58
58.70
58.78
58.66
58.70
58.99
59.11
59.22
59.30
58.85
58.97
58.89
58.84
58.54
58.73
58.28
58.18
58.25
58.49
58.56
58.18
58.44
58.15
58.44
58.28
58.18
58.44
58.06
58.16
58.35
58.04
58.01
58.25
58.34
58.41
58.42
58.25
58.63
58.75
58.87
58.87
58.99
59.23
58.75
58.63
58.92
58.87
58.54
58.77
58.80
58.94
58.75
58.96
58.96
58.73
58.89
59.03
59.16
59.20
59.08
58.97
58.97
58.92
59.10
59.08
59.08
59.04
59.13
59.39
59.42
59.22
59.06
58.77
58.80
58.70
58.80
58.68
58.72
58.80
58.56
58.51
58.85
58.99
58.77
58.87
58.84
58.80
58.77
58.89
58.99
58.92
59.04
59.22
59.32
59.34
59.44
59.46
59.44
59.56
59.58
59.63
59.39
59.27
59.37
58.97
59.15
59.29
59.44
59.41
59.29
58.97
59.16
58.61
58.34
58.23
58.51
58.66
58.92
58.96
59.18
59.23
58.63
58.54
58.65
58.56
58.84
58.92
59.08
58.85
58.94
58.96
59.03
59.15
58.84
58.92
59.23
59.25
59.35
59.20
58.96
58.94
59.13
59.04
59.25
59.08
59.27
59.25
59.16
59.29
59.30
59.25
59.58
59.72
59.80
59.94
59.75
59.56
59.42
59.44
59.35
59.46
59.39
59.63
59.58
59.41
59.44
59.60
59.10
59.11
59.42
59.56
59.92
59.70
59.54
59.99
60.04
59.92
59.82
59.53
59.48
59.79
59.80
59.68
59.51
59.29
59.67
59.30
59.23
59.22
59.08
59.49
59.48
59.20
59.60
59.61
59.70
59.65
59.84
59.68
59.86
59.80
60.13
59.94
59.84
59.56
59.73
59.61
59.49
59.25
59.41
59.34
58.96
58.80
58.85
59.15
59.08
59.54
59.30
59.23
59.48
59.16
59.30
59.44
59.27
59.53
59.34
59.25
59.16
59.32
59.61
59.87
59.80
59.56
59.44
59.34
59.30
59.41
59.41
59.32
59.29
59.18
59.01
59.25
58.99
58.70
58.42
58.28
58.56
58.72
58.85
58.60
58.53
58.82
58.66
58.78
58.96
58.91
59.10
58.94
58.85
58.68
58.87
58.89
58.99
59.03
58.85
58.89
59.20
59.73
59.87
59.72
59.60
59.53
59.27
59.46
59.32
59.23
59.39
59.42
59.73
59.56
59.29
59.16
59.41
59.35
59.72
59.72
59.53
59.39
59.54
59.65
59.49
59.61
59.35
59.49
59.48
59.54
59.58
59.67
59.54
59.46
59.58
59.67
59.77
59.60
59.72
59.42
59.63
59.82
59.61
59.32
59.46
59.20
59.54
59.68
59.58
58.80
58.72
58.87
59.20
59.51
59.49
59.41
59.39
59.53
59.60
59.42
59.18
59.10
59.18
59.11
59.06
59.16
59.46
59.44
59.35
59.35
59.10
59.01
59.34
59.22
59.08
59.32
59.30
59.22
58.73
58.97
58.91
58.32
58.46
58.68
58.16
58.44
59.01
58.92
58.80
59.01
59.13
59.08
59.06
58.97
59.04
59.03
59.20
59.20
58.89
58.66
58.84
58.80
58.16
58.54
58.66
58.61
58.56
58.34
58.56
58.87
58.92
58.65
58.99
59.15
59.11
59.15
58.46
58.56
58.84
59.22
59.10
59.23
59.32
59.68
59.49
59.48
59.13
59.65
59.63
59.99
59.94
59.86
60.01
60.11
60.04
60.30
60.06
60.06
59.98
59.84
59.77
60.01
59.67
59.77
59.80
59.53
59.63
59.84
59.77
59.91
60.08
60.22
59.96
59.92
60.04
60.03
60.15
59.92
60.11
60.10
60.13
60.06
59.70
59.44
59.20
59.37
59.60
59.54
59.96
60.20
60.08
59.63
59.56
59.72
59.72
59.67
59.63
59.80
59.84
60.03
60.06
59.94
59.54
59.58
59.49
59.42
59.63
59.48
59.58
59.67
59.58
60.08
59.79
59.79
59.68
59.96
59.65
59.67
59.73
59.75
59.54
59.79
59.73
59.92
59.91
59.92
59.80
59.94
59.49
59.68
59.77
59.89
59.99
59.70
59.96
59.92
59.73
59.96
59.67
59.70
59.72
59.73
59.70
59.48
59.51
59.58
59.53
59.48
59.29
58.99
59.60
59.63
59.56
59.70
59.51
59.58
59.42
59.46
59.65
59.22
58.92
59.08
59.30
59.10
59.06
59.29
59.16
59.32
59.30
59.08
59.37
59.27
59.39
59.30
59.63
59.46
59.61
59.63
59.67
59.79
59.72
59.65
59.41
59.32
59.32
59.23
59.65
59.53
59.67
59.53
59.37
59.32
59.23
59.56
59.65
59.42
59.30
59.44
59.54
59.65
59.41
59.49
59.63
59.80
59.18
59.51
59.54
59.67
59.96
59.94
59.89
59.75
60.01
59.73
59.77
59.61
59.73
59.84
59.87
59.77
59.65
59.84
59.73
59.63
59.53
59.56
59.61
59.41
59.44
59.34
59.87
59.89
59.82
59.77
59.80
60.01
59.67
59.75
59.58
59.72
59.82
59.84
59.92
59.61
59.75
59.56
59.70
59.65
59.84
59.99
59.96
59.68
59.41
59.60
59.25
59.39
59.63
59.67
59.61
59.70
59.96
59.75
59.72
59.80
59.84
59.86
59.53
59.15
59.63
59.72
59.72
59.73
59.51
59.35
59.32
59.44
58.94
58.84
59.18
59.32
59.29
59.42
59.48
59.80
59.86
59.73
59.72
59.77
59.44
59.41
59.56
59.56
59.53
59.41
59.35
59.44
59.34
59.53
59.25
59.27
59.44
59.58
59.53
59.22
59.27
59.41
59.18
59.08
59.25
59.13
59.08
59.13
59.11
59.13
59.13
59.35
58.89
58.84
58.94
59.08
59.49
59.53
59.61
59.54
59.39
59.23
59.39
59.63
59.80
59.84
60.13
60.15
59.80
59.60
59.49
59.46
59.60
59.44
59.23
59.25
59.25
59.29
59.34
59.25
59.15
58.96
59.04
59.25
59.53
59.44
59.37
59.06
59.23
59.32
59.18
58.82
58.78
59.18
58.92
59.10
59.22
59.51
59.65
59.48
59.80
59.51
59.54
59.63
59.87
59.79
59.77
59.60
59.67
59.30
59.29
59.56
59.79
59.94
59.67
59.73
59.82
59.98
59.92
59.73
59.91
59.68
59.63
59.60
59.46
59.84
60.22
60.20
59.80
59.73
59.51
59.82
59.98
59.80
59.79
59.75
59.87
59.65
59.67
59.70
60.01
59.51
59.25
59.20
59.29
59.75
59.86
60.06
59.89
60.06
59.96
59.96
60.04
60.17
60.03
59.98
59.96
59.84
59.56
59.80
59.56
59.46
59.63
59.61
59.53
59.73
59.44
59.03
58.92
59.39
59.49
59.39
59.30
59.23
59.13
59.22
59.60
59.67
59.98
59.84
59.87
59.96
59.91
60.01
60.29
59.99
59.84
59.79
59.86
60.13
60.04
59.89
60.10
59.92
59.98
59.92
59.65
59.94
59.96
59.80
59.73
60.06
60.08
59.91
59.77
59.92
59.94
60.11
60.46
60.18
59.98
59.80
59.84
59.86
59.86
60.04
59.68
59.82
59.58
60.03
59.92
59.86
60.04
59.94
60.06
60.36
60.08
60.06
59.84
59.80
60.04
59.67
59.58
59.73
59.89
60.25
60.67
60.39
60.13
60.27
60.15
59.99
59.68
59.53
59.73
59.73
59.92
59.72
59.70
59.67
59.84
59.79
59.65
59.63
59.60
59.80
59.60
59.53
59.48
59.53
59.91
59.98
60.11
60.11
60.03
60.17
60.03
60.15
59.99
60.11
60.04
60.08
60.10
59.92
60.01
59.96
59.84
59.63
59.34
59.72
59.44
59.49
59.25
59.30
59.27
59.34
59.46
59.25
59.58
59.18
59.48
60.04
60.06
60.10
60.39
60.22
60.30
60.23
60.32
60.49
60.41
60.20
60.01
59.89
59.96
60.13
60.11
60.23
60.08
60.15
60.08
59.80
59.77
60.17
60.01
59.75
59.73
59.92
59.92
59.75
59.84
59.61
59.82
59.53
59.68
59.80
59.60
59.79
59.80
59.58
59.68
59.72
59.77
59.65
59.56
59.61
59.87
59.63
59.39
59.60
59.73
59.94
59.67
59.92
59.91
59.73
59.89
59.75
59.51
59.30
59.67
59.73
59.72
59.68
59.34
59.44
58.99
58.99
59.23
58.97
59.15
58.85
59.06
59.22
59.39
59.32
59.35
59.54
59.49
59.49
59.29
59.39
59.23
59.37
59.42
59.54
59.82
59.72
59.67
59.49
59.51
59.32
59.37
59.10
59.20
59.37
59.58
59.67
59.77
59.73
59.44
59.04
59.41
59.56
59.63
59.37
59.10
59.32
59.41
59.61
59.35
59.41
59.56
59.65
59.37
59.37
59.58
59.35
59.34
59.30
59.37
59.41
59.53
59.61
59.68
60.03
59.89
59.98
59.99
59.77
59.54
59.25
59.04
59.34
59.29
59.08
59.61
59.51
59.54
59.84
59.87
59.75
59.84
59.91
59.75
59.75
59.54
59.82
59.91
59.75
59.48
59.48
59.29
59.22
59.42
59.22
59.04
59.15
59.16
59.44
59.29
59.04
58.82
58.63
59.08
59.04
59.08
58.87
58.92
58.85
59.25
59.08
59.11
59.35
59.39
59.30
59.35
59.60
59.37
59.48
59.48
59.54
59.46
59.63
59.51
59.46
59.65
59.84
59.87
60.01
60.10
59.79
59.75
59.80
59.91
59.79
59.86
59.87
59.58
59.63
59.49
59.29
59.03
59.30
59.35
59.39
59.54
59.44
59.80
59.65
59.91
59.72
59.41
60.01
60.04
60.15
59.98
60.03
59.89
59.72
59.70
59.99
60.11
59.84
60.17
60.46
60.49
60.46
60.41
60.30
60.42
60.10
59.92
59.84
60.03
60.11
60.04
59.96
60.01
60.29
60.06
59.86
59.61
59.60
59.72
59.89
59.58
59.77
59.73
59.79
59.65
59.73
59.73
59.87
59.80
59.82
59.79
59.77
59.75
59.79
59.84
59.72
59.20
