0.50
0.50
0.50
0.50
0.50
0.50
0.50
0.50
0.50
0.50
0.50
0.43
0.45
0.50
0.50
0.50
0.50
0.50
0.50
0.50
0.50
0.50
0.50
0.50
0.50
0.50
0.50
0.50
0.50
0.50
0.50
0.50
0.50
0.50
0.50
0.55
0.57
0.60
0.68
0.72
0.73
0.75
0.80
0.78
0.78
0.80
0.80
0.80
0.82
0.82
0.80
0.80
0.80
0.82
0.80
0.80
0.80
0.80
0.82
0.80
0.80
0.80
0.80
0.78
0.78
0.80
0.78
0.80
0.86
0.88
0.84
0.84
0.90
0.90
0.97
1.04
1.07
1.04
1.08
1.06
1.06
1.04
1.06
1.08
1.06
1.06
1.06
1.08
1.08
1.08
1.08
1.08
1.06
1.08
1.09
1.26
1.34
1.36
1.44
1.46
1.43
1.44
1.43
1.44
1.41
1.43
1.44
1.44
1.44
1.46
1.46
1.44
1.44
1.44
1.44
1.44
1.44
1.44
1.44
1.44
1.44
1.44
1.44
1.44
1.44
1.46
1.48
1.55
1.65
1.71
1.78
1.83
1.83
1.94
2.01
2.09
2.09
2.09
2.09
2.09
2.09
2.07
2.07
2.07
2.07
2.06
2.07
2.06
2.06
2.06
2.06
2.08
2.08
2.09
2.09
2.09
2.08
2.12
2.18
2.38
2.38
2.43
2.48
2.34
2.20
2.11
2.01
1.96
1.92
1.90
1.96
1.99
2.01
2.02
2.04
2.09
2.15
2.15
2.15
2.18
2.27
2.27
2.31
2.38
2.38
2.38
2.41
2.41
2.51
2.62
2.61
2.44
2.37
2.19
2.21
2.27
2.33
2.33
2.37
2.50
2.58
2.67
2.77
2.80
2.84
2.91
2.91
2.89
2.89
2.89
2.89
2.89
2.89
2.91
2.93
2.93
2.92
2.90
2.90
2.84
2.84
2.92
2.99
3.07
3.07
3.10
3.06
3.07
3.09
3.08
3.12
3.15
3.17
3.19
3.21
3.23
3.26
3.26
3.26
3.26
3.28
3.30
3.30
3.31
3.29
3.29
3.24
3.28
3.29
3.31
3.31
3.36
3.50
3.55
3.40
3.34
3.34
3.39
3.44
3.54
3.62
3.66
3.69
3.68
3.68
3.70
3.69
3.67
3.64
3.65
3.65
3.65
3.62
3.62
3.64
3.64
3.62
3.60
3.62
3.77
3.85
3.83
3.80
3.70
3.66
3.61
3.61
3.55
3.58
3.63
3.66
3.70
3.80
3.84
3.90
3.91
3.93
3.93
3.93
3.97
3.97
3.97
3.97
3.97
3.98
3.97
3.95
3.91
3.91
3.95
4.01
3.96
3.98
3.89
3.86
3.83
3.74
3.74
3.83
3.83
3.83
3.83
3.85
3.98
4.09
4.11
4.15
4.20
4.20
4.23
4.18
4.18
4.22
4.22
4.26
4.26
4.23
4.26
4.33
4.46
4.55
4.67
4.68
4.61
4.53
4.53
4.52
4.50
4.50
4.53
4.55
4.56
4.57
4.56
4.59
4.59
4.61
4.62
4.64
4.62
4.62
4.62
4.61
4.64
4.57
4.69
4.91
4.77
4.71
4.66
4.72
4.72
4.76
4.73
4.66
4.66
4.64
4.64
4.69
4.69
4.70
4.75
4.69
4.65
4.62
4.57
4.59
4.66
4.68
4.69
4.68
4.74
4.77
4.84
4.95
5.19
5.38
5.32
5.36
5.35
5.42
5.48
5.50
5.52
5.52
5.52
5.53
5.56
5.56
5.58
5.56
5.54
5.52
5.52
5.52
5.52
5.54
5.51
5.53
5.53
5.51
5.53
5.56
5.55
5.70
5.77
5.49
5.39
5.44
5.70
5.78
5.93
6.00
6.02
6.04
6.05
5.96
5.93
5.73
5.65
5.63
5.68
5.80
5.94
5.94
5.90
5.93
5.95
5.93
5.95
5.97
6.00
5.97
5.95
6.05
6.19
6.20
6.05
5.99
6.05
6.14
6.23
6.26
6.27
6.32
6.34
6.30
6.34
6.33
6.31
6.28
6.30
6.34
6.35
6.39
6.39
6.34
6.27
6.23
6.19
6.21
6.22
6.31
6.63
6.51
6.54
6.53
6.67
6.90
6.91
6.91
6.87
6.88
6.87
6.80
6.73
6.72
6.73
6.73
6.74
6.78
6.76
6.83
6.87
6.87
6.90
6.89
6.92
6.94
6.94
6.96
6.98
6.98
6.96
6.86
7.11
7.17
7.06
6.99
6.99
7.02
7.06
7.21
7.27
7.27
7.36
7.34
7.36
7.35
7.36
7.38
7.36
7.38
7.40
7.38
7.38
7.36
7.38
7.38
7.35
7.39
7.39
7.37
7.42
7.47
7.63
7.61
7.54
7.56
7.56
7.56
7.61
7.70
7.75
7.73
7.73
7.76
7.78
7.80
7.75
7.70
7.70
7.66
7.70
7.70
7.72
7.73
7.72
7.72
7.72
7.69
7.65
7.58
7.58
7.70
7.92
7.94
7.98
8.07
8.04
8.04
7.97
7.97
7.95
7.97
7.99
8.01
8.01
8.04
8.06
8.06
8.08
8.08
8.08
8.08
8.17
8.17
8.17
8.17
8.13
8.15
8.13
8.17
8.16
8.23
8.39
8.48
8.49
8.43
8.30
8.27
8.29
8.25
8.29
8.35
8.39
8.40
8.42
8.47
8.47
8.47
8.45
8.43
8.43
8.43
8.40
8.38
8.40
8.38
8.34
8.38
8.41
8.41
8.63
8.72
8.79
8.79
8.76
8.80
8.80
8.80
8.85
8.88
8.99
9.04
9.02
9.02
9.02
9.04
9.05
9.07
9.07
9.07
9.06
9.05
9.13
9.13
9.15
9.15
9.15
9.17
9.12
9.12
9.13
9.25
9.00
8.77
8.70
8.70
8.76
8.89
9.06
9.23
9.24
9.26
9.24
9.29
9.28
9.27
9.21
9.17
9.14
9.11
9.04
9.07
8.95
8.97
8.97
8.93
8.93
8.93
8.95
8.98
9.07
9.08
9.33
9.15
9.00
8.93
9.12
9.13
9.23
9.31
9.33
9.34
9.39
9.40
9.36
9.30
9.28
9.23
9.27
9.27
9.23
9.14
9.09
9.13
9.24
9.28
9.32
9.40
9.49
9.48
9.45
9.54
9.53
9.73
9.75
9.70
9.73
9.64
9.65
9.69
9.60
9.53
9.52
9.56
9.63
9.52
9.49
9.49
9.50
9.55
9.58
9.56
9.65
9.62
9.60
9.63
9.55
9.52
9.43
9.30
9.36
9.47
9.42
9.51
9.64
9.73
9.83
9.81
9.91
9.90
9.96
9.99
10.05
9.96
10.06
10.13
10.09
10.11
10.09
10.11
10.16
10.20
10.18
10.20
10.07
10.00
10.02
10.05
10.02
9.98
10.05
10.20
10.01
9.86
9.92
10.09
10.19
10.26
10.30
10.31
10.36
10.27
10.18
9.99
10.00
10.01
10.21
10.36
10.38
10.38
10.37
10.42
10.45
10.45
10.53
10.49
10.28
10.16
10.12
10.11
10.47
10.55
10.62
10.62
10.73
10.84
10.93
10.99
10.99
10.95
10.93
10.98
10.91
10.96
10.93
10.97
10.95
10.89
10.87
10.92
10.91
10.91
10.96
10.94
10.97
10.94
11.00
10.95
10.98
10.91
10.98
11.00
10.94
10.81
11.06
10.94
10.85
10.92
10.89
10.87
10.91
10.96
10.87
10.84
10.87
11.02
11.00
11.05
11.14
11.14
11.11
11.14
11.09
11.09
11.09
11.13
10.97
11.14
11.16
11.18
11.08
11.03
10.97
10.81
10.78
10.62
10.52
10.58
10.72
10.71
10.74
10.99
11.09
11.16
11.19
11.06
11.08
11.08
11.03
10.98
10.93
11.03
11.04
10.95
10.96
11.02
10.98
11.00
10.93
11.04
11.05
11.21
11.24
11.03
11.13
11.43
11.46
11.51
11.51
11.52
11.57
11.60
11.53
11.55
11.53
11.59
11.69
11.72
11.69
11.68
11.71
11.71
11.71
11.68
11.73
11.77
11.77
11.82
11.77
11.77
11.81
11.82
11.69
11.58
11.46
11.58
11.75
11.81
11.79
11.78
11.79
11.76
11.69
11.74
11.70
11.68
11.70
11.66
11.58
11.61
11.60
11.62
11.64
11.60
11.63
11.62
11.63
11.57
11.68
11.66
11.63
11.64
11.69
11.58
11.38
11.49
11.41
11.52
11.63
11.79
11.83
11.87
11.89
11.89
11.85
11.75
11.85
11.87
11.85
11.83
11.79
11.80
11.81
11.75
11.74
11.71
11.65
11.78
11.83
11.83
11.81
12.08
12.11
12.18
12.16
12.24
12.28
12.30
12.23
12.21
12.21
12.14
12.20
12.18
12.13
12.18
12.20
12.20
12.22
12.20
12.29
12.31
12.26
12.27
12.17
12.25
12.35
12.32
12.27
12.26
12.57
12.34
12.18
12.22
12.51
12.69
12.75
12.84
12.88
12.95
12.92
12.93
12.98
12.95
12.93
12.95
12.97
12.97
12.92
12.95
12.95
12.95
12.95
12.95
12.94
12.96
12.97
12.92
12.94
12.96
12.99
13.05
13.13
13.16
13.36
13.41
13.43
13.43
13.39
13.41
13.40
13.42
13.37
13.33
13.31
13.33
13.33
13.35
13.34
13.40
13.42
13.42
13.40
13.43
13.48
13.49
13.48
13.45
13.44
13.50
13.58
13.72
13.44
13.28
13.24
13.41
13.42
13.43
13.50
13.47
13.50
13.38
13.34
13.42
13.53
13.58
13.60
13.61
13.72
13.75
13.83
13.69
13.69
13.64
13.66
13.68
13.71
13.71
13.78
13.80
13.70
13.55
13.46
13.36
13.11
13.16
13.33
13.47
13.57
13.67
13.72
13.78
13.77
13.68
13.70
13.74
13.76
13.74
13.83
13.87
13.76
13.76
13.84
13.81
13.90
13.93
13.76
13.64
13.76
13.96
14.10
13.94
14.02
14.08
14.05
14.18
13.77
13.91
13.97
13.96
13.81
13.78
13.94
13.88
13.96
13.88
13.82
13.88
13.96
13.90
13.66
13.80
13.94
13.95
13.95
13.84
13.88
13.72
13.95
13.93
13.93
14.11
14.14
14.08
14.10
13.97
13.93
13.83
13.83
14.03
13.99
14.15
14.10
14.10
14.17
14.13
14.24
14.26
14.10
14.21
14.12
14.09
14.25
14.25
14.27
14.29
14.38
14.23
14.28
14.14
14.01
14.06
14.10
14.10
14.25
14.24
14.27
14.38
14.41
14.33
14.34
14.42
14.54
14.54
14.37
14.43
14.52
14.49
14.56
14.60
14.62
14.65
14.65
14.64
14.58
14.49
14.47
14.41
14.37
14.48
14.33
14.60
14.33
14.54
14.44
14.52
14.47
14.59
14.56
14.54
14.62
14.69
14.76
14.76
14.73
14.65
14.78
14.86
14.81
14.89
14.82
14.82
14.84
14.87
14.85
14.80
14.85
14.86
14.84
14.62
14.45
14.44
14.40
14.42
14.42
14.42
14.40
14.42
14.44
14.38
14.58
14.65
14.51
14.31
14.51
14.47
14.57
14.47
14.52
14.55
14.02
14.26
14.54
14.38
14.41
14.68
14.79
14.80
14.81
14.65
14.46
14.47
14.45
14.43
14.55
14.56
14.47
14.50
14.42
14.74
14.73
14.44
14.29
14.23
14.38
14.62
14.60
14.62
14.68
14.59
14.54
14.64
14.71
14.68
14.66
14.63
14.68
14.60
14.62
14.79
14.83
14.82
14.85
14.74
14.70
14.49
14.60
14.82
14.92
15.00
14.98
15.09
15.13
15.17
15.14
15.08
15.16
15.29
15.31
15.18
15.19
15.14
15.10
14.94
14.94
14.93
14.90
14.96
15.08
15.18
15.33
15.21
15.19
15.24
15.27
15.62
15.58
15.64
15.70
15.75
15.75
15.71
15.75
15.66
15.66
15.59
15.63
15.76
15.74
15.77
15.71
15.79
15.78
15.70
15.71
15.73
15.70
15.64
15.50
15.84
15.90
15.84
15.90
15.83
15.93
15.93
15.89
15.92
16.01
16.01
16.09
16.16
16.13
16.13
16.13
16.14
16.16
16.22
16.18
16.25
16.23
16.31
16.31
16.33
16.29
16.36
16.33
16.34
16.53
16.60
16.74
16.72
16.64
16.48
16.37
16.35
16.19
16.25
16.23
16.32
16.39
16.41
16.51
16.49
16.65
16.64
16.72
16.78
16.64
16.49
16.40
16.42
16.59
16.61
16.71
16.71
16.76
16.71
16.60
16.47
16.42
16.27
16.06
16.26
16.43
16.45
16.40
16.47
16.51
16.42
16.52
16.55
16.57
16.50
16.46
16.63
16.80
16.73
16.69
16.51
16.56
16.55
16.37
16.54
16.68
16.70
16.56
16.60
16.70
16.69
16.95
17.00
16.92
16.97
16.85
16.73
16.54
16.52
16.51
16.58
16.58
16.75
16.77
16.76
16.90
16.98
17.00
17.06
17.10
17.16
17.15
17.18
17.30
17.34
17.41
17.48
17.52
17.46
17.07
17.18
17.36
17.46
17.16
17.25
17.11
17.10
16.92
16.95
17.03
17.24
17.29
17.32
17.11
17.20
17.31
17.38
17.40
17.44
17.51
17.74
17.78
17.78
17.79
17.71
17.63
17.53
17.59
17.63
17.73
17.85
17.69
17.64
17.70
17.87
17.83
17.89
17.96
17.88
17.99
18.02
18.02
18.07
18.19
18.19
18.20
18.11
18.04
18.04
18.09
18.05
17.91
17.86
17.78
17.85
17.87
17.90
17.82
17.70
17.57
17.79
17.82
18.12
18.22
18.23
17.95
17.90
17.99
17.89
17.91
18.18
17.84
17.70
17.83
17.70
17.39
17.29
17.66
17.82
17.93
18.01
18.12
18.15
18.13
18.29
18.27
18.32
18.43
18.25
17.73
17.66
18.08
18.31
18.22
17.90
17.87
17.81
17.80
17.47
17.56
17.73
17.67
17.74
17.75
17.79
17.61
17.71
18.19
18.11
17.86
17.62
17.56
17.59
17.72
17.77
17.84
17.92
17.89
17.95
17.94
17.86
17.78
17.91
18.03
17.99
17.90
17.68
17.64
17.86
18.18
18.04
18.15
18.20
18.26
18.19
18.38
18.40
18.44
18.47
18.48
18.39
18.40
18.50
18.61
18.75
18.76
18.79
18.76
18.79
18.72
18.48
18.69
18.68
18.88
18.93
18.74
18.76
18.77
18.71
18.28
18.49
18.60
18.51
18.62
18.78
18.59
18.76
18.86
18.96
19.00
19.05
18.90
18.89
18.84
18.72
18.80
18.78
18.73
18.92
19.14
19.25
19.17
19.15
19.20
19.28
19.22
19.31
19.31
19.39
19.33
19.41
19.27
19.29
19.22
19.24
19.38
19.43
19.52
19.46
19.32
19.14
19.25
19.23
18.99
19.11
19.74
19.66
19.51
19.46
19.45
19.48
19.31
18.59
18.71
19.35
19.57
19.41
19.60
19.72
19.52
19.53
19.51
19.60
19.07
19.42
19.23
19.32
19.31
19.37
19.41
19.52
19.65
19.74
19.88
19.85
19.88
19.72
19.84
19.86
19.55
19.32
19.34
19.66
19.34
19.62
19.61
19.58
19.56
19.65
19.62
19.76
19.76
19.69
19.80
19.79
19.85
19.87
19.88
19.86
19.77
19.71
19.77
19.81
19.97
19.96
19.79
19.72
19.71
19.76
19.81
20.03
20.15
20.10
20.01
20.17
19.89
20.10
20.02
20.21
20.34
20.29
19.86
19.92
19.96
19.87
20.24
20.18
20.24
20.13
20.24
20.03
20.05
19.89
19.80
19.67
19.73
19.80
19.57
19.55
19.60
19.66
19.72
20.18
20.26
20.05
19.93
19.80
20.07
20.27
20.41
20.35
20.27
20.27
20.36
20.30
20.30
20.26
20.28
20.33
20.44
20.37
20.40
20.42
20.38
20.44
20.35
20.29
20.25
20.28
20.24
20.30
20.46
20.55
20.49
20.52
20.40
20.30
20.31
20.46
20.45
20.51
20.48
20.41
20.50
20.41
20.42
20.72
20.73
20.76
20.85
20.88
20.85
20.85
20.79
20.80
20.86
20.87
20.82
20.74
20.65
20.90
20.89
21.02
20.79
20.69
20.69
20.56
20.71
21.19
20.99
21.30
21.21
21.22
21.00
21.13
21.07
21.17
21.14
21.03
21.12
21.21
21.25
21.28
21.28
21.41
21.31
21.30
21.23
21.27
21.28
21.02
20.96
20.73
20.74
20.21
20.30
20.41
20.61
20.64
20.73
20.67
20.59
20.30
20.48
20.61
20.61
20.73
20.61
20.42
20.37
20.39
20.65
20.82
20.80
20.81
20.92
20.80
20.71
20.85
20.70
20.66
20.60
20.42
20.55
20.67
20.62
20.80
20.96
20.99
20.77
20.76
20.98
20.82
20.96
21.00
21.22
20.96
20.92
20.93
21.08
21.30
21.34
21.29
21.23
21.04
20.95
21.22
21.21
21.14
21.02
20.86
21.07
21.09
21.03
20.50
20.55
20.95
21.15
21.08
21.03
21.15
21.21
21.10
21.24
21.28
21.30
21.28
21.43
21.27
21.18
21.28
21.36
21.26
21.17
21.15
21.14
21.06
20.72
20.91
20.72
20.87
21.01
20.63
20.31
20.82
21.09
21.21
21.22
21.23
21.24
21.29
21.27
21.40
21.38
21.44
21.39
21.23
21.22
21.16
21.26
21.16
21.27
21.31
21.37
21.48
21.38
21.38
21.33
21.55
21.56
21.56
21.62
21.51
21.48
21.19
21.48
21.58
21.63
21.36
21.52
21.52
21.58
21.75
21.74
21.78
21.78
21.76
21.83
21.87
21.82
21.80
21.76
21.88
21.87
21.78
21.80
21.53
21.40
21.59
21.58
21.75
21.71
21.74
21.77
21.66
21.53
21.63
21.71
21.68
21.73
21.66
21.85
22.03
22.06
22.11
22.18
22.15
22.05
22.06
22.01
22.00
21.93
22.06
21.92
21.96
22.16
21.92
21.75
21.78
21.65
21.86
22.12
22.53
22.42
22.47
22.44
22.37
22.36
22.38
22.38
22.39
22.40
22.37
22.33
22.28
22.20
22.23
22.17
22.22
22.25
22.29
22.32
22.40
22.32
22.44
22.43
22.41
22.49
22.23
22.18
22.11
21.78
22.04
21.69
21.83
22.01
21.86
21.85
21.99
22.00
22.17
22.06
21.53
21.55
21.59
21.92
22.04
22.02
22.17
22.34
22.24
22.16
22.27
22.33
22.20
22.12
22.28
22.37
22.72
22.57
22.28
22.29
21.95
22.23
21.98
22.22
22.11
21.97
22.03
21.91
21.91
22.51
22.35
22.20
22.17
22.23
22.07
22.07
22.62
22.62
22.51
22.48
22.35
22.33
22.15
22.09
22.29
22.45
22.42
22.36
22.44
22.61
22.32
22.17
22.12
21.99
22.20
22.36
22.45
22.41
22.34
22.29
22.25
22.21
22.16
22.06
22.15
22.28
22.31
22.54
22.42
22.44
22.56
22.51
22.62
22.57
22.53
22.49
22.43
22.59
22.61
22.84
22.94
22.85
23.02
23.02
22.89
23.05
23.21
23.20
23.00
22.93
22.99
22.65
22.69
22.76
22.79
22.88
22.92
22.89
22.94
23.04
23.16
23.11
23.25
23.23
23.22
23.28
23.27
23.16
23.15
23.20
23.24
23.39
23.53
23.71
23.41
23.68
23.59
23.48
23.20
23.43
23.66
23.49
23.36
23.30
23.31
23.58
23.47
23.59
23.89
23.65
23.64
23.63
23.73
23.78
23.91
23.71
23.53
23.32
22.95
22.92
23.11
22.81
22.85
23.14
23.41
23.58
23.65
23.89
24.13
24.13
24.08
24.23
24.14
24.08
24.15
23.92
23.96
23.78
23.92
24.17
24.10
24.29
23.95
24.26
24.19
24.18
23.97
23.45
23.57
23.68
23.68
23.66
23.87
23.98
24.03
24.14
24.11
24.14
24.32
24.32
24.47
24.29
24.28
24.22
24.33
24.15
24.10
24.26
24.44
24.36
24.22
24.15
24.16
24.11
24.40
24.34
24.14
24.14
24.09
23.96
23.96
24.12
24.28
24.22
24.33
24.39
24.27
24.30
24.20
24.15
24.23
24.18
24.16
24.14
24.16
24.21
24.37
24.38
24.28
24.34
24.55
24.42
24.41
24.48
24.43
24.30
24.44
24.84
24.51
24.13
24.11
24.26
24.56
24.81
24.71
24.80
24.97
24.82
24.90
24.93
25.04
25.11
25.13
25.07
24.93
25.05
25.22
25.16
25.31
25.30
25.18
25.06
24.97
24.85
25.05
25.17
25.51
25.27
24.92
25.02
25.00
24.65
24.76
25.03
25.06
25.31
25.34
25.42
25.44
25.41
25.41
25.26
25.25
24.86
24.96
25.23
25.49
25.62
25.62
25.78
25.68
25.71
25.67
25.72
25.78
25.78
25.71
25.64
25.67
26.08
25.92
25.85
25.96
26.05
26.30
26.32
26.24
26.27
26.22
26.22
26.21
26.18
26.34
26.42
26.39
26.33
26.30
26.30
26.33
26.50
26.61
26.72
26.60
26.59
26.65
26.62
26.49
26.41
26.22
26.00
25.71
25.82
26.27
26.34
26.09
25.89
26.08
26.23
26.34
26.21
26.17
26.18
26.40
26.59
26.13
26.23
26.24
26.17
26.22
25.98
25.80
25.53
25.43
25.41
25.67
25.51
25.35
25.38
25.34
24.81
24.55
24.73
25.10
25.40
25.43
25.66
25.95
25.87
25.88
25.65
25.49
25.57
25.48
25.43
25.50
25.61
25.59
25.83
25.82
25.80
25.84
25.97
26.01
25.90
25.85
25.86
25.69
25.35
25.27
25.23
24.84
24.99
24.95
25.20
25.41
25.65
25.49
25.41
25.68
25.96
25.44
25.37
25.23
25.10
25.27
25.89
25.93
25.90
26.05
26.25
26.04
26.01
25.86
25.78
25.89
26.08
26.03
25.84
25.48
25.91
25.89
26.03
26.31
26.32
26.37
26.41
26.40
26.53
26.56
26.64
26.55
26.71
26.69
26.63
26.77
26.71
26.71
26.77
26.94
26.72
26.77
26.74
26.84
26.95
26.94
26.92
26.71
26.60
26.71
26.87
26.59
26.64
26.70
26.80
26.93
26.72
27.12
27.16
27.00
26.93
27.00
26.93
26.91
26.88
27.12
27.27
26.87
26.90
27.05
26.75
26.56
26.35
26.51
26.55
26.61
26.80
26.80
26.59
26.49
27.15
27.10
26.97
26.79
26.71
26.61
26.59
26.79
27.01
27.13
27.28
27.42
27.41
27.41
27.34
27.40
27.46
27.64
27.59
27.56
27.54
27.56
27.61
27.73
27.86
27.85
28.00
27.88
27.56
27.57
28.04
28.09
27.74
27.68
27.70
27.73
27.74
27.85
27.60
27.67
27.99
27.96
27.90
27.71
27.73
27.66
27.59
27.70
27.68
27.82
28.02
28.06
28.17
27.94
27.92
27.86
27.82
27.87
27.78
27.97
27.75
27.77
27.76
27.96
28.04
27.98
27.81
27.98
28.23
28.20
28.35
28.37
28.36
28.48
28.39
28.42
28.52
28.42
28.43
28.43
28.42
28.38
28.14
27.95
28.02
27.90
27.81
27.88
27.81
28.20
28.34
27.84
27.76
28.11
28.33
28.39
28.52
28.48
28.45
28.49
28.41
28.37
28.59
28.64
28.61
28.66
28.66
28.63
28.71
28.51
28.38
28.58
28.44
28.50
28.61
28.58
28.69
28.62
28.42
28.06
28.16
28.40
28.04
28.25
28.04
27.77
27.81
27.78
27.89
28.13
27.99
28.22
28.25
28.37
28.17
28.16
28.33
28.26
28.39
28.33
28.13
28.20
28.37
28.30
28.38
27.97
27.86
27.80
27.59
27.74
27.69
28.03
28.45
28.52
28.71
28.60
28.43
28.13
27.92
28.04
27.92
27.75
28.24
28.55
28.82
27.99
27.53
28.01
28.63
28.83
28.91
28.93
28.73
28.80
28.89
28.81
28.88
28.98
28.60
28.64
28.46
28.94
29.03
28.80
29.16
29.00
28.03
28.24
29.16
29.27
29.08
28.83
28.66
28.48
28.69
29.00
29.23
28.99
29.01
29.25
29.43
29.32
29.25
29.16
29.38
29.38
29.07
29.01
28.98
28.95
29.00
29.11
29.06
29.34
29.76
29.58
29.50
29.52
29.52
29.64
29.77
29.71
29.65
29.69
29.73
29.82
29.97
29.98
30.06
30.12
30.13
30.23
30.22
30.27
30.24
30.24
30.15
30.29
30.32
30.13
30.35
30.23
30.06
30.18
30.10
30.11
30.33
30.53
30.54
30.65
30.73
30.65
30.56
30.61
30.52
30.57
30.50
30.50
30.55
30.70
30.62
30.38
30.41
30.26
30.32
30.39
30.50
30.87
30.90
30.72
30.74
30.71
30.87
30.60
30.66
30.78
30.58
29.96
29.49
29.81
30.08
30.19
29.86
30.13
30.39
30.53
30.50
30.47
30.58
30.45
30.43
30.56
30.17
30.11
29.97
30.55
30.52
30.73
30.66
30.77
30.64
30.70
30.23
30.51
30.58
30.56
30.43
30.61
30.59
30.84
30.91
30.96
30.57
30.65
30.81
30.06
30.30
30.50
30.60
30.87
31.04
30.91
31.24
31.11
31.00
30.68
30.56
30.81
30.79
31.03
31.36
31.49
31.51
31.28
31.34
31.27
30.94
31.04
30.93
30.91
31.05
31.28
30.96
31.10
31.25
31.20
31.20
31.06
31.27
31.44
31.36
31.33
31.28
31.14
31.15
31.22
31.15
31.13
31.02
30.53
30.15
30.19
30.69
30.84
30.74
30.48
30.37
30.54
30.57
30.84
30.91
31.08
30.93
31.13
30.81
31.01
31.02
31.08
31.15
31.37
31.38
31.22
31.25
31.26
31.19
31.38
31.40
31.69
31.37
31.42
31.63
31.44
31.67
31.58
31.81
31.80
31.87
31.74
31.76
31.64
31.88
31.72
31.76
31.80
31.74
31.87
31.81
31.79
31.83
31.80
31.79
31.80
31.84
31.88
31.94
31.94
31.97
31.72
31.82
32.12
32.09
32.11
31.85
31.90
32.07
32.15
31.90
32.23
32.16
32.17
32.15
32.10
32.35
32.26
32.24
32.28
32.34
32.32
32.32
32.25
32.39
32.41
32.59
32.51
32.64
32.43
32.41
32.35
32.08
32.06
32.08
32.22
32.28
32.38
32.20
32.06
31.88
31.12
32.06
32.22
32.11
31.72
31.41
31.68
31.50
31.45
31.56
31.63
31.63
31.45
31.64
31.49
31.62
31.81
31.85
31.95
32.12
32.29
31.97
31.46
31.48
31.63
31.28
31.91
31.75
31.93
31.83
31.70
31.28
31.49
31.47
31.65
31.47
31.82
31.75
31.73
31.54
31.34
31.76
31.71
31.79
31.63
31.63
31.65
32.21
32.28
32.15
32.26
32.08
31.98
32.16
31.95
32.03
32.17
32.20
32.24
32.19
32.44
32.35
32.45
32.46
32.35
32.36
32.49
32.50
32.57
32.38
32.55
32.49
32.82
32.65
32.73
32.64
32.39
32.58
32.57
32.49
32.41
32.41
32.47
32.33
32.41
32.22
32.18
32.44
32.45
32.41
32.24
32.46
32.59
32.36
32.42
32.22
32.42
32.45
32.53
32.42
32.56
32.71
32.86
32.74
32.73
32.76
33.01
32.54
32.54
32.61
32.60
32.27
32.20
32.39
32.28
32.62
32.71
32.89
32.50
32.33
32.11
32.50
32.34
32.56
32.61
32.67
32.83
33.26
33.28
33.29
33.15
33.23
33.18
33.08
33.03
33.02
33.12
33.00
32.93
33.12
33.11
32.80
32.74
33.02
32.82
32.73
32.88
32.96
32.65
32.44
32.41
32.39
32.81
32.81
32.73
32.98
32.95
32.80
32.80
32.84
32.92
32.96
33.02
33.09
33.08
33.12
33.03
33.16
33.22
33.05
33.12
33.41
33.05
33.11
33.23
33.18
33.44
33.30
33.37
33.16
33.18
33.07
33.11
33.24
33.18
33.22
32.93
33.16
33.38
33.27
33.33
33.56
33.79
33.71
33.61
33.52
33.72
33.87
33.70
33.57
33.54
33.18
32.84
32.58
32.83
32.92
33.00
32.93
32.84
32.89
32.88
32.85
32.75
32.68
32.66
32.39
32.85
33.13
33.26
33.48
33.59
33.85
33.80
33.75
33.44
33.73
33.24
33.34
33.59
33.65
33.43
33.68
33.73
34.02
33.96
34.05
34.25
34.25
34.28
34.51
34.52
34.29
33.96
34.08
34.34
34.41
34.61
34.48
34.44
34.50
34.45
34.35
34.54
34.47
34.54
34.54
34.57
34.68
34.69
34.67
34.71
34.49
34.54
34.65
34.37
34.35
33.84
33.98
34.43
34.56
34.61
34.68
34.72
34.63
34.32
34.60
34.57
34.36
34.35
34.52
34.44
34.54
34.53
34.58
34.55
34.60
34.61
34.53
34.62
34.75
34.81
34.92
34.85
34.41
34.60
34.51
34.59
34.63
34.43
34.28
34.43
34.51
34.57
34.40
34.35
34.23
34.20
34.40
34.37
34.30
34.45
34.46
34.29
34.40
34.74
34.67
34.74
34.46
34.83
34.89
34.73
34.55
34.64
34.57
34.66
34.80
34.96
34.93
35.02
35.18
34.85
34.87
34.89
35.07
35.58
35.50
35.53
35.49
35.39
35.43
35.40
35.49
35.34
35.35
35.52
35.54
35.54
35.45
35.56
35.65
35.63
35.52
35.38
35.19
35.19
35.27
35.32
35.58
35.44
35.21
35.22
35.16
35.19
35.10
35.07
34.74
35.27
35.33
35.35
35.12
34.78
35.24
35.07
35.06
35.23
35.37
35.42
35.33
35.11
35.25
35.21
35.58
35.56
35.12
35.19
35.54
35.31
35.05
35.18
35.32
35.26
35.29
35.39
35.21
35.29
35.30
35.31
35.49
35.56
35.71
35.79
35.58
35.66
35.76
35.72
35.67
35.62
35.89
35.93
36.03
35.59
35.67
36.05
35.33
35.37
34.72
35.24
35.00
35.34
35.43
35.37
35.51
35.46
35.57
35.80
35.70
35.58
35.57
35.39
35.16
35.88
36.02
35.79
35.64
35.73
36.04
35.98
35.92
35.69
36.20
36.17
36.07
35.78
35.90
35.96
35.97
35.78
35.62
35.85
35.94
35.85
35.96
35.78
35.70
35.76
35.81
35.83
36.09
36.20
36.40
36.37
36.43
36.31
36.10
36.10
36.35
36.46
36.43
36.39
36.72
36.45
36.45
36.47
36.47
36.24
36.20
35.93
35.79
35.87
35.90
35.98
35.57
36.01
35.50
35.87
36.18
36.15
35.94
35.60
35.48
35.35
35.80
35.87
35.85
35.78
35.69
35.71
35.50
35.50
35.63
36.16
36.08
35.87
35.82
35.87
35.89
35.97
35.86
35.84
35.98
35.99
35.22
35.23
35.20
35.13
35.05
35.17
35.75
35.20
35.60
36.05
36.32
36.16
36.46
36.47
36.30
36.03
36.21
36.11
36.36
36.04
35.77
36.41
36.32
36.28
36.20
36.10
36.16
36.27
36.48
36.25
35.91
36.08
36.20
36.30
36.43
36.58
36.46
36.51
36.57
36.51
36.23
36.35
35.36
35.83
36.08
35.89
36.24
36.03
36.12
36.33
36.35
36.22
36.47
36.74
36.68
36.45
36.62
36.44
36.71
36.59
36.85
36.89
37.12
37.10
36.54
36.13
36.40
36.67
36.88
36.80
36.60
36.41
36.36
36.95
36.86
36.53
36.76
36.66
36.88
37.03
36.94
36.61
36.79
36.99
36.97
36.42
36.85
37.13
37.20
37.10
36.94
36.98
36.78
36.75
36.71
36.77
36.60
36.73
36.95
36.90
36.71
36.51
36.49
36.73
36.69
36.54
36.71
36.47
36.45
36.69
36.81
36.83
36.42
36.63
36.58
36.67
36.89
36.89
36.97
36.79
37.25
37.24
37.21
37.45
37.62
37.67
37.32
37.34
37.51
37.14
37.49
37.65
37.48
37.20
37.25
37.27
37.30
37.16
37.31
37.27
37.04
36.75
36.97
37.04
37.08
37.07
37.20
36.93
37.01
36.96
36.88
37.08
37.04
37.20
37.36
37.06
37.15
36.79
36.89
37.09
36.86
36.97
36.93
36.75
36.97
36.83
36.78
36.61
36.79
36.34
36.86
37.07
36.73
37.26
37.30
37.32
37.21
36.94
36.84
37.31
37.18
36.89
36.94
37.35
37.57
37.41
37.47
37.16
37.06
37.30
37.32
37.32
37.42
37.46
37.54
37.65
37.44
37.39
37.52
37.55
37.70
37.75
37.75
37.61
37.60
37.88
37.47
37.44
37.50
37.04
36.76
37.06
36.98
36.89
37.37
37.42
37.26
37.51
37.33
37.62
37.91
37.58
37.54
37.53
37.55
37.66
37.87
38.03
37.98
37.91
37.54
37.38
37.60
37.72
37.56
37.73
37.67
37.29
37.51
37.92
37.94
37.51
37.24
37.54
37.47
37.34
37.48
37.40
37.50
37.50
37.42
37.23
36.99
37.36
37.27
37.51
37.86
37.80
38.17
38.28
38.08
37.37
37.20
37.15
37.19
37.75
37.47
37.43
37.44
37.65
37.65
37.82
37.65
37.49
37.58
37.79
37.85
38.12
37.53
37.48
38.17
38.52
38.64
38.54
38.44
38.40
38.45
38.30
38.34
37.61
37.70
37.78
37.82
37.92
38.29
38.31
38.08
37.88
37.75
37.40
37.82
37.82
37.76
37.88
38.00
37.94
38.26
38.14
37.62
37.21
37.58
37.77
37.74
37.39
37.61
37.55
37.38
37.90
37.82
37.55
37.70
37.35
37.87
37.19
37.10
37.66
37.58
37.32
37.01
36.80
36.72
37.06
37.28
37.19
37.21
37.34
37.53
37.45
37.37
37.22
37.28
37.34
37.44
37.32
37.27
37.36
37.29
37.20
37.42
37.71
37.34
36.96
36.68
36.73
37.32
36.88
36.73
37.16
37.64
37.15
37.29
37.80
37.61
37.50
38.31
38.30
37.57
38.40
38.05
37.83
38.04
37.51
37.26
36.63
36.93
37.57
38.02
37.69
37.86
37.97
37.49
37.56
37.44
37.75
37.58
37.08
36.99
36.79
36.93
36.38
36.73
36.91
37.31
37.39
37.34
37.52
37.74
37.56
37.77
38.03
38.49
38.18
38.31
38.17
38.10
38.05
38.10
38.14
38.36
38.20
38.18
37.97
38.28
38.09
37.78
37.78
37.54
37.47
37.76
37.56
37.78
37.93
38.34
38.02
38.13
38.07
38.06
37.90
38.12
38.08
38.03
37.95
38.00
38.07
38.31
38.08
38.16
38.33
38.17
38.08
38.18
38.30
38.57
38.89
39.09
39.10
39.07
39.17
39.61
39.47
39.14
39.19
39.47
39.61
39.33
39.34
39.38
39.37
39.36
39.45
39.65
39.42
39.50
39.66
39.86
39.58
39.44
39.12
38.74
38.61
38.65
38.65
38.90
39.25
39.21
39.05
39.04
38.94
39.09
38.86
39.24
39.53
39.70
39.72
39.57
39.15
39.27
39.61
39.55
39.68
39.38
39.21
39.45
39.26
39.22
39.26
39.04
39.41
39.75
39.48
39.27
38.90
38.68
38.78
38.75
39.12
38.92
39.24
39.48
39.45
39.09
39.27
39.55
39.00
39.05
39.21
39.32
39.23
39.15
39.29
39.38
39.55
39.53
39.51
39.50
39.49
39.62
39.81
39.79
39.42
39.42
39.42
39.37
39.16
39.08
39.39
39.31
39.35
39.32
39.18
39.55
39.38
39.59
39.62
39.47
39.08
38.56
38.79
38.67
38.63
38.46
38.45
38.44
38.76
38.72
39.00
39.30
39.50
39.29
39.06
39.25
39.17
39.31
39.35
39.50
39.41
38.89
39.11
39.36
39.81
39.92
39.35
39.40
39.48
39.21
39.40
39.99
40.03
39.80
39.65
39.94
39.84
39.78
39.18
39.20
39.23
38.94
39.03
38.37
38.59
38.69
38.87
39.14
39.37
39.50
39.53
39.24
39.45
39.61
39.71
39.53
39.65
39.70
39.91
40.12
40.11
40.30
40.26
40.64
40.44
40.43
40.49
40.43
40.54
40.38
40.57
40.53
40.40
40.19
39.92
40.16
40.40
40.40
40.63
40.54
40.79
40.49
40.62
40.77
40.77
40.65
40.61
40.93
41.01
41.07
41.19
41.25
41.17
40.95
41.24
41.33
41.24
41.20
41.11
40.96
41.14
41.02
40.84
40.68
40.38
40.33
40.07
40.33
40.38
40.38
40.03
40.07
40.28
40.28
40.34
40.61
40.42
40.45
40.37
40.41
40.43
40.51
40.28
40.33
40.49
40.81
40.26
40.02
40.04
39.96
40.23
40.38
40.44
40.22
40.84
40.97
40.40
40.32
39.91
40.06
40.14
40.16
40.32
40.30
40.14
40.04
40.29
40.30
40.41
40.50
40.62
40.77
40.66
40.29
39.97
40.58
40.53
40.67
40.62
40.83
40.93
40.59
40.56
40.63
40.29
40.33
40.44
40.53
40.75
40.86
41.23
41.10
40.85
40.69
40.58
40.54
40.23
40.47
40.65
40.87
40.33
40.45
40.58
40.30
40.05
40.23
39.96
40.05
39.96
39.69
40.18
40.33
40.31
40.48
40.22
40.30
40.50
40.45
40.40
40.58
40.48
40.55
40.65
40.61
40.46
40.55
40.59
40.58
40.68
40.77
40.84
40.63
40.73
40.83
41.06
40.97
40.89
40.87
41.27
41.30
41.07
41.70
41.44
41.41
41.20
41.06
41.03
41.19
41.13
41.10
41.20
40.97
40.94
40.98
41.32
41.39
41.43
41.31
41.45
41.43
41.68
41.66
41.87
42.02
41.91
41.73
41.94
42.01
42.08
42.18
42.38
42.36
41.98
41.80
41.80
41.38
41.32
41.20
41.53
41.55
41.51
41.34
41.66
41.81
41.92
41.56
41.52
41.41
41.44
41.55
41.65
41.60
41.67
41.74
41.82
41.95
41.96
41.97
41.96
42.01
42.08
41.82
41.56
41.32
41.47
41.70
41.85
41.92
41.76
41.88
42.01
42.01
41.81
42.04
42.42
42.24
42.08
42.05
41.99
42.18
42.27
42.41
42.47
42.39
41.73
42.04
41.73
42.03
42.19
42.05
42.06
41.90
41.75
41.60
41.95
41.94
41.93
41.90
42.05
42.27
42.11
41.55
41.04
41.05
41.70
41.85
41.80
41.77
41.82
41.79
41.87
41.82
41.85
41.88
42.02
42.22
42.18
42.14
42.05
42.11
41.77
41.87
41.79
41.62
41.82
41.93
41.78
41.68
41.55
41.70
41.65
41.83
41.72
41.91
41.63
41.71
42.03
41.85
42.03
42.17
41.86
41.66
41.77
41.86
42.04
42.08
42.34
42.32
42.33
42.07
42.18
42.14
42.23
41.93
42.19
41.92
42.17
42.04
42.02
41.89
41.92
42.00
42.06
42.18
42.32
42.47
42.70
42.39
42.36
42.48
42.73
42.58
42.43
42.57
41.77
42.56
42.65
42.51
42.38
42.47
42.53
42.39
42.38
42.24
42.14
42.17
42.02
42.21
42.27
43.01
42.91
42.99
43.14
42.93
43.15
43.06
42.83
42.90
43.14
42.94
42.50
42.48
42.58
42.17
41.89
42.06
42.24
42.72
42.80
42.89
43.04
42.98
42.72
42.61
42.33
42.64
42.60
42.77
42.75
42.20
42.44
42.27
42.84
43.12
42.86
43.06
43.15
43.07
43.05
42.92
42.66
42.91
42.85
42.80
42.97
42.91
43.23
43.27
43.31
43.35
43.38
43.43
43.02
42.97
42.67
42.37
42.47
42.66
42.55
42.94
42.92
42.77
42.09
42.75
43.06
43.10
43.48
43.17
43.23
43.19
43.37
43.40
43.30
43.40
43.33
43.38
43.38
43.32
43.27
43.64
43.32
43.68
43.27
43.19
43.52
43.68
43.40
43.64
43.80
43.49
43.54
42.97
42.91
43.13
43.25
43.48
43.71
43.95
43.82
43.66
43.51
43.61
43.60
43.71
43.78
43.64
43.31
43.21
42.94
43.10
43.64
43.51
43.18
43.27
42.79
42.69
42.83
42.98
43.12
42.78
42.16
42.70
42.80
43.25
43.29
43.34
43.33
43.47
43.69
43.91
44.11
44.20
44.15
44.30
44.26
44.16
43.75
43.89
43.60
43.75
43.62
43.47
44.09
43.97
44.20
44.14
44.04
44.19
44.34
44.19
43.83
44.33
44.78
44.40
44.37
45.08
44.86
44.69
44.96
45.09
44.86
45.05
44.82
44.78
44.67
44.51
44.80
44.00
44.06
44.04
44.17
43.76
43.49
43.49
43.22
43.76
43.76
43.85
44.12
44.03
44.53
44.40
44.29
44.24
43.93
44.19
44.22
44.12
44.25
44.27
44.45
44.51
44.59
44.70
44.63
44.31
44.74
44.86
44.52
44.68
44.63
44.43
44.44
44.39
44.15
44.05
44.08
44.13
44.52
44.27
44.16
44.23
44.62
44.11
43.72
44.20
44.57
44.42
44.71
44.96
44.59
44.86
44.97
45.15
45.01
44.94
45.05
45.01
45.10
45.13
44.98
44.92
44.49
44.86
45.07
45.21
44.92
44.75
44.70
44.69
44.75
44.85
44.88
44.65
44.61
44.99
45.06
45.07
45.14
44.86
45.02
45.21
45.05
44.99
45.36
45.16
45.33
45.09
45.11
45.13
44.97
44.98
44.55
44.83
44.97
44.56
44.41
44.72
44.68
44.60
44.37
43.38
44.19
44.06
44.42
44.31
44.27
44.47
44.88
44.95
44.94
44.73
44.72
44.54
45.07
45.13
44.90
45.06
45.13
45.06
45.00
44.65
44.54
44.04
43.95
44.52
44.47
44.49
44.87
44.77
44.46
44.75
44.86
45.04
45.05
45.01
44.92
45.62
45.37
45.63
45.15
45.08
45.22
45.53
45.41
45.34
45.76
45.60
45.12
44.85
45.36
45.28
45.10
45.28
45.17
45.27
44.97
44.87
44.98
44.87
45.21
45.28
45.55
44.95
44.80
45.44
45.25
45.40
45.48
45.53
45.28
45.32
44.87
45.31
45.44
45.61
45.61
45.70
45.90
45.70
45.77
45.55
44.97
45.09
45.24
45.34
45.71
45.56
45.03
45.51
45.40
45.43
45.34
44.71
45.17
45.27
45.51
45.08
44.76
44.74
44.48
44.71
44.95
45.29
45.52
45.53
45.58
45.77
45.95
45.95
45.33
45.45
45.68
45.19
45.43
45.72
46.01
45.58
46.08
45.83
45.48
45.58
45.68
45.76
45.88
45.85
45.98
45.80
45.69
45.83
45.59
45.64
45.67
45.68
45.64
45.57
45.76
45.83
45.84
45.49
45.95
46.14
45.92
45.85
45.07
45.11
44.80
45.28
45.11
45.44
45.36
45.85
46.09
45.69
45.65
45.96
45.96
45.94
45.74
45.87
45.69
45.72
46.19
46.56
45.99
45.80
45.88
45.89
45.53
45.91
46.10
45.97
45.53
45.91
45.90
46.17
46.23
45.81
46.07
45.86
45.84
45.72
45.46
45.46
45.55
45.72
46.16
46.45
46.51
46.33
46.56
46.53
46.52
46.21
47.03
46.87
46.85
46.44
46.67
46.94
47.03
46.49
46.52
46.34
46.60
46.56
46.12
46.47
46.86
46.42
46.06
46.42
46.36
46.82
47.16
46.89
47.27
47.48
47.06
47.09
47.07
46.96
46.68
47.37
46.92
46.82
47.34
47.22
47.20
47.23
47.42
47.40
47.35
47.40
47.57
47.45
47.72
47.55
47.24
47.10
47.13
47.14
47.12
47.27
47.22
47.17
47.19
47.25
46.99
47.31
47.26
47.14
47.53
47.42
47.59
47.74
47.52
47.18
47.38
47.26
47.25
47.44
47.33
47.61
47.35
47.75
47.58
47.69
47.84
47.81
47.77
47.95
47.79
48.01
47.82
47.50
47.35
47.02
46.96
46.81
46.97
47.07
46.95
46.65
46.70
46.78
46.84
46.70
46.76
46.50
46.74
46.86
47.07
46.56
46.47
46.54
46.84
47.25
47.62
47.16
47.43
47.12
47.30
47.45
47.44
47.43
47.35
47.37
47.17
46.97
47.04
47.07
47.15
47.15
47.22
47.35
47.43
47.14
47.30
47.44
47.54
47.63
47.08
46.81
47.13
46.90
46.91
46.75
46.66
46.96
47.20
47.22
47.63
47.88
47.03
47.07
47.23
47.35
47.14
47.23
47.31
47.18
47.42
47.53
47.50
47.74
47.41
47.13
47.02
47.36
47.55
47.46
47.35
47.23
47.23
47.19
47.47
47.33
47.45
47.34
47.69
47.64
47.75
47.70
47.35
47.49
47.77
47.90
47.58
47.66
47.84
47.62
47.72
47.85
47.87
47.90
47.99
47.65
47.60
47.45
47.75
47.44
47.43
47.28
47.16
47.46
47.60
47.21
47.45
47.55
48.10
48.06
47.60
47.33
47.51
47.88
47.54
47.67
47.56
47.66
47.42
47.55
48.01
47.90
47.97
47.99
47.70
48.15
47.98
48.14
47.80
47.90
47.68
47.78
47.84
47.44
47.62
47.91
47.46
47.25
46.81
46.84
47.58
47.92
47.68
47.64
47.91
48.02
48.02
47.87
48.23
48.52
48.71
48.34
48.25
48.48
48.48
48.17
48.25
47.79
48.16
48.26
48.14
47.98
47.40
47.45
47.66
47.70
47.75
47.77
47.94
48.27
47.95
48.30
48.41
48.56
48.75
48.47
48.83
48.85
48.58
48.61
48.70
48.60
48.05
47.71
47.80
47.77
47.81
48.01
47.93
47.46
46.91
47.34
47.44
48.00
48.17
48.23
47.60
48.16
47.75
47.77
47.14
47.21
47.61
47.57
47.51
46.75
47.85
47.43
47.37
47.33
47.22
47.21
47.13
47.78
47.71
48.11
48.12
47.90
47.93
48.24
47.90
47.77
48.24
48.00
48.42
48.64
48.91
47.81
48.26
48.61
48.47
47.51
48.14
48.72
48.79
48.28
48.31
48.70
49.16
49.12
48.81
49.15
49.13
48.97
48.99
48.94
49.01
48.93
48.74
48.82
48.73
48.96
48.96
48.87
49.16
49.28
49.20
49.45
48.96
48.79
48.99
49.76
49.50
49.20
49.02
49.21
49.26
49.46
49.07
48.41
48.30
48.60
48.48
48.74
48.99
49.08
49.13
49.30
49.29
49.30
49.14
49.37
49.02
48.46
48.07
48.65
48.68
48.91
48.34
48.54
49.06
48.95
48.93
48.63
48.47
48.58
48.43
48.74
48.77
48.54
49.09
49.35
49.14
49.12
49.10
49.45
49.52
49.29
49.27
49.24
49.01
49.02
49.34
49.44
49.43
49.56
49.71
49.58
49.62
49.95
49.76
49.78
50.02
49.75
49.85
49.98
49.99
49.92
49.93
49.94
49.87
49.70
49.64
49.67
49.82
50.03
50.08
49.98
50.09
50.16
49.82
49.42
49.64
49.62
49.57
49.60
49.39
49.39
49.46
49.64
49.27
49.33
49.58
49.38
49.77
49.85
49.63
49.26
49.63
49.83
49.84
49.65
49.65
49.20
49.29
49.44
49.42
49.29
49.23
49.22
48.90
48.83
48.59
48.82
48.65
48.78
49.05
49.02
49.09
49.09
49.22
49.06
49.18
49.30
49.27
49.38
49.13
49.56
49.76
49.47
49.52
49.22
49.50
49.30
49.08
49.04
49.33
49.79
49.50
49.44
49.62
48.92
48.77
49.02
49.08
48.56
49.54
49.31
49.51
49.45
49.59
49.86
49.60
49.77
49.46
49.45
48.97
48.83
48.70
48.90
48.93
49.23
49.49
49.30
49.23
49.33
49.47
49.03
49.46
49.65
49.44
49.46
49.46
48.79
48.84
49.39
49.34
49.36
49.30
49.32
49.37
49.67
49.86
49.40
49.35
49.27
49.16
49.12
49.19
49.32
49.27
49.46
49.20
49.83
49.85
50.04
49.55
49.59
49.63
49.79
49.60
49.80
49.99
50.04
49.99
49.99
50.31
50.61
50.60
50.48
50.60
50.62
50.57
50.51
49.92
49.88
50.02
50.07
50.26
50.48
50.52
50.33
50.61
50.32
50.59
50.80
50.64
50.75
51.00
50.98
50.49
50.56
50.68
50.56
50.69
50.74
50.91
50.43
51.07
51.37
51.02
50.76
51.24
50.38
50.45
50.62
50.87
50.79
49.92
49.68
50.00
50.41
50.40
50.36
50.45
50.59
50.60
50.78
50.40
50.36
50.03
50.15
50.16
50.29
49.89
49.59
49.76
49.71
49.81
49.98
50.17
50.08
50.01
50.17
50.04
50.06
50.13
50.24
50.24
49.89
49.98
50.18
49.95
50.46
50.60
50.34
50.51
50.63
50.65
50.58
50.42
50.52
50.67
50.43
50.60
50.61
50.98
50.82
51.33
51.31
51.29
51.19
51.31
50.88
50.62
50.72
50.80
50.78
50.77
50.98
51.07
51.19
50.96
51.13
51.16
51.08
50.96
51.02
51.08
50.81
50.77
51.26
51.32
51.55
51.46
51.84
51.74
52.08
52.02
51.35
51.24
51.23
51.64
51.51
51.84
51.78
52.13
52.01
52.03
52.28
51.63
51.80
51.92
52.02
52.17
52.35
52.27
52.06
51.77
52.05
51.78
52.43
52.33
52.40
52.43
52.43
52.26
52.19
52.34
52.46
52.37
52.56
52.56
52.53
52.57
52.45
52.46
52.49
52.43
52.47
52.34
52.07
52.54
52.45
52.71
52.70
52.90
52.98
52.82
52.92
52.89
52.62
52.67
52.44
52.69
52.71
52.33
52.23
52.03
51.95
52.27
52.42
52.36
52.26
52.31
52.64
52.09
52.32
52.61
52.64
52.38
51.73
51.84
51.82
52.08
52.36
52.48
52.48
52.02
51.72
51.63
51.98
51.93
51.62
51.26
51.17
51.37
51.25
51.33
51.57
51.57
51.32
51.74
51.86
52.08
52.06
51.83
52.30
52.12
52.35
52.36
52.22
52.29
52.32
52.18
52.31
52.28
52.38
52.29
52.14
51.86
51.52
51.77
51.95
51.50
51.68
51.77
51.45
51.70
51.22
51.15
50.88
50.89
51.35
51.30
51.47
51.27
51.09
51.56
51.36
51.34
51.48
51.69
51.66
51.91
51.81
51.71
51.94
52.18
51.74
52.08
52.07
52.05
52.03
51.35
52.04
52.35
52.64
52.59
52.60
52.72
52.25
51.49
51.34
51.72
51.58
51.75
51.65
51.92
52.09
52.11
51.94
51.80
51.81
52.03
52.33
52.08
51.96
52.19
52.34
52.27
51.82
51.83
51.91
51.79
51.83
52.15
52.15
52.15
52.35
52.40
52.01
51.92
52.18
51.78
51.92
51.86
51.80
51.80
51.68
52.22
52.14
51.99
51.90
52.10
51.76
51.70
51.98
52.07
52.43
52.55
52.55
52.41
52.60
52.68
52.81
52.82
52.54
52.18
52.59
52.69
52.45
51.96
52.22
52.10
52.23
52.25
52.71
52.63
52.53
52.63
52.82
53.01
53.19
53.11
52.83
53.07
53.05
53.07
53.27
53.17
53.33
53.33
53.41
53.47
53.67
53.61
53.26
53.48
53.57
53.61
53.84
53.75
53.41
53.55
53.64
53.40
53.54
53.63
53.63
53.81
53.66
53.73
53.72
53.53
53.83
53.92
53.66
53.55
53.74
53.81
53.75
54.10
54.16
53.82
53.82
54.00
54.11
54.25
54.13
54.37
54.15
54.24
54.50
54.54
54.59
54.09
54.10
53.71
53.88
54.05
54.17
54.16
53.98
53.71
53.88
54.06
54.18
54.26
53.82
53.75
53.79
54.01
54.30
54.32
54.19
54.00
54.14
53.76
54.02
53.96
54.25
54.01
53.70
53.81
54.05
53.97
54.08
54.08
53.47
53.35
53.62
53.88
54.08
53.76
53.72
53.35
53.30
52.95
53.20
53.50
53.55
53.89
53.28
53.66
53.60
53.82
53.69
53.75
54.24
53.78
53.46
53.85
53.88
54.20
54.14
54.16
53.91
53.89
53.81
53.80
53.53
53.65
53.96
53.51
53.70
