0.50
0.50
0.50
0.50
0.50
0.50
0.50
0.50
0.50
0.72
0.50
0.50
0.50
0.50
0.50
0.50
0.50
0.50
0.50
0.50
0.50
0.50
0.50
0.50
0.50
0.50
0.53
0.52
0.53
0.67
0.67
0.75
0.77
0.77
0.72
0.70
0.72
0.70
0.72
0.72
0.70
0.72
0.70
0.72
0.72
0.72
0.70
0.70
0.72
0.70
0.70
0.70
0.70
0.70
0.70
0.72
0.72
0.70
0.72
0.72
0.72
0.70
0.70
0.70
0.70
0.72
0.73
0.77
0.84
0.88
0.88
0.88
0.93
0.97
0.99
1.00
1.00
1.02
1.02
1.04
1.06
1.04
1.02
1.04
1.06
1.04
1.04
1.06
1.04
1.04
1.06
1.06
1.06
1.05
1.10
1.20
1.31
1.41
1.45
1.45
1.45
1.46
1.45
1.46
1.46
1.45
1.45
1.43
1.43
1.46
1.43
1.45
1.45
1.45
1.45
1.45
1.45
1.45
1.43
1.43
1.45
1.45
1.48
1.48
1.48
1.48
1.59
1.61
1.64
1.75
1.78
1.77
1.75
1.75
1.77
1.84
1.84
1.84
1.82
1.79
1.79
1.82
1.82
1.84
1.82
1.80
1.80
1.79
1.79
1.79
1.79
1.82
1.84
1.84
1.86
1.88
2.03
2.17
2.13
2.16
2.15
2.14
2.06
2.05
2.05
2.01
1.94
1.94
1.89
1.87
1.84
1.84
1.85
1.88
1.92
1.95
1.96
1.97
1.97
1.96
2.03
2.04
2.08
2.22
2.23
2.25
2.28
2.38
2.42
2.63
2.67
2.74
2.66
2.62
2.54
2.44
2.39
2.35
2.35
2.31
2.33
2.33
2.33
2.35
2.35
2.33
2.31
2.34
2.44
2.42
2.43
2.46
2.49
2.55
2.54
2.58
2.58
2.60
2.63
2.63
2.73
2.85
2.86
2.85
2.87
2.88
2.88
2.83
2.86
2.87
2.84
2.86
2.81
2.82
2.85
2.88
2.87
2.81
2.85
2.89
2.89
2.89
2.89
2.88
2.88
2.90
2.91
2.95
2.98
3.03
3.10
3.10
3.20
3.24
3.26
3.26
3.33
3.37
3.28
3.25
3.14
3.14
3.16
3.21
3.23
3.26
3.28
3.24
3.27
3.20
3.20
3.20
3.22
3.23
3.23
3.23
3.22
3.23
3.28
3.44
3.56
3.59
3.56
3.44
3.45
3.35
3.33
3.31
3.36
3.34
3.37
3.39
3.41
3.43
3.43
3.49
3.56
3.56
3.56
3.66
3.66
3.64
3.66
3.67
3.65
3.61
3.59
3.61
3.55
3.51
3.49
3.49
3.57
3.54
3.62
3.58
3.55
3.57
3.57
3.58
3.60
3.64
3.64
3.65
3.65
3.65
3.64
3.69
3.70
3.64
3.62
3.66
3.66
3.66
3.66
3.66
3.60
3.62
3.68
3.82
3.82
3.88
3.91
3.91
3.87
3.87
3.87
3.89
3.89
3.91
3.91
3.92
3.95
3.92
3.92
3.94
3.94
3.95
3.94
3.92
3.92
3.95
3.95
3.97
3.97
3.99
4.00
4.03
4.12
4.20
4.25
4.20
4.20
4.10
4.08
4.08
4.09
4.11
4.11
4.12
4.12
4.20
4.22
4.23
4.31
4.29
4.31
4.34
4.34
4.34
4.38
4.40
4.37
4.37
4.32
4.33
4.47
4.52
4.74
4.81
4.86
4.85
4.85
4.89
4.88
4.90
4.90
4.89
4.87
4.87
4.89
4.92
4.94
4.92
4.91
4.92
4.92
4.92
4.94
4.93
4.93
4.94
4.99
5.01
5.04
5.03
5.01
5.15
5.11
5.07
4.95
4.96
4.98
5.08
5.14
5.16
5.19
5.24
5.26
5.33
5.28
5.27
5.21
5.20
5.13
5.11
5.11
5.09
5.09
5.09
5.09
5.15
5.16
5.16
5.26
5.26
5.30
5.38
5.56
5.62
5.72
5.79
5.71
5.60
5.49
5.40
5.40
5.34
5.30
5.30
5.28
5.30
5.41
5.43
5.55
5.53
5.60
5.64
5.67
5.69
5.69
5.76
5.78
5.85
5.85
5.83
5.85
5.83
5.82
5.89
5.88
5.97
5.99
5.97
5.96
6.01
6.01
6.03
6.09
6.15
6.13
6.17
6.24
6.29
6.29
6.27
6.35
6.33
6.33
6.33
6.35
6.37
6.35
6.33
6.37
6.42
6.52
6.63
6.63
6.68
6.70
6.74
6.77
6.71
6.69
6.67
6.72
6.73
6.73
6.71
6.66
6.66
6.62
6.64
6.62
6.62
6.62
6.62
6.62
6.62
6.62
6.62
6.61
6.60
6.55
6.55
6.59
6.55
6.62
6.75
6.80
6.88
6.91
6.86
6.91
6.90
6.89
6.92
6.86
6.86
6.87
6.87
6.87
6.86
6.84
6.86
6.87
6.87
6.80
6.84
6.84
6.84
6.82
6.82
6.82
6.84
6.89
6.91
7.06
7.15
7.15
7.17
7.20
7.11
7.15
7.04
6.98
6.93
6.84
6.82
6.87
6.85
6.86
6.88
6.89
6.88
7.02
7.06
7.14
7.19
7.15
7.15
7.19
7.23
7.28
7.31
7.31
7.33
7.39
7.41
7.46
7.56
7.59
7.66
7.64
7.65
7.67
7.58
7.55
7.59
7.58
7.54
7.51
7.49
7.46
7.51
7.51
7.51
7.51
7.53
7.56
7.62
7.71
7.77
7.85
7.89
7.93
8.10
8.28
8.26
8.30
8.32
8.29
8.27
8.22
8.19
8.15
8.08
8.10
8.15
8.13
8.15
8.19
8.18
8.21
8.23
8.23
8.23
8.21
8.24
8.31
8.31
8.36
8.34
8.34
8.36
8.38
8.41
8.46
8.48
8.43
8.33
8.32
8.27
8.27
8.28
8.31
8.26
8.30
8.35
8.35
8.34
8.40
8.46
8.48
8.48
8.51
8.55
8.53
8.51
8.50
8.51
8.50
8.56
8.58
8.60
8.55
8.61
8.67
8.64
8.72
8.67
8.62
8.65
8.72
8.68
8.73
8.84
8.86
8.87
8.85
8.85
8.85
8.81
8.85
8.84
8.84
8.84
8.86
8.88
8.88
8.90
8.97
9.00
9.03
9.11
9.05
9.05
9.08
9.13
9.20
9.16
9.16
9.24
9.25
9.28
9.30
9.25
9.26
9.29
9.31
9.22
9.22
9.26
9.18
9.18
9.19
9.15
9.13
9.14
9.13
9.14
9.10
9.04
9.08
9.06
9.03
9.09
9.14
9.26
9.29
9.24
9.29
9.31
9.29
9.19
9.08
9.03
8.97
8.95
8.97
8.93
8.95
8.96
8.98
9.00
9.06
9.06
9.09
9.13
9.22
9.32
9.34
9.36
9.42
9.45
9.48
9.56
9.57
9.58
9.66
9.73
9.74
9.67
9.74
9.72
9.62
9.60
9.53
9.48
9.40
9.41
9.42
9.44
9.44
9.39
9.40
9.42
9.44
9.49
9.55
9.54
9.57
9.59
9.55
9.59
9.73
9.83
9.92
9.82
9.79
9.72
9.63
9.70
9.74
9.78
9.78
9.77
9.81
9.83
9.86
9.85
9.89
9.91
9.91
9.91
9.89
9.91
9.92
9.91
9.92
9.94
10.01
10.01
10.00
10.00
10.03
10.01
10.00
10.07
10.03
10.00
10.04
10.15
10.17
10.12
10.17
10.15
10.15
10.20
10.24
10.30
10.33
10.33
10.38
10.34
10.31
10.34
10.36
10.36
10.32
10.30
10.29
10.30
10.36
10.36
10.33
10.38
10.31
10.32
10.34
10.39
10.36
10.39
10.32
10.14
10.13
10.12
10.12
10.22
10.31
10.30
10.32
10.34
10.29
10.25
10.28
10.28
10.33
10.38
10.36
10.33
10.33
10.28
10.26
10.33
10.35
10.37
10.35
10.38
10.47
10.48
10.55
10.57
10.51
10.44
10.36
10.36
10.39
10.44
10.48
10.47
10.51
10.56
10.58
10.58
10.58
10.61
10.65
10.68
10.66
10.70
10.75
10.75
10.75
10.73
10.77
10.80
10.89
10.79
10.76
10.71
10.63
10.54
10.52
10.47
10.43
10.45
10.48
10.42
10.47
10.49
10.54
10.58
10.56
10.59
10.64
10.66
10.69
10.64
10.59
10.57
10.68
10.72
10.79
10.85
10.85
10.87
10.92
10.85
10.80
10.85
10.76
10.82
10.83
10.83
10.87
10.90
10.96
10.94
10.94
11.03
11.08
11.07
11.05
11.07
11.00
11.05
11.05
11.06
11.06
11.04
11.03
11.05
11.08
11.07
11.07
11.23
11.21
11.35
11.39
11.48
11.37
11.33
11.31
11.16
11.13
11.13
11.13
11.15
11.16
11.14
11.14
11.18
11.19
11.29
11.34
11.33
11.34
11.32
11.31
11.33
11.37
11.35
11.39
11.39
11.41
11.51
11.55
11.51
11.46
11.50
11.46
11.43
11.41
11.39
11.45
11.52
11.51
11.60
11.60
11.62
11.68
11.64
11.66
11.71
11.71
11.75
11.79
11.79
11.79
11.80
11.84
11.79
11.80
11.80
11.77
11.80
11.88
12.01
12.01
12.04
12.10
12.08
12.14
12.08
12.12
12.16
12.17
12.18
12.21
12.17
12.20
12.19
12.18
12.19
12.19
12.14
12.08
12.12
12.19
12.19
12.22
12.22
12.25
12.27
12.29
12.33
12.30
12.29
12.34
12.36
12.45
12.41
12.47
12.47
12.47
12.47
12.44
12.43
12.34
12.34
12.34
12.31
12.29
12.27
12.25
12.27
12.30
12.27
12.33
12.34
12.47
12.54
12.59
12.63
12.61
12.56
12.51
12.52
12.49
12.48
12.53
12.52
12.45
12.30
12.40
12.37
12.38
12.41
12.43
12.49
12.57
12.62
12.63
12.69
12.76
12.78
12.84
12.82
12.84
12.91
12.91
12.93
12.90
12.85
12.88
12.86
12.79
12.79
12.85
12.85
12.87
12.92
12.87
12.90
12.92
12.91
12.87
12.82
12.76
12.78
12.81
12.83
12.88
12.85
12.85
12.88
12.87
12.82
12.87
12.79
12.84
12.83
12.79
12.86
12.86
12.91
13.01
13.10
13.13
13.19
13.29
13.23
13.24
13.31
13.28
13.16
13.09
12.99
12.91
12.89
12.88
12.83
12.79
12.76
12.76
12.75
12.78
12.80
12.84
12.86
12.89
12.92
12.92
12.94
13.01
13.08
13.11
13.16
13.19
13.14
13.16
13.12
13.14
13.14
13.02
13.05
13.01
12.91
12.87
12.81
12.79
12.76
12.71
12.67
12.69
12.66
12.66
12.69
12.72
12.77
12.75
12.71
12.72
12.77
12.75
12.89
12.85
12.81
12.76
12.71
12.73
12.73
12.82
12.88
12.91
13.00
13.12
13.13
13.17
13.24
13.31
13.30
13.32
13.37
13.38
13.37
13.37
13.35
13.37
13.31
13.37
13.35
13.33
13.19
13.16
13.14
13.07
13.12
13.14
13.11
13.12
13.23
13.28
13.22
13.26
13.28
13.33
13.36
13.42
13.48
13.67
13.68
13.72
13.69
13.67
13.68
13.65
13.66
13.71
13.72
13.70
13.77
13.68
13.76
13.68
13.64
13.60
13.58
13.55
13.63
13.72
13.71
13.74
13.70
13.72
13.72
13.67
13.60
13.52
13.55
13.55
13.59
13.63
13.63
13.64
13.66
13.64
13.75
13.75
13.77
13.72
13.70
13.65
13.58
13.51
13.52
13.41
13.39
13.23
13.24
13.23
13.35
13.39
13.53
13.53
13.67
13.83
13.84
13.83
13.87
13.91
13.87
13.90
13.94
13.89
13.94
13.89
13.91
13.93
13.91
13.86
13.83
13.85
13.89
14.14
14.17
14.19
14.05
13.97
13.82
13.67
13.65
13.63
13.63
13.81
13.82
13.82
13.93
13.96
13.96
13.94
13.92
13.98
13.99
13.99
14.01
14.02
13.99
14.06
14.13
14.20
14.21
14.21
14.21
14.38
14.45
14.45
14.42
14.29
14.26
14.23
14.23
14.25
14.20
14.29
14.29
14.36
14.38
14.43
14.47
14.54
14.58
14.63
14.58
14.52
14.50
14.50
14.50
14.50
14.48
14.55
14.53
14.54
14.49
14.56
14.54
14.63
14.67
14.69
14.69
14.69
14.65
14.67
14.72
14.73
14.73
14.71
14.73
14.68
14.59
14.56
14.58
14.50
14.52
14.53
14.46
14.51
14.51
14.56
14.59
14.60
14.65
14.76
14.80
14.82
14.80
14.87
14.97
15.04
15.07
15.07
15.09
15.03
15.03
15.05
15.10
15.06
14.98
14.99
15.04
15.02
15.02
15.00
15.03
15.11
15.13
15.18
15.25
15.23
15.17
15.17
15.18
15.20
15.10
15.12
15.22
15.34
15.41
15.49
15.44
15.46
15.51
15.52
15.56
15.49
15.48
15.50
15.53
15.53
15.56
15.58
15.63
15.55
15.52
15.50
15.55
15.58
15.58
15.47
15.50
15.46
15.53
15.59
15.63
15.86
15.80
15.80
15.74
15.63
15.70
15.75
15.84
15.84
15.99
16.07
16.02
15.99
16.03
15.98
15.95
15.98
15.92
16.11
16.03
16.06
16.06
16.03
15.95
16.01
15.94
16.01
15.99
16.12
16.33
16.20
16.20
16.09
16.11
16.09
16.20
16.19
16.21
16.26
16.17
16.19
16.19
16.21
16.19
16.18
16.16
16.17
16.15
16.22
16.27
16.29
16.31
16.37
16.36
16.31
16.25
16.20
16.22
16.42
16.52
16.50
16.58
16.70
16.82
16.80
16.76
16.73
16.74
16.72
16.74
16.76
16.73
16.74
16.68
16.59
16.56
16.53
16.58
16.43
16.37
16.33
16.36
16.38
16.48
16.54
16.57
16.47
16.34
16.35
16.36
16.37
16.54
16.70
16.77
16.85
16.80
16.80
16.84
16.84
16.76
16.74
16.71
16.76
16.72
16.79
16.81
16.91
16.95
16.85
16.64
16.47
16.51
16.57
16.84
16.92
16.96
16.82
16.79
16.82
16.74
16.67
16.77
17.03
17.04
17.05
17.10
17.03
17.07
17.05
17.09
17.03
17.03
17.05
17.05
17.05
17.10
17.05
17.11
17.16
17.14
17.23
17.28
17.24
17.22
17.26
17.18
17.06
17.21
17.17
17.12
17.12
17.29
17.44
17.46
17.51
17.48
17.49
17.45
17.35
17.33
17.41
17.41
17.56
17.56
17.63
17.58
17.66
17.66
17.76
17.64
17.55
17.64
17.69
17.71
17.74
17.81
17.82
17.78
17.84
17.74
17.69
17.56
17.52
17.46
17.43
17.54
17.65
17.63
17.69
17.65
17.74
17.75
17.70
17.71
17.75
17.70
17.70
17.71
17.69
17.50
17.54
17.52
17.50
17.40
17.50
17.41
17.37
17.44
17.63
17.85
17.68
17.27
16.87
16.87
17.16
17.68
18.04
18.17
18.27
18.21
18.21
18.22
18.19
18.14
18.05
18.07
18.08
18.15
18.17
18.18
18.18
18.16
18.31
18.31
18.27
18.22
18.22
18.18
18.23
18.32
18.30
18.25
18.37
18.43
18.50
18.47
18.42
18.44
18.42
18.39
18.46
18.46
18.52
18.61
18.52
18.53
18.52
18.52
18.52
18.53
18.63
18.60
18.52
18.51
18.56
18.66
18.91
18.74
18.80
18.89
18.89
18.94
18.84
18.86
18.73
18.74
18.64
18.44
18.50
18.49
18.44
18.39
18.51
18.57
18.59
18.61
18.64
18.68
18.68
18.62
18.61
18.68
18.66
18.72
18.72
18.93
18.94
18.87
18.88
18.95
18.87
18.69
18.53
18.47
18.61
18.66
18.74
18.78
18.80
18.81
18.92
18.91
18.89
18.92
18.94
18.94
18.87
18.87
18.92
19.00
19.05
19.00
19.00
19.07
19.10
19.17
19.17
19.13
19.20
19.25
19.31
19.35
19.35
19.41
19.53
19.59
19.68
19.72
19.72
19.67
19.60
19.44
19.39
19.39
19.31
19.27
19.27
19.33
19.19
19.19
19.39
19.55
19.51
19.53
19.60
19.65
19.54
19.54
19.54
19.65
19.62
19.62
19.50
19.55
19.45
19.36
19.35
19.42
19.35
19.44
19.44
19.48
19.55
19.57
19.62
19.58
19.67
19.56
19.59
19.59
19.55
19.60
19.63
19.57
19.65
19.72
19.86
19.86
19.75
19.93
19.87
19.89
19.81
19.79
19.83
19.95
19.87
19.93
19.87
19.96
19.93
19.86
19.78
19.83
19.76
19.76
19.93
19.86
19.95
19.94
19.97
19.93
19.84
19.74
19.76
19.75
19.72
19.88
19.95
19.87
19.84
19.67
19.59
19.63
19.55
19.67
19.86
19.87
19.91
19.82
19.87
19.85
20.03
20.11
20.20
20.20
20.13
20.06
20.15
20.18
20.29
20.28
20.06
20.01
19.95
19.81
19.82
19.78
19.87
19.81
19.61
19.63
19.70
19.68
19.71
19.67
19.69
19.55
19.67
19.66
19.53
19.59
19.64
19.61
19.62
19.69
19.72
19.74
19.70
19.68
19.69
19.64
19.45
19.44
19.54
19.57
19.59
19.64
19.72
19.82
19.94
19.87
20.02
20.02
19.91
19.96
20.04
20.11
20.20
20.16
20.15
20.18
20.33
20.40
20.37
20.38
20.40
20.43
20.44
20.55
20.54
20.59
20.59
20.59
20.52
20.48
20.43
20.41
20.27
20.38
20.36
20.38
20.78
20.77
20.79
20.86
20.75
20.65
20.65
20.76
20.72
20.70
20.62
20.57
20.59
20.58
20.54
20.53
20.57
20.42
20.44
20.49
20.49
20.53
20.41
20.53
20.51
20.49
20.55
20.84
20.85
20.77
20.63
20.64
20.70
20.80
20.72
20.66
20.81
20.70
20.67
20.83
20.74
20.65
20.69
20.87
20.94
21.03
21.09
21.05
21.03
20.93
20.90
20.85
20.77
20.79
20.86
21.24
21.48
21.41
21.28
21.22
21.20
21.12
21.15
21.10
21.12
21.04
21.08
21.09
21.11
21.09
21.11
21.14
21.18
21.12
21.13
21.13
21.14
21.11
21.18
21.18
21.21
21.19
21.27
21.38
21.38
21.27
21.20
21.05
20.76
20.79
20.91
21.12
21.23
21.11
21.07
20.97
20.93
21.03
21.11
21.13
21.10
21.07
20.98
20.95
20.88
20.84
20.86
20.97
20.97
20.86
20.94
21.07
20.92
21.07
21.29
21.12
21.05
21.10
21.15
21.15
21.19
21.21
21.17
21.07
21.08
21.11
20.99
21.02
21.17
21.18
21.15
21.18
20.99
20.94
20.95
20.94
21.03
21.14
21.10
21.21
21.28
21.26
21.31
21.17
21.30
21.59
21.76
21.74
21.70
21.50
21.40
21.38
21.55
21.41
21.34
21.41
21.41
21.33
21.47
21.46
21.46
21.50
21.57
21.67
21.68
21.62
21.57
21.69
21.74
21.79
21.83
21.83
22.08
22.34
22.34
22.28
22.35
22.49
22.64
22.65
22.54
22.41
22.33
22.26
21.98
21.97
22.02
22.07
22.14
22.10
22.01
22.10
22.11
22.16
22.16
22.18
22.28
22.33
22.37
22.35
22.34
22.39
22.49
22.57
22.60
22.59
22.62
22.71
22.68
22.69
22.46
22.14
22.10
22.13
22.37
22.59
22.86
22.91
22.82
22.77
22.66
22.70
22.66
22.66
22.66
22.71
22.77
22.80
22.70
22.76
22.75
22.82
22.83
22.80
22.69
22.70
22.78
22.84
22.63
22.50
22.39
22.28
22.34
22.44
22.50
22.55
22.67
22.72
22.91
22.92
23.08
23.05
22.94
22.98
22.98
22.95
22.90
22.94
22.85
22.85
22.85
22.85
22.80
22.91
23.01
23.04
23.17
23.12
22.92
22.75
22.50
22.52
22.79
22.98
22.96
22.97
23.04
22.95
22.93
23.00
22.88
22.76
22.68
22.73
22.73
22.56
22.45
22.42
22.47
22.34
22.37
22.46
22.40
22.66
22.81
23.02
23.13
23.26
23.22
23.13
23.03
22.75
22.63
22.83
22.98
22.94
22.98
22.98
23.12
23.11
23.04
23.10
22.99
22.93
22.85
22.62
22.46
22.37
22.08
21.86
21.75
21.75
22.04
22.65
22.89
22.96
23.10
23.30
23.35
23.30
22.97
22.54
22.38
22.33
22.40
22.69
22.90
22.93
22.81
22.72
22.52
22.61
22.65
22.77
22.85
23.13
23.29
23.37
23.49
23.50
23.52
23.51
23.43
23.59
23.76
23.93
23.72
23.72
23.64
23.73
23.33
23.00
22.95
22.86
22.68
22.43
22.44
22.60
22.87
22.72
22.70
22.70
22.74
22.79
22.80
22.88
22.81
22.70
22.70
22.68
22.78
22.92
23.12
23.48
23.52
23.59
23.71
23.83
23.96
23.89
23.87
23.90
23.80
23.83
23.77
23.79
23.89
23.87
23.89
23.94
23.92
23.90
23.90
23.85
23.91
23.92
23.90
23.97
23.90
23.94
23.92
24.00
24.01
23.96
23.91
23.93
23.86
23.76
23.73
23.69
23.58
23.53
23.42
23.42
23.47
23.42
23.58
23.54
23.63
23.54
23.42
23.46
23.41
23.56
23.65
23.58
23.63
23.60
23.64
23.61
23.57
23.59
23.59
23.56
23.67
23.66
23.92
24.01
24.06
24.10
23.87
23.68
23.67
23.84
23.98
24.00
24.05
24.05
24.15
24.06
24.11
24.04
24.10
24.07
24.10
23.97
23.91
23.79
23.74
23.76
23.77
23.91
23.88
23.94
23.70
23.66
23.82
23.87
23.90
23.76
23.68
23.76
23.81
23.96
23.96
23.93
24.01
23.99
23.99
24.06
24.11
24.15
24.05
24.03
23.90
24.17
23.99
23.96
23.83
23.97
24.07
23.99
24.08
24.10
24.18
24.28
24.48
24.49
24.64
24.74
24.70
24.73
24.72
24.79
24.86
25.00
25.00
24.95
24.90
24.95
24.87
24.80
24.86
24.89
24.93
24.84
24.86
24.90
24.86
24.86
24.85
24.94
24.92
24.98
24.91
24.90
24.85
24.96
25.08
25.17
25.17
25.10
25.01
25.15
25.08
25.08
25.07
25.05
25.07
25.08
25.06
25.11
25.13
25.21
25.07
25.10
25.08
25.18
25.20
25.26
25.36
25.30
25.21
25.24
25.34
25.21
25.36
25.31
25.21
25.34
25.31
25.42
25.53
25.61
25.66
25.71
25.79
25.71
25.75
25.77
25.71
25.70
25.77
25.88
25.96
26.02
26.04
25.97
26.08
25.93
25.88
25.86
25.86
25.98
25.93
25.92
25.94
26.08
25.98
25.80
25.62
25.59
25.65
25.82
25.87
25.91
25.94
26.02
26.00
26.05
26.13
26.09
26.10
26.04
25.92
25.97
26.02
26.03
26.01
26.10
26.15
26.06
26.14
26.17
26.02
26.02
26.17
26.44
26.54
26.70
26.64
26.52
26.33
26.21
26.09
26.04
26.07
26.04
26.08
26.14
26.23
26.22
26.34
26.41
26.41
26.53
26.56
26.57
26.55
26.58
26.67
26.65
26.68
26.42
26.31
26.29
26.29
26.42
26.32
26.54
26.47
26.54
26.63
26.74
26.67
26.67
26.64
26.65
26.74
26.71
26.78
26.78
26.84
26.82
26.89
26.91
26.93
26.89
26.89
26.91
26.92
26.88
27.07
27.16
27.21
27.20
27.22
27.23
27.19
27.16
27.11
27.15
26.92
26.49
26.39
26.23
26.07
26.06
26.02
26.08
26.31
26.34
26.45
26.51
26.57
26.64
26.64
26.73
26.82
26.94
26.84
26.41
25.86
25.61
25.41
25.41
25.60
25.58
25.72
25.86
25.94
26.12
26.36
26.37
26.38
26.51
26.49
26.76
26.77
26.90
26.99
27.22
27.18
27.19
27.10
27.03
26.97
26.88
26.75
26.65
26.70
26.74
26.78
26.84
27.03
27.14
27.22
27.20
27.42
27.49
27.45
27.06
26.70
26.48
26.40
26.45
26.60
26.72
26.91
26.92
27.15
27.27
27.31
27.42
27.52
27.57
27.61
27.67
27.64
27.54
27.65
27.63
27.69
27.71
27.65
27.83
27.89
28.05
27.93
28.03
28.01
28.00
27.97
27.97
27.96
27.97
27.94
28.01
28.04
28.09
28.01
27.96
28.02
28.03
28.02
28.03
28.12
28.20
28.29
28.36
28.39
28.46
28.53
28.45
28.36
28.32
28.19
28.22
28.24
28.21
28.35
28.30
28.37
28.40
28.46
28.43
28.40
28.49
28.57
28.62
28.71
28.69
28.81
28.79
28.84
28.94
28.98
28.93
28.95
28.98
28.90
28.88
28.97
29.11
28.88
28.73
28.70
28.83
28.95
28.85
28.62
28.64
28.71
28.70
28.67
28.57
28.55
28.58
28.66
28.72
28.73
28.68
28.81
28.94
28.86
28.86
28.92
28.88
28.93
29.00
29.07
29.18
29.14
29.25
29.10
28.99
28.94
28.85
28.70
28.61
28.53
28.48
28.63
28.79
28.83
28.91
29.01
29.29
29.28
29.16
28.76
28.62
28.42
28.07
27.91
27.74
27.80
27.97
28.32
28.52
28.88
29.06
29.33
29.40
29.44
29.43
29.37
29.41
29.37
29.21
28.98
29.21
29.65
29.70
29.67
29.71
29.72
29.75
29.76
29.78
29.75
29.82
29.87
29.77
29.70
29.58
29.46
29.21
29.20
29.18
29.09
29.15
29.17
29.23
29.19
29.14
29.22
29.28
29.48
29.41
29.23
29.24
29.18
29.27
29.47
29.53
29.57
29.60
29.63
29.74
29.75
29.69
29.70
29.70
29.68
29.70
29.67
29.60
29.65
29.61
29.76
29.67
29.74
29.59
29.54
29.79
29.84
29.95
29.86
29.85
29.79
29.87
29.94
30.02
29.97
29.91
29.93
30.01
29.91
29.99
29.89
29.84
29.86
29.98
30.00
29.98
30.02
30.03
30.07
30.12
30.17
30.22
30.28
30.19
30.27
30.20
30.23
30.15
30.42
30.85
30.71
30.63
30.69
30.65
30.66
30.57
30.57
30.27
30.09
30.39
30.54
30.46
30.52
30.67
30.65
30.78
30.77
30.80
30.74
30.66
30.71
30.69
30.71
30.61
30.47
30.10
30.18
30.19
30.31
30.47
30.62
30.67
30.92
30.85
30.92
30.93
30.63
30.45
30.21
30.10
30.29
30.22
29.94
29.31
29.24
29.44
29.55
29.81
29.92
30.02
29.97
29.40
29.96
30.28
30.46
30.51
30.55
30.36
30.23
30.07
30.04
30.02
30.18
30.23
30.11
30.00
29.39
29.33
29.33
29.51
29.41
29.42
29.46
29.23
29.25
29.62
29.71
29.89
29.90
30.08
30.26
30.17
30.17
30.10
30.24
30.26
30.41
30.51
30.46
30.56
30.72
30.72
30.83
30.82
30.88
30.97
30.96
31.03
31.05
31.09
31.11
31.13
31.18
31.18
31.14
30.99
30.91
30.73
30.61
30.55
30.49
30.48
30.70
30.74
30.66
30.71
31.08
31.31
31.27
31.33
31.24
30.97
31.12
31.29
31.19
31.07
31.04
31.13
31.09
30.96
30.91
31.07
30.92
30.83
30.86
31.14
31.03
30.99
31.06
31.06
31.22
31.07
31.14
31.03
30.94
30.98
31.17
30.82
30.39
29.98
30.26
30.52
30.69
30.99
31.20
31.25
31.24
31.23
31.32
31.34
31.31
31.19
31.32
31.31
31.36
31.29
31.19
31.36
31.43
31.39
31.51
31.57
31.47
31.42
31.12
30.94
31.03
31.25
31.31
31.50
31.25
31.33
31.35
31.29
31.34
31.16
31.30
31.18
31.08
31.10
31.33
31.45
31.34
31.38
31.40
31.52
31.57
31.59
31.68
31.65
31.47
31.52
31.22
31.26
31.13
30.96
30.88
30.85
30.80
30.51
30.34
30.30
30.29
30.32
30.26
30.60
30.71
30.50
30.35
30.35
30.41
30.52
30.50
30.32
30.41
30.73
30.65
30.74
30.65
30.47
30.34
30.30
30.17
29.90
29.74
29.37
29.68
30.01
30.22
30.71
30.78
30.86
30.92
30.96
30.88
30.75
30.42
30.21
30.35
30.31
30.26
30.56
31.11
31.23
31.42
31.45
31.33
31.35
30.96
30.74
30.51
30.37
30.60
30.88
31.19
31.20
31.15
31.18
31.38
31.45
31.60
31.72
31.77
31.80
31.85
31.89
31.84
31.87
32.01
32.09
31.94
31.88
31.82
31.79
32.12
32.30
32.31
32.37
32.41
32.46
32.40
32.45
32.61
32.60
32.53
32.39
32.60
32.39
32.40
32.28
32.19
32.23
32.46
32.31
32.45
32.49
32.51
32.61
32.58
32.62
32.55
32.51
32.61
32.60
32.68
32.56
32.44
32.41
32.46
32.36
32.48
32.61
32.61
32.70
32.70
32.52
32.58
32.63
32.66
32.64
32.41
32.15
32.06
31.87
31.73
31.93
32.05
32.15
32.11
32.20
32.41
32.41
32.57
32.52
32.58
32.33
32.23
31.93
32.17
32.26
32.56
32.57
32.64
32.83
32.77
32.57
32.39
32.30
32.57
32.91
32.91
32.87
32.58
32.54
32.43
32.34
32.45
32.38
32.37
32.56
32.60
32.74
32.79
32.88
32.95
32.99
33.06
33.21
33.20
33.08
33.06
33.18
32.92
32.92
32.98
32.89
32.77
32.66
32.58
32.19
32.00
31.97
32.13
32.18
32.51
32.59
32.77
33.02
32.84
32.36
32.08
32.46
32.92
33.07
33.22
33.33
33.40
33.42
33.49
33.48
33.50
33.55
33.53
33.37
33.26
33.19
32.82
32.56
32.67
32.99
32.82
32.43
32.34
32.36
32.24
32.07
32.48
32.89
33.10
33.27
33.16
33.26
33.36
33.17
33.16
33.10
33.19
33.30
33.27
33.25
33.38
33.86
34.02
33.95
34.02
33.83
33.35
32.75
32.37
32.19
32.21
32.39
32.37
32.60
32.68
32.58
32.55
32.67
32.77
32.77
32.37
32.36
32.35
32.44
32.17
32.23
32.20
32.27
32.13
32.06
32.22
32.57
32.72
32.87
32.87
32.82
32.75
32.90
33.01
33.06
32.93
32.92
32.93
33.01
32.96
33.01
33.19
33.32
33.41
33.09
32.95
33.31
33.46
33.36
33.44
33.45
33.29
33.20
33.31
33.36
33.38
33.48
33.75
34.00
33.80
33.73
33.32
33.32
33.04
32.98
32.81
32.33
32.25
32.35
32.14
31.72
31.55
31.55
31.57
31.63
31.72
31.49
31.42
30.95
31.55
32.26
32.53
32.24
32.04
31.84
31.88
32.19
32.65
33.13
33.09
33.27
33.06
32.78
32.70
32.66
32.34
32.34
32.15
32.28
32.50
32.36
32.25
32.05
31.92
31.68
31.56
31.67
31.92
32.38
32.39
32.48
32.59
32.72
32.73
32.04
31.63
31.76
32.07
32.41
32.43
32.25
32.23
32.47
32.57
32.66
32.67
32.69
32.63
32.54
32.45
32.50
32.41
32.38
32.37
32.58
32.58
32.65
32.68
32.68
32.84
32.92
32.85
32.77
32.62
32.56
32.80
32.94
33.35
33.52
33.37
33.30
33.48
33.24
33.30
33.44
33.44
33.27
33.10
32.89
32.87
32.79
32.77
33.21
33.17
32.93
32.71
32.54
32.79
32.80
32.77
32.98
32.90
32.75
32.59
32.82
32.92
33.09
33.39
33.30
33.37
33.41
33.45
33.05
33.00
33.06
32.86
32.76
32.74
32.69
32.65
32.54
32.37
32.30
32.41
32.54
32.63
32.57
32.47
32.38
31.97
31.77
32.05
32.19
32.31
32.42
32.48
32.38
32.29
32.39
32.47
32.60
32.86
33.04
33.08
32.76
32.42
32.71
32.81
32.98
33.05
33.24
33.38
33.52
33.39
33.47
33.50
33.57
33.63
33.65
33.57
33.58
33.61
33.42
33.41
33.53
33.44
33.77
33.92
33.98
34.01
33.95
33.96
33.78
33.67
33.92
34.00
34.06
34.04
34.12
33.74
33.39
33.65
33.74
33.60
33.76
33.77
33.64
33.60
33.44
33.36
33.53
33.54
33.53
33.63
33.70
33.77
33.67
33.69
33.99
34.07
34.10
34.15
34.21
34.34
34.26
34.35
34.32
34.15
34.17
34.60
34.57
34.66
34.38
34.52
34.67
34.48
34.42
34.23
34.24
33.85
33.77
33.84
34.06
34.18
34.52
34.42
34.55
34.83
34.82
34.93
34.87
34.76
34.72
34.70
34.80
34.80
34.61
34.44
34.40
34.35
34.33
34.39
34.19
34.09
34.10
34.04
34.00
33.95
33.93
33.63
34.03
34.22
34.28
34.18
34.17
34.37
34.51
34.45
34.45
34.42
33.93
33.99
34.14
34.24
34.32
34.39
34.52
34.56
34.63
34.49
34.41
34.47
34.46
34.44
34.38
34.33
34.36
34.53
34.88
35.07
34.90
34.78
34.78
34.88
34.99
35.00
35.05
35.08
35.08
35.13
35.01
34.79
34.69
34.63
34.39
34.26
34.11
34.16
34.20
34.24
34.08
34.01
33.89
33.82
33.76
33.83
33.93
34.17
34.30
34.41
34.51
34.74
34.76
34.84
34.88
34.65
34.39
34.56
34.62
34.51
34.32
34.17
34.06
34.25
34.48
34.74
34.65
34.46
34.38
34.30
34.62
34.60
34.73
34.71
34.85
34.73
34.26
34.03
34.02
34.13
34.14
34.07
34.27
34.37
34.47
34.55
34.73
34.98
34.92
35.01
34.83
34.61
34.30
34.71
34.75
34.61
34.53
34.35
34.27
34.09
34.02
34.03
34.31
34.51
34.76
35.02
34.95
34.86
34.72
34.85
34.93
34.98
34.89
35.02
34.96
35.25
35.15
35.03
35.08
35.10
34.95
34.88
34.93
34.92
34.91
35.03
35.16
35.05
34.98
34.67
34.82
34.99
34.97
34.83
34.81
34.90
34.75
34.54
34.11
34.39
34.91
34.74
34.63
34.62
34.76
34.71
34.94
34.98
34.85
34.91
35.10
35.35
35.40
35.49
35.51
35.30
35.06
34.59
34.51
34.56
34.60
34.47
34.36
34.44
34.45
34.55
34.58
34.42
34.25
34.09
34.35
34.80
34.79
34.76
34.73
34.64
34.90
35.07
35.18
35.18
35.36
35.40
35.69
35.58
35.53
35.32
35.05
35.09
34.77
34.49
34.50
34.45
34.33
34.29
34.39
34.39
34.29
34.37
34.54
34.69
34.69
34.85
34.92
35.14
35.19
35.15
35.14
35.07
35.19
34.79
34.65
34.78
34.79
34.80
34.96
35.13
35.18
35.28
35.30
35.08
34.70
34.44
34.55
34.72
35.04
35.20
35.23
35.31
35.25
35.24
35.23
35.15
35.13
35.24
35.11
35.08
35.09
34.94
34.66
34.58
34.25
34.23
34.23
34.41
34.61
34.63
34.69
34.25
33.86
33.84
33.98
34.23
34.47
34.23
34.30
34.58
34.67
34.58
34.73
34.76
34.72
34.41
34.17
33.22
32.27
32.65
33.75
34.43
34.94
35.25
35.04
34.88
34.49
34.59
34.64
34.67
34.71
34.38
34.30
34.24
34.13
34.35
34.68
34.85
35.02
34.86
35.00
34.91
34.73
34.74
35.11
35.16
35.26
35.10
35.19
35.34
35.58
35.69
35.39
35.34
35.13
35.36
35.46
35.33
35.29
35.36
35.46
35.08
35.21
34.98
35.02
34.97
34.76
34.64
34.86
34.79
34.67
34.41
34.32
34.19
34.32
34.27
34.07
34.04
34.32
34.44
34.44
34.62
35.04
35.54
35.52
35.53
35.52
35.21
35.14
34.92
34.80
34.72
34.36
34.31
34.34
34.38
34.22
34.14
34.29
34.42
34.69
34.98
35.33
35.23
35.21
35.02
35.19
35.38
35.25
35.05
34.75
34.22
33.90
34.05
34.08
34.26
34.28
34.24
34.13
34.35
34.50
34.76
34.77
34.98
35.04
35.10
35.25
35.45
35.57
35.51
35.66
35.62
35.16
35.56
35.82
35.97
36.01
36.04
36.28
35.77
35.35
35.36
35.36
35.23
35.42
35.25
35.06
35.26
34.86
34.87
35.06
35.08
34.98
35.00
35.08
35.29
35.35
35.38
35.36
35.26
35.30
35.54
35.57
35.62
35.70
35.84
35.89
35.86
35.90
36.01
35.94
35.79
35.87
36.05
36.21
36.12
36.35
36.27
36.20
36.20
36.13
36.31
36.38
36.36
36.26
36.32
36.30
36.54
36.54
36.57
36.69
36.87
36.98
36.50
36.36
36.45
36.53
36.81
36.55
36.52
36.53
36.33
36.42
36.37
36.31
36.21
35.97
35.26
35.11
35.48
35.80
36.05
36.00
36.07
36.09
36.21
36.10
35.96
35.83
35.97
35.87
36.00
35.96
35.97
36.00
36.04
36.20
36.22
36.32
36.04
36.10
36.12
36.29
36.22
36.36
36.35
36.45
36.35
36.52
36.55
36.61
36.69
36.66
36.87
36.73
36.71
36.86
36.85
36.74
36.59
36.45
36.44
36.58
36.70
36.68
36.68
36.56
36.44
36.79
36.87
37.02
37.08
37.20
37.10
37.34
37.48
37.40
37.43
37.33
37.29
37.33
37.46
37.41
37.46
37.40
37.39
37.39
37.51
37.45
37.47
37.55
37.78
37.78
37.79
37.79
37.80
37.91
37.99
38.15
38.21
38.04
37.87
37.70
37.54
37.59
37.40
37.53
37.42
37.35
36.99
36.99
36.98
37.17
37.19
37.29
37.46
37.53
37.60
37.65
37.65
37.73
37.83
37.88
37.90
37.97
38.04
37.98
38.00
37.72
37.65
37.56
37.64
37.60
37.67
37.99
38.27
38.18
37.98
37.86
37.82
37.67
37.42
37.55
37.58
37.52
37.74
37.65
37.51
37.41
37.32
37.36
37.52
37.76
37.92
37.99
37.97
37.95
37.82
37.81
38.03
38.20
38.06
38.04
38.05
38.07
38.15
38.12
37.92
37.81
37.94
37.93
37.99
37.88
37.84
37.74
37.59
37.55
37.49
37.51
37.71
37.53
37.24
37.40
37.39
37.48
37.56
37.70
37.90
37.73
37.39
37.36
37.57
37.62
37.60
37.23
36.94
36.85
36.48
36.65
36.68
36.78
36.98
37.15
37.11
37.43
37.40
37.52
37.53
37.62
37.62
37.67
37.84
37.92
37.85
37.95
38.02
38.05
37.96
37.90
37.93
37.81
37.54
37.58
37.55
37.69
38.05
38.07
38.09
38.30
37.89
37.69
37.25
37.22
37.26
37.52
37.52
37.57
37.84
37.79
37.94
38.01
38.06
38.06
38.14
38.18
38.06
37.85
37.92
37.92
38.02
37.96
38.30
38.38
38.27
38.08
38.04
38.11
38.01
37.99
38.25
38.35
38.45
38.54
38.56
38.64
38.78
38.88
38.86
38.67
38.40
38.39
38.51
38.61
38.76
38.86
39.05
39.08
38.92
38.66
38.40
38.39
37.85
37.51
37.64
38.18
38.54
38.88
38.78
38.20
37.56
37.32
37.22
37.04
37.23
37.61
37.55
37.58
37.62
37.42
37.12
36.94
36.82
37.04
37.30
37.43
37.57
37.71
38.17
38.44
38.27
37.71
37.08
37.79
37.77
37.44
37.55
37.45
37.43
37.78
37.73
37.68
37.62
37.72
37.85
38.04
37.91
37.97
38.21
37.97
37.97
37.82
37.88
37.94
37.86
37.73
37.73
38.03
38.40
38.58
38.45
38.25
38.33
38.11
37.77
37.69
37.86
37.96
37.88
37.77
37.41
37.02
36.95
37.23
37.55
37.59
37.57
37.72
37.68
37.74
37.79
37.89
38.04
37.74
37.68
37.82
37.63
37.56
37.65
37.66
37.69
37.50
37.29
37.21
37.32
37.39
37.38
36.85
36.59
36.66
37.31
37.54
37.61
37.59
37.44
37.60
37.35
37.22
37.13
37.23
37.15
37.12
37.13
37.30
37.18
36.93
36.84
37.09
37.42
37.90
37.93
37.84
37.75
37.83
37.89
37.85
37.98
37.77
37.82
37.75
37.80
37.88
37.83
37.50
37.56
37.56
37.73
38.17
38.54
38.34
38.26
38.49
38.42
38.39
38.19
38.07
38.05
37.90
38.15
38.07
38.08
38.00
37.50
36.88
37.10
37.30
37.48
38.21
38.27
38.42
38.28
38.13
38.13
38.13
38.00
38.12
38.22
38.18
37.67
37.60
37.98
38.30
38.43
38.20
38.39
38.40
37.60
37.14
37.23
37.72
37.84
37.78
37.83
37.79
37.75
37.59
37.75
37.89
38.03
38.26
38.40
38.41
38.31
38.20
37.88
37.79
37.92
37.82
37.40
38.02
38.50
38.34
38.35
38.37
38.43
38.38
38.32
38.47
38.58
38.63
38.84
39.09
38.98
38.80
38.37
38.10
37.91
37.96
38.04
38.26
38.17
38.27
38.02
37.92
37.91
37.78
37.96
37.80
38.17
38.30
38.38
38.62
38.63
38.51
38.74
38.93
39.07
39.07
39.30
39.49
39.70
39.89
39.80
39.61
39.64
39.43
39.05
39.22
39.50
39.65
39.83
39.74
39.82
39.83
39.66
39.51
39.62
39.65
39.71
39.72
39.77
39.86
40.07
40.06
40.07
40.10
40.20
40.09
40.25
39.75
39.12
38.93
38.63
38.14
38.18
38.20
37.97
37.95
38.08
37.88
37.56
37.92
37.70
38.25
38.58
38.50
38.87
38.88
38.66
38.79
38.91
38.93
39.20
39.41
39.34
39.40
39.58
39.54
39.77
39.82
39.02
38.76
38.62
38.85
38.74
38.58
38.98
38.88
38.77
38.88
39.15
39.33
39.38
39.45
39.43
38.99
39.11
39.40
39.46
39.50
39.12
39.04
39.38
39.65
40.00
39.71
39.83
39.84
39.86
39.45
39.33
39.14
39.28
39.45
39.31
39.64
39.74
39.48
38.90
38.60
38.71
38.64
38.49
38.08
38.07
38.39
38.53
38.57
38.25
37.71
38.12
38.24
38.07
38.30
38.13
38.36
38.75
39.00
39.11
38.83
38.93
38.91
38.88
38.73
38.99
38.85
38.87
39.13
39.34
38.89
38.69
38.68
38.75
39.01
39.16
39.46
39.46
39.27
39.18
38.88
39.27
39.28
39.28
39.47
39.50
39.53
39.75
39.63
39.33
38.77
38.55
38.69
38.89
39.09
39.35
39.59
39.72
39.75
39.51
39.31
39.38
39.57
39.36
39.45
39.45
39.33
39.57
39.71
39.49
39.49
39.30
39.26
39.15
38.98
39.07
39.13
39.32
39.49
39.63
39.74
39.94
40.15
40.31
39.90
39.74
39.48
39.16
38.75
38.79
38.89
39.01
38.89
38.88
38.84
38.94
39.14
39.19
39.15
39.17
39.29
39.46
39.67
39.88
40.13
40.06
39.99
39.82
39.79
39.85
40.12
40.46
40.23
40.46
39.94
39.69
39.88
40.04
40.36
40.17
39.88
40.01
39.97
39.85
39.59
39.37
39.12
39.57
39.67
39.95
39.97
39.84
39.72
39.46
39.85
39.89
39.69
39.85
40.02
40.12
40.16
40.47
40.28
39.80
39.51
39.43
39.28
39.54
39.56
39.10
39.04
39.40
39.93
40.00
40.28
40.23
39.98
40.20
40.40
40.21
40.22
40.43
40.38
40.27
40.48
40.64
40.34
40.10
40.12
40.00
40.22
40.43
40.13
40.10
40.20
40.38
40.65
40.66
40.58
40.33
40.05
40.23
40.34
40.46
40.84
41.11
40.97
40.93
40.92
41.04
40.86
40.31
39.89
40.08
40.44
40.57
40.39
40.42
40.35
40.52
40.66
40.71
40.84
40.90
41.04
40.94
40.88
40.83
40.74
40.75
40.63
40.66
40.77
40.75
40.68
40.75
40.70
40.70
40.61
40.54
40.33
40.31
40.33
40.43
40.67
40.50
40.55
40.45
40.34
40.31
40.72
40.77
40.80
40.65
40.48
40.03
40.12
39.86
39.89
39.74
40.35
40.82
41.05
41.07
40.76
40.60
40.50
40.81
41.04
40.99
41.24
41.05
41.17
40.90
40.98
40.74
40.88
40.77
40.59
40.68
40.82
41.41
41.62
41.82
41.13
40.76
41.10
41.74
41.94
41.78
41.65
41.37
41.40
41.36
41.16
41.16
41.20
41.06
40.96
40.69
40.74
40.87
41.27
41.59
41.71
41.56
41.59
41.69
41.78
41.69
41.53
41.37
41.38
41.60
41.61
41.10
41.07
41.15
41.00
40.76
40.92
40.95
41.08
41.13
41.10
41.24
41.35
41.15
40.96
41.15
41.36
41.24
41.28
41.14
41.02
41.02
40.97
41.25
41.45
41.55
41.90
42.04
41.92
41.52
40.97
41.38
41.51
41.64
42.02
41.74
41.71
41.59
41.57
41.69
41.68
41.46
41.61
41.63
41.57
41.51
41.52
41.58
41.73
41.98
42.00
41.98
42.05
42.06
42.16
42.14
42.07
41.92
41.81
41.39
41.11
40.98
40.38
40.60
40.68
40.75
40.68
40.03
40.06
40.49
40.88
40.93
41.06
40.73
40.27
40.09
40.06
40.01
39.83
39.99
40.18
40.31
40.54
40.60
40.62
40.92
40.83
40.87
40.94
41.09
40.87
40.86
41.08
41.51
41.76
41.83
41.59
41.59
41.43
41.42
41.60
41.54
41.31
41.19
41.27
41.22
41.22
41.26
41.06
40.78
40.08
39.82
40.05
40.32
40.34
40.35
40.38
40.45
40.24
40.79
40.95
41.05
41.43
41.50
41.70
41.70
41.51
41.54
41.43
41.37
41.22
41.54
41.55
41.80
41.82
41.64
41.91
41.95
41.93
41.76
41.51
41.29
41.43
41.74
42.00
42.01
41.40
41.26
41.38
41.05
40.87
41.05
41.24
41.58
41.89
42.05
42.19
41.95
42.05
42.17
42.09
42.32
42.14
42.20
42.00
41.80
41.46
41.57
41.80
42.24
42.50
42.61
42.68
42.74
42.80
42.85
42.73
42.98
42.93
42.68
42.46
42.33
42.16
41.97
42.12
42.19
42.39
42.61
42.45
42.40
42.35
42.01
41.86
42.21
42.52
42.49
42.38
42.40
42.33
42.31
42.51
42.54
42.29
42.19
41.98
42.14
42.31
42.21
42.43
42.22
42.34
42.00
42.16
42.20
42.28
41.81
41.41
41.36
41.32
41.21
41.05
41.05
41.37
41.21
41.32
41.12
40.79
40.61
40.68
41.22
41.58
41.72
41.75
41.65
41.60
41.56
41.93
42.17
42.02
41.71
41.65
41.74
41.56
41.51
41.36
41.53
41.70
41.65
41.53
41.57
41.71
41.96
42.07
42.07
42.06
42.07
41.95
41.93
41.82
41.81
41.98
41.95
42.17
42.28
42.30
42.29
42.44
42.41
42.57
42.48
42.34
42.30
42.59
42.51
42.39
42.06
41.94
42.06
42.03
42.21
42.31
42.31
42.37
42.37
42.38
42.31
42.42
42.61
42.62
42.76
42.89
42.96
42.93
42.86
43.02
43.00
42.91
42.59
42.62
42.56
42.66
42.79
42.92
42.73
42.67
42.91
42.95
43.11
43.52
43.14
42.95
42.70
42.97
42.92
42.93
43.28
43.39
43.62
43.64
43.47
43.55
43.70
43.74
43.47
43.35
43.66
43.65
43.64
43.34
43.27
43.08
43.17
42.72
42.63
42.91
43.13
43.38
43.30
43.42
43.53
43.72
43.68
43.73
43.82
43.74
43.76
43.81
43.63
43.66
43.53
43.55
43.57
43.54
43.54
43.62
43.69
44.02
44.12
44.16
44.20
44.19
44.12
43.85
43.51
43.22
43.26
43.13
43.05
42.85
43.05
42.92
42.39
41.81
41.96
42.03
41.87
42.16
42.67
42.82
42.96
42.91
43.09
42.76
42.48
42.47
42.61
42.42
42.28
42.37
42.45
42.73
42.49
42.69
42.55
42.64
42.82
42.91
42.97
42.90
43.02
43.02
43.04
42.90
42.81
42.88
42.96
43.01
43.14
43.28
43.27
43.52
43.77
43.77
43.85
43.86
44.09
44.37
43.78
43.56
43.49
43.39
43.25
43.23
43.25
43.40
43.61
43.40
43.72
43.96
44.26
44.14
44.28
44.47
44.39
44.39
44.49
44.51
44.39
44.27
44.32
44.37
44.44
44.48
44.48
44.62
44.50
44.21
43.93
43.70
43.89
43.94
43.69
43.08
43.79
43.97
44.29
44.33
44.31
44.20
43.95
44.16
43.76
44.05
43.94
44.07
44.31
44.54
44.47
44.77
44.97
45.01
45.15
45.17
45.12
44.97
44.99
44.89
44.75
44.80
45.01
44.93
44.47
44.12
44.06
44.17
44.15
44.10
44.37
44.51
44.78
44.99
45.06
45.01
44.56
44.95
45.20
45.25
45.27
45.28
45.21
45.00
44.61
44.36
44.30
44.32
44.74
44.60
44.60
44.25
44.43
44.21
44.45
44.74
44.91
45.07
45.00
44.87
44.88
44.81
44.96
44.97
45.12
45.06
44.94
44.99
44.96
44.94
44.70
44.74
44.85
44.82
44.84
44.88
44.81
44.98
44.98
45.09
45.21
45.39
45.04
45.02
45.25
45.05
44.90
44.82
45.28
45.65
45.61
45.54
45.83
45.97
46.02
46.00
45.92
45.58
45.59
45.30
45.25
45.14
45.25
45.45
45.56
45.66
45.82
45.91
46.20
46.31
46.06
46.05
45.38
44.89
44.96
45.04
45.37
45.77
45.61
45.62
45.73
46.07
46.21
46.17
46.29
46.25
46.03
45.92
45.69
45.68
45.81
45.84
45.84
46.02
46.36
46.40
46.62
46.65
46.70
46.47
46.57
46.42
46.09
46.04
45.76
45.91
46.41
46.33
46.42
46.45
46.25
46.07
46.21
46.24
46.36
46.59
46.68
46.67
46.77
46.83
46.77
46.84
46.83
46.77
46.81
46.90
47.09
46.80
46.79
46.74
46.63
46.49
46.19
45.83
46.06
46.19
46.33
46.23
46.43
46.47
46.56
46.59
46.85
46.92
47.00
46.64
46.58
46.41
46.56
46.69
46.48
46.17
46.72
46.62
46.44
46.64
46.71
47.07
47.08
46.89
46.53
46.40
46.14
46.10
46.06
46.26
46.24
46.10
46.21
46.45
46.56
46.62
46.37
46.40
46.47
46.41
46.46
46.21
46.18
46.44
46.47
46.61
46.69
46.70
46.67
46.82
46.90
47.01
46.99
47.18
46.98
46.67
46.51
46.25
45.88
45.72
45.51
46.07
46.60
47.09
47.04
46.90
46.82
46.89
46.93
47.26
47.13
46.73
46.38
46.37
46.29
46.28
46.32
46.47
46.58
46.65
46.88
46.96
47.12
47.39
47.40
47.36
47.53
47.48
47.28
46.95
46.60
46.44
46.35
46.26
46.65
46.66
46.78
47.31
47.36
47.63
47.55
47.57
47.92
47.97
47.97
48.00
48.08
48.15
48.13
48.24
47.97
47.49
47.66
47.61
47.58
47.49
47.59
47.15
47.04
47.20
47.27
47.27
47.22
47.18
47.15
47.07
47.11
46.76
47.09
47.51
47.65
47.78
47.77
47.78
47.53
47.72
47.94
47.99
48.12
48.06
47.96
48.17
48.10
47.98
47.52
47.73
47.36
47.12
47.48
47.51
47.86
48.20
47.96
48.00
47.93
47.76
47.93
47.89
48.15
48.21
48.10
48.16
48.04
48.27
48.33
48.57
48.62
48.74
48.55
48.45
48.42
48.57
48.77
48.59
48.86
48.84
48.55
48.70
48.71
48.61
48.75
48.61
48.55
48.42
47.97
48.03
48.11
48.22
48.23
48.31
48.17
48.02
47.75
47.81
48.06
48.09
48.02
47.86
47.75
47.87
47.65
47.65
47.40
47.48
47.47
47.50
47.33
47.28
47.12
47.23
47.50
47.29
47.20
47.57
47.65
47.42
46.99
46.95
47.28
47.41
47.64
47.79
48.09
48.06
48.22
48.27
48.32
48.42
48.33
48.39
