0.50
0.50
0.50
0.50
0.50
0.50
0.50
0.50
0.53
0.57
0.62
0.93
1.13
1.27
1.45
1.62
1.90
1.98
1.94
1.99
2.15
2.23
2.49
2.82
3.30
3.58
3.82
4.19
4.49
4.71
4.84
5.19
5.42
5.54
5.74
5.80
5.87
5.96
5.94
5.89
6.05
6.20
6.35
6.55
6.58
6.72
6.78
6.95
6.77
6.78
6.81
6.96
7.02
7.14
7.41
7.59
7.96
8.20
8.33
8.50
8.67
8.67
8.64
8.87
8.87
8.93
9.05
9.05
9.11
9.21
9.32
9.44
9.73
9.63
9.60
9.64
9.73
9.89
10.14
10.34
10.29
10.28
10.22
10.20
10.16
10.25
10.15
10.09
10.07
10.04
9.97
9.97
10.04
9.96
10.09
10.19
10.24
10.21
10.15
10.21
10.38
10.38
10.56
10.63
10.67
10.53
10.47
10.53
10.55
10.75
10.98
11.12
11.30
11.27
11.23
11.32
11.42
11.52
11.64
11.66
11.95
12.10
12.17
12.35
12.48
12.85
12.88
13.19
13.17
13.04
13.07
12.99
13.08
13.00
13.18
13.33
13.19
13.10
13.00
12.74
12.64
12.72
12.77
12.94
13.09
13.14
13.18
13.33
13.53
13.71
13.70
13.73
13.74
14.16
14.37
14.33
14.41
14.47
14.53
14.52
14.67
14.73
14.83
14.89
14.88
14.96
15.13
14.96
15.08
15.18
15.14
15.09
15.11
15.15
15.11
15.29
15.17
15.17
15.13
15.19
15.14
15.19
15.26
15.40
15.51
15.58
15.78
15.60
15.57
15.71
15.97
15.85
15.82
15.85
15.98
15.92
15.88
15.86
15.76
15.62
15.58
15.46
15.50
15.42
15.40
15.70
15.89
16.07
16.32
16.55
16.74
16.73
16.68
16.60
16.52
16.44
16.71
16.91
17.07
16.97
17.27
17.26
17.32
17.46
17.34
17.28
17.08
16.86
16.98
17.13
17.23
17.25
17.39
17.43
17.73
17.93
17.70
17.74
17.57
17.61
18.02
18.25
18.40
18.51
18.48
18.57
18.73
18.82
18.86
18.55
18.61
18.96
19.12
19.08
19.16
19.22
19.24
19.15
19.30
19.12
19.06
19.10
19.20
19.29
19.21
19.41
19.61
19.73
19.80
19.90
20.08
20.29
20.27
20.23
20.36
20.48
20.36
20.42
20.40
20.44
20.45
20.49
20.49
20.40
20.37
20.45
20.35
20.35
20.47
20.57
20.59
20.66
20.85
20.90
21.09
21.11
21.27
21.16
21.02
21.03
20.74
20.67
20.52
20.51
20.49
20.40
20.39
20.47
20.42
20.45
20.79
20.53
20.67
20.66
20.85
21.28
21.41
21.51
21.58
21.66
21.64
21.47
21.38
21.83
22.12
22.29
22.24
22.01
21.86
22.02
21.50
21.45
21.41
21.48
21.68
21.91
22.22
22.12
22.15
22.13
22.46
22.89
23.36
23.36
23.41
23.47
23.66
23.94
23.91
23.70
23.70
23.79
23.72
23.83
23.83
23.98
23.54
23.66
23.81
24.01
24.04
23.83
23.79
23.58
23.64
23.54
23.89
23.76
23.84
23.70
23.53
23.69
23.85
24.17
24.42
24.01
24.27
24.13
24.19
24.03
24.13
24.22
24.23
24.25
24.41
24.47
24.57
24.85
25.22
25.23
25.35
25.29
25.40
25.42
25.08
24.97
25.22
25.17
25.30
25.13
25.23
24.78
24.72
24.84
24.65
24.60
24.59
24.76
24.76
25.00
25.31
25.37
25.31
25.14
25.35
25.71
25.67
25.87
26.23
26.29
26.24
26.32
26.45
26.63
26.92
26.86
26.45
26.37
25.86
26.01
25.81
26.17
26.30
26.56
26.82
27.16
27.46
27.33
27.04
26.86
26.98
26.94
26.94
26.96
27.21
27.41
27.74
27.65
27.59
27.62
27.54
27.62
27.56
27.92
28.26
28.33
28.15
27.85
27.74
27.52
27.49
27.79
27.61
26.93
27.11
27.63
27.62
27.20
28.07
28.27
28.16
27.83
27.64
27.50
27.22
27.34
27.37
27.32
27.56
27.71
27.62
27.61
27.87
27.62
27.38
27.38
27.42
27.97
28.25
28.63
28.40
28.75
28.92
28.97
28.77
28.94
28.72
28.55
28.39
28.06
27.99
28.40
28.57
28.79
28.84
28.56
28.92
29.00
28.85
28.68
28.89
28.84
29.10
29.06
29.41
29.55
29.21
28.85
29.16
29.23
28.95
29.00
29.19
29.44
29.23
29.26
29.16
28.99
29.23
28.68
28.94
29.42
29.51
29.50
29.66
29.84
29.77
29.47
29.31
28.93
28.69
29.34
29.93
29.79
29.59
29.83
29.89
30.05
29.53
29.22
29.35
29.03
29.20
29.53
29.68
29.61
29.65
29.71
29.82
29.74
29.92
29.90
29.87
29.54
29.28
29.26
29.31
29.55
29.89
29.87
29.84
30.01
29.73
29.55
29.97
30.08
29.42
29.51
29.62
30.10
29.46
29.99
30.14
29.92
30.08
30.48
30.78
30.36
30.09
29.99
29.88
30.23
30.58
30.68
30.98
31.03
30.99
30.47
30.30
30.30
30.73
31.01
31.05
30.83
30.61
29.97
29.23
28.56
28.97
28.74
28.20
28.88
29.24
29.41
29.77
30.15
30.16
30.37
29.88
29.87
30.36
30.41
30.61
30.78
30.90
31.09
30.92
31.31
31.47
30.95
30.72
31.32
31.08
31.13
30.55
30.17
29.76
30.33
30.50
30.81
31.07
31.12
31.09
31.24
31.16
31.22
31.35
31.09
31.21
31.17
31.42
31.59
31.21
31.09
31.10
30.95
30.81
30.36
30.59
30.79
31.05
31.04
30.98
30.90
30.58
30.75
30.98
31.02
30.64
30.50
30.61
30.91
30.78
31.31
31.39
31.19
31.55
31.24
31.73
32.12
31.87
31.57
31.65
31.92
31.30
31.86
31.50
31.19
31.71
31.25
30.50
30.81
30.91
30.87
30.96
31.08
30.80
30.39
30.58
30.83
30.95
31.10
31.51
31.75
31.58
30.86
31.58
31.78
31.86
31.95
32.47
32.66
32.16
32.31
32.31
32.32
32.45
31.89
32.22
32.31
32.16
31.98
32.29
32.32
32.92
32.13
32.40
32.50
32.52
32.39
32.53
32.47
32.64
32.74
32.08
32.37
32.80
33.00
33.24
33.13
32.55
32.32
31.86
31.82
32.04
32.58
32.24
32.06
31.91
31.97
32.09
32.76
33.01
32.85
32.75
32.98
32.89
32.68
32.61
32.88
33.10
33.60
33.70
33.32
33.11
33.13
33.37
33.70
33.35
33.51
32.88
32.80
33.02
33.62
33.42
33.10
33.14
33.03
33.20
33.04
32.92
32.56
32.07
32.65
32.49
32.98
33.42
33.65
33.76
33.70
33.72
33.29
33.67
34.05
34.21
33.23
33.23
32.93
33.61
34.18
34.10
34.33
34.08
33.71
33.94
34.21
33.90
33.90
34.39
33.92
34.71
34.65
33.94
33.61
32.87
33.10
33.03
33.18
32.75
33.15
33.22
33.28
33.27
32.69
33.19
34.34
34.44
34.15
34.63
34.67
34.86
35.03
35.20
35.34
35.88
35.78
35.73
35.85
35.31
35.52
35.69
35.56
36.00
35.83
35.84
35.78
36.04
35.89
35.69
35.79
36.12
35.67
35.63
35.17
35.58
35.81
35.62
34.72
35.51
35.11
35.38
35.61
35.20
35.11
35.21
35.45
35.88
35.57
35.60
36.28
35.65
34.38
34.41
34.16
34.09
34.15
34.52
34.99
34.59
34.95
35.08
35.47
36.30
36.54
36.11
35.75
35.56
35.01
35.48
35.96
35.84
35.92
35.92
35.02
35.34
35.33
35.18
35.06
35.08
35.14
35.27
35.47
35.54
34.87
34.94
34.29
33.76
34.12
34.25
34.59
34.68
34.89
34.81
34.81
34.65
35.39
35.72
35.39
35.50
35.69
35.88
35.10
36.07
35.85
36.06
36.03
35.27
35.23
35.65
35.29
35.27
35.53
35.96
34.55
34.68
34.71
34.74
35.05
34.69
34.59
34.51
34.58
35.00
35.40
35.58
35.71
35.72
35.42
35.61
35.88
36.07
35.98
35.55
35.31
36.17
35.62
35.18
34.99
35.54
35.15
34.89
34.95
35.73
35.98
36.29
36.49
36.40
36.47
36.20
36.23
35.82
35.72
36.02
36.33
36.69
36.23
36.05
35.92
35.97
35.94
35.70
35.32
35.24
35.88
36.07
35.50
36.00
36.23
35.17
35.11
35.51
35.40
35.68
35.73
35.78
35.78
35.61
35.36
35.42
34.75
34.96
35.24
35.69
35.97
36.02
35.87
35.43
35.74
35.35
35.94
36.43
36.47
36.04
36.14
35.67
35.78
35.88
35.49
36.19
36.47
36.48
36.18
36.44
36.46
36.39
36.31
36.58
36.52
36.32
36.66
36.36
36.29
36.01
35.90
35.68
35.30
35.66
36.26
36.06
36.05
36.04
36.56
36.78
36.75
37.07
37.19
37.02
37.24
37.27
37.37
37.12
37.64
37.44
37.00
36.88
36.16
36.99
37.41
37.06
37.07
36.77
36.65
36.70
37.69
38.19
38.47
38.50
38.35
38.29
37.23
37.00
37.74
37.90
38.16
38.56
38.70
38.78
38.65
38.49
37.60
38.24
38.00
37.94
38.15
38.01
37.77
37.61
38.02
38.39
38.44
38.46
38.23
38.23
37.92
37.53
37.00
37.17
38.02
37.77
37.08
36.79
36.59
37.76
38.01
37.58
37.56
38.07
38.34
38.34
38.17
37.97
37.82
38.12
38.06
38.14
38.88
38.29
38.05
37.86
38.33
38.11
37.84
38.07
37.90
37.67
38.11
38.72
38.31
38.01
37.96
38.21
38.68
38.17
38.41
38.85
38.22
39.08
39.15
38.63
38.47
38.52
38.02
37.74
38.44
38.58
39.02
38.58
38.68
38.94
38.98
39.14
38.72
38.69
38.94
38.67
38.40
38.82
39.05
39.08
39.04
39.60
39.52
39.26
39.32
38.68
39.24
39.85
39.30
39.56
39.59
39.73
39.53
39.46
40.09
40.17
40.34
40.53
40.55
40.56
40.54
40.29
40.36
40.25
39.64
39.57
39.45
39.82
39.27
39.58
39.52
39.54
39.76
39.93
39.65
39.57
38.65
38.56
38.75
38.71
38.89
39.38
39.17
39.83
39.30
39.10
39.43
39.47
39.45
39.00
39.22
39.37
39.83
39.19
39.50
39.57
39.86
40.01
40.09
39.61
39.67
38.92
38.84
38.91
39.13
39.32
39.50
39.38
39.36
39.74
39.74
39.78
39.53
39.57
39.31
39.86
39.71
39.48
39.56
39.71
40.13
40.11
39.62
39.95
39.94
39.78
40.00
39.77
39.53
39.53
39.85
39.30
39.62
40.06
40.38
40.11
39.95
39.51
40.12
40.30
40.26
39.53
40.34
40.32
40.48
40.95
40.96
41.10
41.14
41.62
41.13
40.76
40.68
40.54
40.71
40.75
40.90
40.71
40.84
41.24
41.14
40.93
40.97
41.20
41.29
41.11
41.26
41.92
42.09
42.03
42.31
41.96
41.94
41.84
41.81
42.31
41.88
41.37
41.62
41.46
41.69
41.98
42.14
42.40
42.58
42.24
42.53
42.53
42.54
42.85
42.76
42.66
42.21
42.31
42.23
41.67
42.38
41.63
41.93
41.99
42.47
41.90
41.57
41.53
41.76
41.81
42.46
42.31
41.86
42.52
42.83
42.34
42.98
42.57
42.48
42.36
42.10
42.40
41.11
41.39
41.20
41.35
41.34
41.80
42.08
42.47
42.36
42.84
42.87
42.97
42.87
42.74
42.55
43.07
43.14
43.19
43.19
42.39
42.07
42.50
42.43
42.99
43.19
43.31
43.33
42.77
42.63
43.00
43.41
42.96
42.52
42.43
42.37
42.72
43.05
43.31
43.30
42.85
43.06
42.79
43.00
42.69
43.24
42.99
42.46
42.41
42.61
42.93
42.53
42.93
42.70
42.85
42.73
42.99
43.08
43.49
43.38
43.87
43.89
43.69
43.40
43.72
43.49
43.07
43.07
43.61
43.61
43.51
43.97
43.77
43.32
43.57
43.89
43.51
44.01
43.68
43.73
43.58
43.47
43.75
43.77
43.46
43.54
43.63
43.15
43.08
43.28
43.68
43.77
44.06
43.91
44.18
44.56
44.28
44.15
44.37
44.15
44.30
44.44
44.59
44.51
44.35
44.32
44.54
44.70
44.46
43.96
43.39
44.21
44.49
44.15
43.85
44.16
44.50
44.61
44.43
44.31
44.68
44.54
44.50
44.68
44.47
45.23
45.20
45.17
45.03
44.67
45.09
44.83
44.95
44.94
44.64
44.54
44.24
44.34
44.24
44.41
44.20
44.46
44.26
43.96
43.77
43.79
43.66
43.31
43.56
43.01
43.05
43.76
43.98
44.15
44.25
44.43
44.54
44.47
44.36
44.35
44.14
44.51
44.17
44.24
44.47
44.62
44.30
44.24
44.00
44.83
43.93
44.10
43.89
44.18
44.59
44.44
44.71
44.62
44.57
44.48
44.83
44.67
44.63
44.16
44.57
44.37
44.42
44.15
44.56
44.60
44.15
44.56
44.66
44.92
44.83
44.76
44.71
45.09
45.65
44.73
44.98
44.91
44.95
45.16
45.44
45.14
45.20
44.88
44.33
45.22
45.27
45.14
44.51
45.07
45.18
45.09
44.91
44.90
45.23
45.20
45.68
46.19
45.72
45.64
45.86
46.08
45.87
46.02
46.57
46.12
46.51
46.59
47.24
46.80
46.71
46.60
46.96
46.37
46.66
46.82
46.61
46.78
46.57
46.78
46.86
46.97
46.88
47.52
47.78
47.86
47.68
47.39
47.82
47.42
47.50
47.40
47.41
47.05
47.76
47.75
47.27
47.50
47.55
47.53
47.44
47.40
46.75
46.80
47.25
46.91
47.23
45.94
46.08
45.94
45.88
46.06
46.06
46.32
46.47
46.21
46.19
45.86
45.76
45.62
45.62
45.83
46.31
46.34
46.87
46.75
46.89
47.00
46.92
47.23
46.69
47.35
47.42
46.92
46.50
46.66
46.64
46.59
46.45
46.77
47.48
46.98
46.69
46.67
46.29
47.04
46.95
46.47
46.49
46.77
46.60
46.42
46.51
46.68
46.92
46.89
47.14
47.16
47.19
47.30
47.23
47.50
47.84
47.77
47.92
47.97
47.74
48.22
48.19
48.16
48.24
48.09
48.15
48.11
47.94
48.00
47.53
47.11
46.94
47.21
46.92
46.50
47.06
47.20
47.04
47.36
47.72
47.79
47.12
47.71
47.81
48.09
47.62
47.14
47.62
47.72
47.62
47.86
48.17
48.50
48.08
47.39
47.35
47.59
48.05
47.70
47.89
48.15
48.24
48.27
48.30
48.42
48.39
48.66
48.73
48.47
47.95
48.04
48.08
48.43
48.67
48.29
48.49
48.02
48.16
48.23
48.12
48.06
49.11
49.00
49.14
48.96
49.10
49.21
48.63
48.96
48.77
48.71
49.00
48.81
49.05
48.79
48.66
48.60
48.49
48.95
49.05
49.21
48.91
48.97
49.49
49.14
48.93
48.85
49.00
49.18
48.83
48.71
48.24
48.86
49.08
48.75
48.42
49.33
48.99
48.83
48.82
48.79
48.71
48.48
48.70
48.36
48.44
48.33
48.31
47.84
47.81
47.99
47.52
47.27
47.18
47.57
47.24
46.82
46.64
46.98
47.09
47.17
47.94
48.05
47.90
48.14
47.93
47.75
48.24
48.32
47.89
48.42
47.80
47.94
48.30
48.40
48.20
48.23
48.19
48.42
48.29
48.21
48.41
48.33
48.17
48.17
48.28
48.30
48.38
48.49
48.47
48.49
48.68
49.10
49.26
49.14
48.58
48.77
49.32
49.68
49.97
49.55
48.51
48.63
48.38
48.78
48.85
48.97
49.15
48.97
49.09
48.13
48.35
48.49
48.69
48.41
48.84
48.89
48.83
49.07
49.29
48.57
48.94
48.73
48.54
48.65
48.80
49.07
49.04
49.01
49.35
49.47
49.48
49.47
49.39
49.53
49.28
49.59
49.39
49.31
49.22
49.25
49.59
49.60
49.61
49.44
49.36
49.17
49.52
49.97
49.92
49.62
49.57
49.36
49.34
49.24
49.59
49.12
49.48
49.80
49.71
50.00
49.39
50.54
50.15
50.35
50.80
50.78
50.71
50.91
50.91
50.82
50.91
50.85
50.43
50.73
50.32
50.52
50.12
50.52
50.17
50.22
50.49
50.45
50.67
50.13
50.54
50.61
50.67
50.49
50.93
50.72
50.55
50.71
50.69
50.55
50.75
50.58
50.06
49.59
49.37
49.22
49.16
49.46
49.64
49.47
49.31
49.74
50.08
50.16
50.25
50.30
49.86
49.90
49.88
50.07
50.54
50.74
50.43
50.89
50.99
50.93
51.22
51.04
50.86
50.72
50.62
50.91
50.91
50.76
50.46
49.97
49.88
50.01
50.18
50.47
50.53
50.57
50.43
50.28
50.52
50.72
50.09
50.01
49.45
49.51
49.58
49.62
48.91
49.32
49.60
49.53
49.82
50.00
49.75
49.85
49.94
50.29
50.40
50.40
50.49
50.37
50.45
50.73
50.48
50.56
50.84
50.29
50.51
50.49
50.46
50.66
50.40
50.87
50.95
51.02
51.04
51.44
51.52
51.70
51.67
51.93
52.02
51.73
51.21
51.64
51.53
51.28
51.34
51.13
51.01
51.13
50.45
50.99
51.12
51.25
50.64
50.95
50.90
50.76
50.95
51.17
50.95
51.13
50.96
50.75
50.27
50.47
50.38
50.45
50.59
51.10
50.90
50.75
50.56
50.74
50.50
50.64
50.85
50.80
50.99
50.93
51.23
51.29
50.70
50.71
50.57
50.61
51.02
50.79
50.59
50.79
50.96
51.20
51.20
51.25
51.25
51.12
51.31
51.23
50.94
50.95
50.67
50.81
50.90
51.24
51.16
51.03
50.87
50.64
51.07
50.97
51.35
51.12
51.11
51.05
50.71
50.85
51.14
51.02
51.15
50.90
51.11
51.46
51.70
51.25
51.70
52.15
52.02
51.89
51.88
52.01
52.06
52.00
52.06
51.67
52.08
52.01
51.97
51.53
51.83
51.77
51.84
51.56
51.51
51.90
52.18
51.84
51.56
51.60
51.95
51.86
52.04
52.51
52.53
52.16
52.20
52.07
51.89
51.71
51.87
51.59
51.60
51.36
51.35
51.48
51.41
51.21
51.35
51.28
51.64
51.52
51.69
51.88
52.04
51.44
51.17
51.34
50.86
51.33
51.13
51.12
51.83
51.84
51.90
51.54
51.51
51.44
51.48
51.52
51.43
51.15
51.41
51.23
51.25
51.52
51.40
51.09
51.15
51.18
51.16
51.03
51.04
51.21
50.96
50.89
50.95
50.79
51.28
50.93
51.33
51.35
51.55
51.55
51.56
51.50
51.55
51.31
51.22
51.24
51.32
51.61
51.40
51.87
51.65
52.08
52.04
52.37
52.19
51.77
51.66
51.58
51.79
51.64
51.50
51.39
51.50
51.31
51.34
51.42
51.14
51.14
50.94
51.16
51.50
51.39
51.42
51.01
51.36
51.17
51.63
51.81
52.23
51.69
51.63
51.60
51.60
52.19
51.81
51.78
51.82
52.25
51.97
51.91
51.85
51.88
51.36
51.11
51.32
51.68
51.14
51.36
51.64
51.31
50.80
50.79
50.85
51.21
51.34
51.07
51.35
51.58
51.47
51.59
51.61
51.64
51.50
51.38
51.38
51.88
51.71
51.48
51.59
52.08
52.51
52.33
52.43
52.05
51.97
51.98
52.28
52.47
52.56
52.31
52.51
52.62
52.23
52.34
52.59
52.53
52.33
52.20
52.13
51.98
52.09
52.54
52.03
52.17
51.88
51.72
51.78
52.21
51.78
51.87
52.00
52.30
52.49
52.13
52.28
52.08
52.19
52.43
52.76
52.57
52.32
52.55
52.38
52.79
52.73
52.55
52.62
52.50
52.59
52.50
52.60
52.58
52.76
52.69
52.76
52.61
52.57
52.88
52.45
52.17
52.34
52.38
52.37
52.38
52.25
52.17
52.02
51.99
52.25
52.42
52.29
52.02
51.80
52.15
52.33
52.09
51.78
51.61
51.31
52.03
52.12
52.69
52.56
52.66
52.53
52.29
52.29
53.01
52.67
52.62
53.00
52.94
52.65
52.88
52.76
52.78
52.75
53.14
52.88
52.95
53.02
53.19
53.21
53.41
53.37
52.74
52.61
52.30
52.33
52.41
52.90
52.01
52.35
52.15
52.56
52.57
52.42
52.38
52.41
52.28
52.38
52.87
52.99
53.10
53.36
53.74
53.87
53.45
53.22
53.52
53.04
52.81
53.21
53.15
53.22
53.25
52.83
52.40
52.76
52.37
52.49
52.63
52.59
52.71
52.99
53.07
52.93
52.94
52.80
52.54
52.44
52.70
52.69
52.75
52.99
52.71
52.70
52.51
52.87
52.85
52.66
52.72
53.02
53.07
52.80
53.12
52.93
52.62
52.64
52.53
52.59
52.00
52.40
52.78
53.00
52.81
53.07
53.29
52.72
52.86
52.71
52.80
52.38
52.92
53.09
52.80
52.79
52.86
53.09
53.24
53.36
53.40
53.15
53.20
53.15
52.95
52.67
52.73
52.46
52.86
53.10
52.32
52.86
52.88
52.76
52.62
52.19
52.64
52.70
52.56
52.88
52.68
52.72
52.85
53.16
53.16
53.09
53.11
53.00
52.89
52.87
53.00
52.93
53.05
53.09
53.33
53.56
53.43
52.49
52.55
53.19
53.27
53.18
53.41
53.31
53.60
53.55
53.25
53.45
52.97
52.54
52.46
52.41
52.97
52.90
52.83
53.08
52.81
53.06
53.14
53.17
53.29
53.57
53.43
53.16
53.18
53.22
53.53
53.44
53.38
53.31
53.43
53.19
53.03
53.04
53.04
53.14
53.44
53.57
53.91
53.75
54.50
54.57
54.35
54.47
54.26
53.68
53.63
53.52
53.98
54.09
53.99
54.18
53.20
53.78
53.77
53.63
53.17
53.51
53.98
53.66
54.04
53.64
53.80
53.93
53.73
54.18
54.29
54.45
54.34
54.20
54.30
54.36
54.59
54.93
54.83
54.36
54.25
54.71
54.42
54.44
54.17
53.67
53.97
53.84
53.85
53.91
53.82
53.49
53.47
53.31
53.69
53.61
53.68
53.56
53.81
53.96
53.87
54.15
54.41
54.48
54.02
54.03
53.89
53.99
53.96
53.71
53.48
53.68
53.73
53.93
53.84
53.93
53.79
53.84
53.88
53.88
53.92
54.04
54.53
54.56
53.99
54.13
54.51
53.95
54.20
54.23
53.95
54.06
54.18
54.16
54.84
54.70
54.78
54.81
54.65
54.89
54.73
54.51
54.45
54.78
54.89
54.47
54.54
55.06
54.96
55.08
55.02
55.34
54.87
54.32
54.55
54.47
54.75
54.53
54.77
54.83
54.89
55.08
55.05
55.28
55.43
55.24
55.08
55.16
55.01
54.93
55.25
55.03
55.04
54.89
54.94
54.97
55.21
54.85
55.05
54.94
54.72
54.54
54.40
54.86
54.79
54.76
54.31
54.37
54.57
54.79
54.82
54.77
54.60
54.25
53.83
54.32
54.26
54.27
54.85
54.76
55.07
55.03
54.86
54.71
54.82
55.11
54.70
54.27
54.29
53.98
54.02
54.15
54.29
54.58
54.37
54.60
54.65
54.55
54.68
54.38
54.71
55.00
54.97
54.54
54.57
54.85
54.64
54.79
54.71
55.03
55.22
55.25
55.09
55.05
55.03
55.21
55.30
55.19
54.82
55.04
55.33
55.39
55.64
55.54
55.59
55.39
55.17
55.02
54.95
54.93
55.09
55.17
55.35
55.54
55.24
55.19
54.97
55.16
55.05
54.76
54.50
54.74
54.80
55.11
54.80
54.85
54.96
54.85
55.10
55.13
54.80
55.19
55.12
55.14
55.25
55.22
55.40
55.46
55.02
55.02
54.94
55.08
54.82
55.02
54.89
55.45
55.24
55.20
54.97
54.61
54.83
54.76
54.90
54.93
55.28
55.33
55.65
55.24
55.15
55.12
55.21
55.23
55.18
55.33
55.69
55.71
55.60
55.39
55.40
55.08
55.26
55.06
55.31
55.62
55.49
54.98
55.29
55.46
55.27
55.24
55.08
55.43
55.36
55.31
54.85
54.69
54.52
54.84
55.03
55.00
55.02
55.05
54.92
54.42
54.68
54.39
54.43
54.39
54.70
54.38
54.63
54.26
53.96
53.56
54.28
53.98
53.57
53.80
53.75
54.09
54.09
54.16
53.98
53.64
53.87
53.80
53.96
54.04
54.30
54.18
54.19
54.12
53.92
54.40
54.30
54.24
54.07
54.22
54.33
54.62
54.65
54.71
54.62
54.62
54.55
54.26
54.62
54.93
54.91
54.68
54.63
54.81
54.69
54.79
54.73
54.44
54.46
54.30
54.20
54.33
54.64
54.77
54.40
54.78
54.58
54.69
55.26
55.18
55.28
55.22
54.68
54.05
53.83
54.06
54.31
54.08
54.60
54.62
54.36
54.35
54.68
54.64
54.91
54.79
54.42
54.40
54.62
54.81
54.64
55.09
54.79
54.91
55.11
55.01
55.04
55.12
54.68
54.44
54.61
54.65
54.55
54.69
55.00
55.06
55.08
55.08
54.90
55.17
55.43
55.45
55.39
55.13
55.18
54.95
55.35
54.52
54.38
54.52
54.67
54.67
54.72
55.16
55.15
54.93
54.66
54.63
54.69
54.49
54.17
54.19
54.26
54.16
54.13
54.22
53.98
53.82
53.92
54.01
54.35
54.35
54.44
54.42
54.70
54.61
54.53
54.81
54.88
54.88
54.97
55.54
55.28
55.53
55.51
55.54
55.58
55.45
55.33
55.37
55.35
55.44
55.53
55.39
55.44
54.95
55.17
54.85
54.88
55.15
55.13
55.37
55.33
55.51
55.85
55.79
55.77
55.63
55.57
55.85
56.16
56.20
56.11
56.20
56.19
56.22
56.06
56.12
56.65
56.19
56.13
56.37
56.25
56.55
56.46
56.35
56.02
56.08
56.03
56.16
56.42
56.56
56.22
56.31
56.33
56.18
55.93
55.73
55.89
56.00
55.92
55.99
55.84
55.83
56.11
56.22
55.81
55.87
56.04
55.91
55.74
56.06
55.81
55.75
55.56
55.80
55.64
55.65
55.48
55.29
55.46
55.37
55.83
56.00
56.15
56.08
56.14
56.10
55.99
55.99
55.94
55.35
55.46
56.08
55.43
55.65
55.88
55.59
55.61
55.75
56.16
56.54
56.05
55.84
55.65
55.74
55.85
55.76
55.83
56.02
55.93
55.70
55.87
56.29
56.22
55.20
55.39
55.46
55.66
56.04
55.60
55.52
55.58
55.59
55.45
55.38
55.59
54.96
55.19
55.58
55.66
55.74
55.45
55.42
55.43
55.44
55.88
55.92
55.67
55.45
55.70
55.99
55.88
55.92
55.78
56.03
55.89
55.76
55.91
55.95
56.05
55.51
55.82
55.82
55.97
56.16
56.07
56.18
56.13
56.39
56.78
56.30
56.10
55.92
56.06
56.21
56.36
56.51
56.13
56.07
56.25
56.03
56.11
55.78
55.63
55.60
55.82
56.04
55.64
55.77
55.89
56.18
56.25
55.92
55.75
55.82
55.98
55.96
56.02
55.90
55.97
56.05
56.07
56.05
56.06
56.08
55.69
56.20
56.37
56.48
56.40
56.15
56.10
56.02
56.32
56.32
56.19
56.23
56.22
56.24
56.03
55.93
55.96
56.28
56.24
56.06
56.39
56.28
55.94
56.07
55.49
55.77
55.94
55.85
56.18
56.25
56.09
55.93
55.86
55.89
55.90
55.88
55.91
55.85
55.91
56.29
56.12
56.25
56.35
56.19
56.41
56.66
56.72
56.82
56.62
56.47
56.47
56.57
56.33
56.42
56.11
56.26
56.46
56.45
56.28
56.59
56.18
56.20
55.92
56.06
56.38
56.40
56.54
56.41
56.60
56.76
56.39
56.36
56.48
56.55
56.54
56.29
56.15
56.13
56.04
55.89
55.77
55.87
56.01
56.01
56.19
56.47
56.25
56.46
55.99
56.03
56.08
56.13
55.97
56.11
55.72
55.75
55.91
56.04
56.26
55.89
55.35
56.51
56.04
56.00
56.48
56.42
56.52
56.51
56.95
56.81
56.49
56.79
56.61
56.86
56.92
56.72
56.93
56.82
56.83
56.91
57.06
56.95
56.68
56.58
56.44
56.45
56.54
56.45
56.52
56.70
56.81
56.47
56.42
56.08
56.52
56.47
56.52
56.35
56.49
56.30
56.05
56.23
56.27
56.27
56.44
56.73
56.61
57.10
56.86
56.65
56.91
56.47
56.32
56.15
55.78
56.21
56.50
56.36
56.48
56.77
56.72
56.65
56.35
56.25
55.87
55.98
55.53
55.78
55.59
55.51
55.88
56.15
56.10
55.72
55.78
55.93
55.59
55.82
55.93
56.11
55.93
55.76
56.01
55.66
55.88
56.40
56.23
56.18
56.26
56.23
56.38
56.17
55.97
56.17
56.09
56.43
56.55
56.51
56.58
56.77
56.67
56.30
56.13
55.76
56.01
55.98
56.03
55.94
55.86
55.76
55.79
55.70
55.81
55.99
56.17
55.98
56.03
55.85
55.85
56.12
56.18
56.24
56.36
56.38
56.19
56.56
56.67
56.73
56.56
56.61
55.77
56.17
56.45
56.37
56.18
56.38
56.56
56.01
55.79
55.62
55.74
55.93
55.93
55.84
55.68
55.56
56.10
55.96
55.27
55.03
55.28
55.56
55.79
55.98
55.89
55.85
56.20
55.94
56.08
55.91
56.09
56.45
56.40
56.42
56.42
56.49
56.70
56.81
56.52
56.12
56.49
56.29
56.60
56.54
56.38
56.39
56.38
56.30
55.82
55.48
55.81
55.93
56.08
55.99
56.18
55.74
55.65
55.64
55.68
55.57
55.79
55.97
56.05
55.87
55.93
56.12
56.47
56.31
56.36
56.55
56.76
56.77
56.78
57.03
56.69
56.55
56.52
56.49
56.26
55.87
55.93
56.29
56.38
56.32
56.14
56.05
56.30
56.44
56.26
56.51
56.36
55.94
55.72
55.73
56.00
55.89
55.70
55.83
55.65
55.88
56.40
56.22
56.41
56.44
56.44
56.64
56.88
56.81
56.51
56.57
56.82
56.89
56.71
56.64
56.73
56.86
56.91
56.74
56.83
56.65
56.56
56.89
56.55
56.68
56.62
56.70
56.57
56.71
56.68
56.61
56.45
56.54
56.65
56.57
57.14
57.10
56.90
56.83
57.25
57.59
57.61
57.31
56.93
56.77
56.80
56.51
56.50
56.31
56.28
56.38
56.54
56.58
56.56
56.60
56.55
56.31
56.31
56.44
56.60
56.94
56.53
56.60
56.34
56.34
56.20
56.25
56.05
56.15
56.19
56.06
56.01
55.99
56.39
56.45
56.76
56.84
56.92
57.03
56.61
56.48
56.64
56.78
56.66
56.54
56.47
56.58
56.15
55.98
56.27
56.53
56.33
55.96
55.98
55.81
56.21
56.22
56.10
56.14
56.19
56.14
55.83
56.07
55.99
56.27
56.08
56.28
56.23
56.12
55.98
56.19
56.22
56.18
55.78
56.00
56.05
56.44
56.57
56.54
56.62
56.60
56.82
57.06
56.98
57.06
57.21
57.20
56.99
56.73
56.37
56.93
56.82
56.76
57.24
56.95
57.16
56.88
56.66
56.10
56.61
56.62
56.61
56.56
56.74
56.87
57.00
56.87
57.14
56.98
56.74
56.84
57.00
57.35
57.33
57.17
57.01
56.58
57.16
56.81
57.02
56.88
56.74
56.79
56.92
56.91
56.69
56.87
56.58
56.25
56.52
56.53
56.45
56.24
56.22
56.29
56.58
57.09
56.99
56.88
56.53
56.59
56.55
56.80
56.93
56.93
56.70
56.91
56.87
56.79
56.87
56.54
56.23
56.16
56.08
56.58
56.55
56.50
56.10
56.32
55.95
56.02
56.06
56.05
56.15
55.92
55.75
55.99
55.99
55.99
55.92
56.50
56.20
56.17
56.04
56.23
56.22
56.21
56.36
56.19
56.51
56.55
56.45
56.58
56.74
56.74
56.50
56.61
56.65
56.84
56.85
56.84
57.00
57.16
57.34
57.21
57.40
57.32
56.38
56.50
56.62
56.93
56.30
56.38
56.88
56.90
56.80
56.76
57.07
57.09
57.14
56.98
56.96
56.84
56.79
56.95
57.32
57.24
57.21
57.01
57.28
57.03
56.96
56.94
56.92
56.47
56.59
56.69
56.52
56.72
56.82
56.83
57.11
57.48
57.31
57.32
57.51
57.24
57.03
57.35
57.53
57.00
56.58
56.68
56.59
56.66
56.90
56.60
56.65
56.25
56.53
56.55
56.56
56.77
56.58
56.76
56.83
56.87
56.91
56.91
56.84
56.60
56.96
57.09
56.81
56.78
56.25
56.19
56.46
56.11
55.79
55.75
56.00
56.45
56.50
56.24
56.20
56.23
56.27
55.72
55.94
56.06
55.99
55.90
56.42
56.19
55.93
56.26
56.20
56.24
56.01
56.52
56.45
56.57
56.66
56.59
56.98
57.11
57.09
56.89
56.87
56.88
57.24
57.16
57.05
56.76
56.72
57.06
56.82
56.88
56.59
56.92
56.89
56.96
57.36
57.21
57.13
56.97
57.10
57.11
57.23
57.14
57.39
57.27
57.17
57.35
57.58
57.61
57.68
57.60
57.68
57.60
57.78
58.08
57.91
57.86
57.66
57.88
57.74
57.64
57.71
57.56
57.67
57.89
57.87
57.62
57.52
57.64
57.24
57.37
57.31
56.88
56.89
56.99
56.53
56.40
57.13
57.16
56.58
56.66
57.00
57.11
57.06
57.26
57.28
57.19
57.30
57.11
57.10
56.93
57.20
57.29
57.35
57.32
57.49
57.13
57.19
57.57
57.60
57.56
57.62
57.74
57.83
57.52
57.32
57.79
57.97
57.74
57.50
57.60
57.31
57.32
57.19
56.66
56.88
56.71
56.47
56.61
56.64
56.51
57.01
56.98
56.80
57.12
57.24
57.09
57.27
57.08
57.26
57.27
57.19
57.54
58.04
57.95
58.04
57.94
58.11
58.10
57.76
57.85
57.91
57.86
58.35
57.90
57.83
58.06
58.22
58.10
58.08
58.06
58.07
58.07
58.18
57.94
57.84
57.84
57.82
57.42
57.05
56.79
56.80
56.96
57.47
57.52
57.82
58.01
57.95
58.08
57.95
57.60
57.58
57.61
57.50
57.33
57.40
57.31
57.62
57.70
57.86
57.91
57.78
57.87
57.53
57.45
57.40
57.33
57.40
56.83
57.07
57.48
57.71
57.62
57.89
57.44
57.72
57.71
57.68
57.38
57.07
57.24
57.07
57.26
57.43
57.36
57.13
57.38
57.56
57.57
57.75
57.71
57.89
58.17
58.06
58.08
58.01
58.07
57.77
57.87
58.16
58.46
58.29
58.31
58.27
58.30
58.36
58.43
58.39
58.49
57.95
57.76
57.85
57.96
58.09
57.71
58.31
58.27
58.41
58.60
58.54
58.57
58.01
57.92
58.06
58.20
58.16
58.11
57.77
57.79
57.92
57.86
58.09
58.10
58.16
57.98
57.96
57.71
57.69
57.71
57.86
57.89
58.08
58.24
58.45
58.50
58.31
58.34
58.32
58.17
58.24
58.41
58.63
58.34
58.90
58.75
58.43
58.27
58.25
58.39
58.32
58.22
57.72
57.40
57.76
57.66
57.91
57.80
58.03
58.17
58.10
58.06
58.09
58.20
58.22
58.13
57.90
57.82
57.80
57.92
58.20
58.52
58.34
58.19
58.21
58.10
58.11
58.10
58.34
58.15
58.08
58.16
58.00
58.20
58.00
58.07
58.20
58.26
58.15
57.99
58.22
58.40
58.24
58.11
58.23
58.34
58.46
57.93
58.01
57.97
57.83
58.03
58.15
58.11
58.19
58.49
58.34
58.50
58.52
58.56
58.72
58.69
58.66
58.58
58.62
58.45
58.54
58.66
58.82
58.74
58.34
58.09
58.15
58.25
58.19
58.17
58.57
58.55
58.37
57.97
58.30
58.54
58.63
58.80
58.58
58.61
58.69
58.53
58.40
58.24
57.93
58.10
58.12
58.11
57.99
58.21
57.73
57.86
57.82
57.75
57.75
57.77
58.08
58.09
57.93
57.96
57.92
58.14
58.37
58.45
58.68
58.71
58.30
58.27
58.16
58.30
58.67
58.76
58.77
58.74
58.94
59.14
59.11
59.14
58.87
59.09
59.08
59.12
59.03
59.07
59.13
58.51
58.69
59.10
58.96
59.35
59.10
58.94
58.87
59.16
59.08
58.51
58.70
58.74
58.58
58.60
58.76
58.22
58.81
58.46
58.70
58.71
58.40
58.25
58.35
58.31
58.34
58.56
58.13
57.84
58.15
58.26
58.39
58.26
58.01
58.22
58.18
58.26
58.17
58.32
58.24
58.47
58.36
58.59
58.54
58.40
58.60
58.62
58.97
58.95
58.62
58.84
58.32
58.63
58.59
58.36
57.91
58.27
58.24
58.00
57.50
57.42
57.52
57.88
57.55
57.55
57.61
57.54
57.56
57.67
58.01
57.89
57.74
57.55
57.54
57.52
57.38
57.38
57.40
57.38
57.36
57.04
57.59
57.76
57.92
57.96
57.94
58.17
58.07
58.41
58.13
57.91
57.22
56.73
56.77
57.20
57.41
57.49
57.65
57.85
57.90
57.84
58.11
57.94
58.11
58.25
58.23
58.04
57.65
57.43
57.90
58.30
58.51
58.27
58.12
57.88
58.07
57.91
58.17
58.14
58.42
58.23
58.16
58.06
57.90
57.96
57.70
57.75
57.54
57.78
58.11
58.37
58.23
58.35
58.51
58.62
58.84
58.76
58.56
58.70
58.79
58.86
58.81
59.13
59.17
59.40
59.12
59.13
59.29
59.39
59.18
58.96
58.82
58.76
58.98
58.96
59.10
58.89
58.87
58.97
59.07
58.85
59.08
59.05
59.35
59.42
59.03
59.13
58.98
58.88
58.97
59.43
59.08
58.96
58.96
59.06
58.87
58.76
58.80
58.92
58.69
58.78
58.79
58.80
59.17
59.03
59.27
59.34
58.75
58.80
58.96
59.29
59.00
58.84
58.62
58.47
58.62
58.79
58.75
58.34
57.91
57.92
58.29
58.27
58.29
57.97
58.14
58.28
58.23
58.34
58.31
58.42
58.40
58.25
58.38
58.38
58.61
58.71
58.61
58.77
58.97
58.97
59.17
59.02
59.02
58.85
58.79
58.71
58.94
58.81
58.94
58.75
59.00
59.27
59.48
59.25
59.48
59.16
58.95
58.97
59.09
58.83
59.28
59.29
59.54
59.45
59.38
59.69
59.41
59.06
59.11
58.96
58.85
59.47
59.15
59.06
59.24
59.44
59.38
59.14
59.07
59.29
59.27
59.28
59.44
59.58
59.30
59.34
58.98
58.97
59.26
59.21
59.42
59.16
59.15
59.05
59.09
58.89
58.80
59.05
58.87
58.89
58.93
59.03
58.66
58.67
58.32
58.14
58.04
57.89
58.19
58.20
58.11
58.35
58.55
58.38
58.38
58.44
58.31
58.47
58.77
58.76
58.76
58.39
58.37
58.36
58.11
58.18
58.54
58.47
58.51
58.60
58.64
58.40
57.96
58.17
58.27
58.12
58.42
58.55
58.62
58.66
58.90
59.04
58.96
58.29
58.23
58.13
58.07
58.16
58.34
58.56
58.65
58.59
58.62
58.52
58.75
58.57
58.71
58.13
57.96
58.09
58.09
58.34
58.34
58.49
58.16
58.66
58.81
58.90
58.89
58.63
58.35
58.31
58.05
58.16
58.18
57.77
57.88
58.11
58.19
58.23
58.41
58.77
58.50
58.41
58.54
58.44
58.23
58.31
58.38
58.42
58.76
58.24
58.31
58.57
58.53
58.53
58.54
58.21
58.29
58.12
58.13
58.39
58.52
58.64
58.61
58.61
58.41
57.90
58.04
58.17
58.34
58.26
58.41
58.49
58.75
58.66
58.60
58.70
58.91
58.80
58.56
58.54
58.59
58.45
58.16
58.14
58.03
58.32
58.20
58.33
58.30
58.38
58.32
57.97
58.32
58.55
58.75
58.80
58.75
58.75
58.69
58.38
58.17
58.57
58.65
58.83
58.35
58.49
58.56
58.58
58.61
58.27
58.24
58.35
58.66
58.48
58.46
58.46
58.44
58.84
58.95
58.75
58.60
58.86
58.81
58.96
58.73
58.69
58.80
58.79
58.55
58.20
58.19
58.57
58.73
58.52
58.37
58.31
58.56
58.77
58.67
58.88
58.96
58.91
58.74
58.57
58.51
58.60
58.60
58.68
58.62
58.78
59.35
59.38
59.69
59.56
59.35
59.43
59.51
59.54
59.31
59.31
59.34
58.80
59.50
59.45
59.21
59.25
59.38
59.58
59.64
59.39
59.49
59.41
59.42
59.39
59.30
59.44
59.64
59.76
59.72
59.81
59.48
59.24
59.36
59.05
59.03
58.63
58.27
58.51
58.77
58.61
58.38
58.38
58.60
58.74
58.95
59.00
58.88
58.92
59.19
59.03
58.94
58.78
58.96
59.05
58.94
59.33
59.46
59.28
59.15
59.54
59.71
59.76
59.71
59.65
59.49
59.62
59.71
59.49
59.49
59.33
59.41
59.67
59.51
59.35
59.59
59.69
59.49
59.38
59.57
59.40
59.64
59.45
59.93
59.71
59.61
59.76
59.80
59.43
59.28
59.64
59.41
59.65
59.69
59.67
59.41
59.36
59.11
59.06
59.12
59.30
59.54
59.55
59.15
59.42
59.47
59.34
59.65
59.56
59.55
59.58
59.73
59.45
59.11
59.31
59.24
59.30
59.21
59.20
58.99
59.07
59.44
59.47
59.67
59.41
59.34
58.92
58.97
59.25
59.30
59.54
59.10
59.02
58.99
58.88
58.86
58.78
59.13
59.09
59.25
59.06
59.17
59.24
59.11
59.15
59.43
59.55
59.65
59.71
59.26
59.38
59.30
59.22
58.96
59.14
58.72
58.63
58.70
58.95
58.99
58.60
58.86
58.58
58.89
58.72
58.61
58.90
58.53
58.66
58.82
58.50
58.46
58.69
58.79
58.88
58.89
58.71
59.07
59.18
59.32
59.32
59.44
59.68
59.18
59.07
59.35
59.32
58.99
59.18
59.18
59.30
59.11
59.34
59.34
59.11
59.26
59.40
59.55
59.58
59.46
59.37
59.37
59.32
59.48
59.46
59.42
59.36
59.48
59.78
59.78
59.57
59.43
59.12
59.13
58.99
59.14
59.01
59.08
59.15
58.89
58.85
59.19
59.32
59.08
59.20
59.18
59.11
59.13
59.24
59.39
59.29
59.39
59.56
59.66
59.70
59.81
59.83
59.80
59.95
59.98
60.01
59.78
59.67
59.79
59.42
59.61
59.75
59.90
59.86
59.74
59.43
59.63
59.06
58.78
58.65
58.89
59.02
59.31
59.37
59.57
59.63
59.04
58.96
59.06
58.97
59.23
59.33
59.49
59.27
59.36
59.34
59.41
59.53
59.23
59.29
59.60
59.59
59.69
59.54
59.31
59.28
59.47
59.40
59.61
59.44
59.67
59.64
59.56
59.67
59.67
59.61
59.94
60.07
60.12
60.28
60.08
59.91
59.75
59.78
59.69
59.77
59.72
60.00
59.93
59.79
59.80
59.93
59.47
59.49
59.79
59.95
60.31
60.03
59.89
60.36
60.44
60.30
60.21
59.93
59.86
60.16
60.17
60.05
59.89
59.60
60.03
59.68
59.65
59.60
59.45
59.88
59.86
59.60
59.96
59.98
60.01
59.98
60.16
60.00
60.16
60.10
60.43
60.25
60.15
59.88
60.03
59.90
59.78
59.56
59.73
59.70
59.35
59.16
59.17
59.46
59.39
59.85
59.62
59.54
59.77
59.47
59.66
59.75
59.58
59.82
59.63
59.55
59.46
59.63
59.95
60.17
60.07
59.83
59.70
59.59
59.54
59.64
59.65
59.58
59.54
59.42
59.26
59.54
59.27
59.00
58.71
58.57
58.86
59.02
59.16
58.90
58.83
59.09
58.95
59.10
59.28
59.23
59.40
59.24
59.15
58.92
59.12
59.12
59.23
59.26
59.09
59.19
59.50
59.97
60.11
59.98
59.85
59.82
59.54
59.71
59.53
59.50
59.67
59.69
60.02
59.85
59.53
59.38
59.60
59.58
59.92
59.91
59.74
59.63
59.79
59.90
59.75
59.86
59.62
59.78
59.76
59.84
59.87
59.95
59.82
59.72
59.83
59.94
60.05
59.87
59.98
59.71
59.90
60.11
59.91
59.61
59.74
59.48
59.85
59.97
59.85
59.08
59.00
59.14
59.46
59.76
59.74
59.66
59.65
59.82
59.89
59.74
59.49
59.40
59.48
59.41
59.36
59.49
59.73
59.73
59.64
59.63
59.39
59.30
59.62
59.51
59.40
59.64
59.63
59.52
59.02
59.26
59.17
58.60
58.77
58.99
58.50
58.76
59.33
59.27
59.14
59.33
59.47
59.39
59.37
59.30
59.36
59.32
59.50
59.49
59.21
58.99
59.15
59.10
58.50
58.88
59.02
58.98
58.90
58.69
58.91
59.23
59.31
59.04
59.37
59.56
59.53
59.55
58.89
58.96
59.22
59.59
59.47
59.60
59.67
60.03
59.85
59.85
59.50
60.00
59.99
60.34
60.30
60.20
60.37
60.45
60.37
60.64
60.40
60.39
60.29
60.14
60.05
60.31
59.97
60.07
60.12
59.82
59.91
60.14
60.05
60.20
60.36
60.49
60.24
60.23
60.35
60.36
60.47
60.22
60.41
60.39
60.41
60.32
59.99
59.70
59.48
59.65
59.88
59.84
60.28
60.52
60.34
59.92
59.85
60.00
60.06
60.02
59.99
60.13
60.18
60.37
60.38
60.29
59.92
59.96
59.89
59.84
60.01
59.88
60.01
60.04
59.84
60.41
60.16
60.15
60.05
60.35
59.98
60.01
60.09
60.12
59.93
60.18
60.15
60.31
60.30
60.31
60.20
60.32
59.84
60.03
60.11
60.23
60.32
60.05
60.31
60.26
60.04
60.25
59.95
59.99
60.02
60.06
60.04
59.79
59.84
59.87
59.81
59.75
59.59
59.30
59.89
59.89
59.82
59.94
59.76
59.78
59.65
59.67
59.87
59.46
59.16
59.35
59.58
59.35
59.30
59.54
59.41
59.54
59.53
59.28
59.59
59.50
59.61
59.50
59.83
59.67
59.81
59.82
59.82
59.93
59.86
59.84
59.63
59.55
59.55
59.48
59.88
59.78
59.91
59.78
59.61
59.57
59.49
59.83
59.91
59.70
59.60
59.73
59.86
59.99
59.74
59.83
59.94
60.12
59.50
59.82
59.82
59.94
60.20
60.19
60.20
60.13
60.41
60.11
60.14
59.98
60.09
60.22
60.24
60.13
60.04
60.25
60.14
60.02
59.91
59.95
60.00
59.79
59.82
59.69
60.21
60.22
60.14
60.01
60.03
60.23
59.92
59.99
59.85
60.00
60.08
60.11
60.19
59.86
60.00
59.80
59.95
59.88
60.08
60.24
60.20
59.92
59.63
59.83
59.52
59.65
59.89
59.92
59.85
59.94
60.20
60.00
59.99
60.06
60.11
60.12
59.76
59.39
59.87
59.97
59.96
59.99
59.76
59.57
59.55
59.66
59.17
59.05
59.43
59.58
59.56
59.66
59.72
60.06
60.12
59.99
60.03
60.08
59.79
59.74
59.87
59.86
59.82
59.68
59.64
59.72
59.58
59.76
59.49
59.52
59.67
59.80
59.74
59.46
59.53
59.65
59.46
59.34
59.49
59.38
59.35
59.39
59.38
59.35
59.37
59.60
59.14
59.09
59.21
59.34
59.75
59.78
59.87
59.80
59.65
59.49
59.64
59.88
60.05
60.10
60.38
60.41
60.07
59.90
59.83
59.75
59.85
59.69
59.49
59.52
59.52
59.56
59.59
59.53
59.42
59.23
59.32
59.55
59.80
59.72
59.65
59.33
59.47
59.54
59.43
59.05
59.02
59.42
59.17
59.33
59.42
59.73
59.88
59.71
60.03
59.73
59.78
59.84
60.10
60.03
59.97
59.81
59.87
59.51
59.51
59.78
60.01
60.17
59.90
59.97
60.03
60.18
60.11
59.91
60.07
59.88
59.84
59.82
59.70
60.04
60.47
60.35
59.98
59.86
59.66
60.02
60.15
59.98
59.96
59.91
60.03
59.78
59.80
59.90
60.23
59.73
59.48
59.44
59.51
59.97
60.08
60.28
60.12
60.28
60.18
60.18
60.27
60.38
60.26
60.19
60.19
60.04
59.77
60.04
59.77
59.66
59.82
59.82
59.75
59.95
59.64
59.28
59.20
59.63
59.70
59.60
59.53
59.45
59.35
59.42
59.79
59.84
60.15
60.00
60.02
60.14
60.08
60.20
60.49
60.20
60.06
60.01
60.05
60.32
60.25
60.13
60.34
60.10
60.15
60.11
59.82
60.11
60.14
59.98
59.89
60.22
60.24
60.09
59.96
60.12
60.13
60.25
60.59
60.30
60.12
59.95
59.97
59.97
60.01
60.19
59.82
59.96
59.72
60.16
60.05
59.97
60.17
60.07
60.17
60.47
60.26
60.21
59.93
59.88
60.13
59.78
59.69
59.85
60.01
60.37
60.78
60.50
60.25
60.39
60.26
60.10
59.83
59.70
59.91
59.86
60.06
59.89
59.86
59.83
60.01
59.95
59.81
59.79
59.75
59.96
59.73
59.65
59.56
59.62
59.99
60.09
60.22
60.24
60.17
60.30
60.18
60.32
60.20
60.33
60.26
60.27
60.28
60.08
60.16
60.10
59.98
59.79
59.47
59.86
59.61
59.69
59.42
59.49
59.49
59.52
59.62
59.42
59.76
59.39
59.69
60.25
60.26
60.28
60.57
60.38
60.48
60.37
60.51
60.68
60.59
60.39
60.18
60.05
60.13
60.34
60.28
60.39
60.21
60.27
60.24
60.03
59.98
60.43
60.35
60.12
60.06
60.24
60.26
60.07
60.18
59.94
60.16
59.82
59.95
60.04
59.86
60.04
60.05
59.85
59.97
59.96
59.98
59.86
59.79
59.85
60.08
59.83
59.61
59.82
59.96
60.13
59.85
60.13
60.16
59.96
60.12
60.00
59.76
59.56
59.88
59.91
59.87
59.85
59.51
59.62
59.13
59.12
59.45
59.20
59.38
59.08
59.28
59.43
59.60
59.52
59.56
59.74
59.71
59.73
59.56
59.68
59.52
59.63
59.67
59.83
60.09
59.99
59.93
59.72
59.77
59.56
59.63
59.37
59.44
59.63
59.83
59.89
59.99
59.95
59.65
59.26
59.61
59.76
59.85
59.59
59.28
59.52
59.61
59.84
59.60
59.64
59.79
59.90
59.62
59.63
59.80
59.59
59.60
59.57
59.65
59.67
59.80
59.88
59.93
60.28
60.16
60.25
60.23
60.02
59.82
59.51
59.25
59.54
59.48
59.31
59.83
59.73
59.77
60.02
60.10
59.97
60.06
60.15
59.96
59.95
59.71
59.98
60.11
59.94
59.68
59.68
59.51
59.44
59.64
59.41
59.26
59.35
59.37
59.63
59.49
59.25
58.96
58.79
59.29
59.25
59.29
59.08
59.13
59.07
59.45
59.29
59.32
59.57
59.61
59.53
59.59
59.78
59.52
59.62
59.61
59.67
59.53
59.69
59.60
59.55
59.75
59.96
60.00
60.15
60.25
60.04
60.00
60.05
60.13
59.99
60.07
60.08
59.78
59.83
59.69
59.45
59.21
59.47
59.56
59.59
59.77
59.67
60.01
59.86
60.09
59.94
59.64
60.25
60.24
60.34
60.18
60.21
60.06
59.84
59.85
60.13
60.23
59.95
60.29
60.60
60.65
60.61
60.56
60.45
60.57
60.25
60.07
59.97
60.17
60.28
60.20
60.12
60.17
60.45
60.23
59.98
59.73
59.70
59.82
59.99
59.70
59.85
59.86
59.92
59.79
59.89
59.86
60.00
59.97
59.97
59.84
59.88
59.86
59.88
59.92
59.84
59.35
