0.50
0.50
0.50
0.50
0.50
0.50
0.50
0.50
0.67
0.93
0.98
1.25
1.40
1.45
1.47
1.50
1.63
1.68
1.84
1.99
2.11
2.19
2.35
2.66
3.05
3.49
3.91
4.27
4.41
4.69
4.99
5.32
5.48
5.62
5.90
6.03
6.12
6.25
6.42
6.55
6.51
6.70
6.86
6.95
7.03
7.19
7.20
7.31
7.44
7.47
7.45
7.37
7.40
7.46
7.56
7.75
8.03
8.33
8.39
8.61
8.76
8.77
8.79
8.88
9.05
9.16
9.22
9.21
9.27
9.38
9.47
9.61
9.82
9.89
9.88
10.04
10.24
10.33
10.41
10.58
10.69
10.84
10.87
10.88
11.01
11.06
10.89
10.92
10.89
10.80
10.56
10.61
10.56
10.55
10.55
10.64
10.66
10.63
10.59
10.54
10.69
10.92
11.17
11.28
11.03
11.01
10.83
10.76
10.87
10.99
11.10
11.36
11.36
11.43
11.58
11.66
11.85
11.94
12.20
12.27
12.21
12.19
12.26
12.42
12.76
12.85
13.29
13.52
13.62
13.61
13.56
13.57
13.56
13.55
13.49
13.54
13.44
13.37
13.16
13.02
12.88
12.88
12.93
13.02
13.10
13.12
13.25
13.37
13.43
13.71
13.85
14.01
14.13
14.36
14.45
14.59
14.70
14.70
14.87
14.90
15.03
15.00
15.07
15.01
15.13
15.22
15.33
15.12
15.25
15.10
15.05
15.12
15.09
15.12
15.16
15.24
15.12
15.21
14.96
14.98
15.21
15.15
15.36
15.40
15.67
15.88
15.97
16.00
15.93
15.99
16.06
16.00
15.83
15.82
15.95
16.15
16.05
16.03
16.10
16.15
16.35
16.38
16.35
16.58
16.60
16.71
16.81
17.10
17.17
17.43
17.67
17.77
17.54
17.49
17.34
17.29
17.60
17.57
17.52
17.55
17.54
17.63
17.56
17.47
17.18
17.00
17.20
17.34
17.31
17.54
17.65
17.39
17.54
17.80
17.84
17.88
17.84
17.85
17.87
18.06
18.18
18.40
18.40
18.68
18.94
18.92
18.92
18.92
18.78
18.75
18.80
19.02
18.75
18.61
18.58
18.73
18.78
18.90
18.88
18.94
19.00
19.20
19.21
19.37
19.41
19.39
19.56
19.68
19.77
19.87
20.13
20.13
20.13
20.38
20.42
20.38
20.28
20.33
20.16
20.20
20.42
20.57
20.37
20.37
20.67
20.75
20.50
20.68
20.74
20.92
20.90
20.90
21.02
21.01
21.02
21.16
21.18
21.35
21.34
21.19
21.24
21.11
21.01
21.07
21.30
21.37
21.46
21.41
21.78
21.82
21.86
21.85
21.79
21.69
21.53
21.87
21.91
22.33
22.49
22.37
22.38
22.16
22.55
22.35
22.45
22.67
22.70
22.50
22.23
22.46
22.74
22.82
22.85
23.05
23.01
22.72
22.84
22.68
22.52
22.66
23.07
23.16
23.18
23.54
23.52
23.72
23.72
23.77
23.95
23.85
23.93
24.03
23.83
23.70
23.72
23.70
23.75
23.78
23.78
23.65
23.43
23.34
23.46
23.48
23.51
23.74
24.02
24.20
24.44
24.48
24.31
24.62
24.41
24.59
24.36
24.11
24.04
24.19
24.20
24.15
24.26
24.11
24.11
24.44
24.50
24.48
24.43
24.63
24.70
24.89
24.95
25.25
25.43
25.30
24.94
24.81
24.74
24.81
24.98
25.19
24.84
24.55
24.66
24.72
24.96
25.13
25.30
25.35
25.20
25.52
25.85
25.76
25.75
25.28
25.16
25.28
25.35
25.77
25.82
25.85
25.69
25.61
25.68
26.01
26.36
26.42
26.01
25.93
25.81
25.86
26.01
25.97
26.12
26.14
26.17
26.37
26.33
25.98
26.09
25.89
25.85
26.23
26.41
26.52
26.69
26.96
26.61
26.16
26.68
27.40
27.05
27.30
27.12
26.93
27.34
27.15
27.03
27.20
27.26
27.14
26.98
27.20
26.99
27.07
26.98
27.07
27.43
27.60
27.77
27.78
27.59
27.53
27.49
27.36
27.46
27.42
27.48
27.39
27.50
27.63
27.92
27.85
28.02
28.01
27.83
27.62
27.87
28.40
28.06
28.03
28.19
28.19
28.19
28.26
28.30
28.53
28.59
28.16
28.27
28.11
28.20
28.40
28.53
28.59
28.36
28.04
28.37
28.71
28.59
28.13
28.01
28.13
28.33
28.44
28.56
28.70
28.50
28.23
28.20
28.00
27.65
28.07
28.53
28.72
28.45
28.21
28.28
28.59
28.53
28.18
28.24
28.46
29.16
28.86
28.95
29.03
29.30
29.18
29.11
29.20
29.25
29.17
29.60
29.54
29.63
29.79
29.98
30.17
30.29
30.06
30.04
29.77
30.11
29.92
30.27
30.22
29.74
29.48
29.53
29.53
29.66
29.27
29.49
29.30
29.51
29.70
30.25
30.11
29.86
29.81
29.50
29.49
29.55
29.79
29.99
30.06
29.64
29.35
29.48
29.62
29.94
29.93
29.98
30.17
30.24
30.47
30.22
30.32
30.67
30.35
30.70
30.74
30.76
30.61
30.57
30.66
30.10
29.84
29.88
29.54
29.58
29.94
30.36
30.56
30.50
30.26
30.29
30.77
30.77
30.92
30.64
30.65
30.61
30.87
31.03
30.65
30.01
30.07
30.51
30.84
31.02
31.00
30.77
30.87
30.86
30.90
30.93
30.75
30.86
30.51
30.83
30.73
30.99
31.07
31.22
30.93
30.10
29.49
30.12
30.81
31.16
31.03
30.99
30.80
30.98
30.52
30.97
30.26
30.29
30.52
30.63
30.65
30.44
30.65
30.21
29.63
29.77
29.86
29.93
30.21
30.51
30.73
30.64
31.16
31.51
31.87
31.28
31.56
31.36
31.27
31.32
30.99
30.87
30.80
31.08
30.94
31.07
31.28
31.79
32.02
32.13
31.95
31.95
31.11
30.65
31.66
32.04
32.11
32.07
31.82
31.87
31.84
31.54
30.79
31.47
31.40
31.09
30.42
30.18
30.47
30.88
30.25
30.00
30.64
30.39
30.06
29.84
29.88
30.32
30.52
30.74
31.02
30.74
31.29
31.54
31.94
32.19
32.08
32.26
32.29
32.05
31.69
31.96
31.97
31.78
31.78
31.73
31.25
32.37
31.55
30.70
30.95
30.52
31.28
31.87
31.81
31.88
32.20
32.11
32.21
32.51
32.74
32.29
32.34
33.33
33.42
33.21
33.11
32.98
33.05
33.42
33.15
33.09
33.10
32.99
33.02
33.25
33.29
33.41
33.08
33.42
33.62
33.59
33.72
33.83
33.78
33.63
33.27
33.49
33.29
32.99
33.03
33.29
33.38
33.57
32.43
32.63
32.17
32.79
33.08
33.54
33.22
33.48
33.56
33.29
32.95
33.06
33.04
33.37
33.31
33.34
33.29
33.16
33.18
33.30
33.45
33.55
33.42
33.68
33.72
33.82
33.86
33.77
33.60
33.59
34.15
33.56
33.50
33.88
34.59
33.87
33.87
33.12
33.02
33.24
33.05
33.36
33.01
33.48
32.87
33.02
33.42
33.86
33.83
34.14
33.87
33.10
34.07
33.81
33.70
34.21
34.04
33.52
34.24
34.52
34.85
34.53
34.19
34.08
34.03
34.11
34.16
34.56
34.56
34.38
33.96
33.37
33.17
33.81
34.04
34.48
34.36
34.68
34.82
34.69
34.77
34.76
34.53
34.52
34.65
34.98
34.89
34.79
34.57
34.58
34.30
34.64
34.41
34.39
34.03
33.92
33.86
33.86
33.86
34.08
34.56
34.60
34.65
34.71
34.70
34.94
34.65
34.37
34.77
34.56
34.70
35.01
34.93
34.64
34.76
35.00
35.56
35.53
35.30
35.30
34.94
34.76
34.77
34.17
34.23
34.20
34.80
34.90
34.92
35.14
35.59
34.78
34.82
35.14
35.00
35.32
35.10
35.23
35.27
34.80
34.55
35.03
34.84
34.59
34.60
34.61
34.48
34.68
34.75
34.57
34.66
34.70
35.10
35.05
34.50
34.51
34.97
35.40
35.08
34.72
34.88
33.46
34.22
34.12
34.12
33.78
33.92
34.25
34.66
34.90
35.05
35.19
35.01
35.05
35.45
35.48
35.34
35.28
34.89
35.05
34.75
34.79
34.64
34.42
34.50
34.56
34.52
34.64
35.30
35.78
35.32
35.09
35.48
35.73
35.79
35.71
35.28
35.50
34.97
34.98
35.25
35.48
35.44
35.35
35.52
35.07
35.30
35.37
35.63
35.19
35.39
35.92
36.06
36.35
35.95
36.15
36.00
36.03
36.11
35.74
36.15
36.34
36.33
36.40
36.09
36.00
36.28
36.37
36.32
35.33
36.02
35.23
34.82
35.29
35.28
35.16
35.37
35.09
35.04
35.16
35.18
35.69
35.69
36.00
36.13
36.34
36.13
35.36
35.06
35.09
35.61
35.62
35.79
35.91
36.07
35.84
36.15
36.35
36.39
36.59
35.85
35.88
36.35
36.60
36.40
35.78
35.78
35.90
36.29
36.10
36.08
36.35
36.30
36.20
36.24
35.80
35.86
35.93
36.02
36.13
36.32
36.12
36.09
35.69
36.03
36.40
36.36
35.99
36.02
36.77
36.92
37.01
37.09
37.09
36.98
36.72
36.79
36.85
37.26
36.96
37.31
36.43
36.28
36.46
35.92
35.68
35.80
35.70
36.07
35.93
36.19
36.78
36.91
36.75
36.80
37.28
36.44
36.09
36.72
36.00
35.01
34.93
36.00
35.48
35.84
35.34
35.71
35.89
36.53
35.59
35.58
36.26
36.14
36.41
36.73
36.70
36.15
35.57
36.14
36.46
36.46
36.12
36.19
35.89
36.31
36.14
36.22
36.54
36.59
36.66
36.70
36.77
36.64
36.79
37.15
37.43
37.88
36.83
36.27
35.69
36.02
35.99
35.85
36.36
36.44
36.38
36.49
36.46
37.03
36.96
36.87
37.06
37.34
37.27
37.61
37.72
37.38
36.92
36.61
36.83
36.82
36.92
37.06
36.99
37.16
37.31
36.70
36.70
37.24
37.33
37.42
37.11
37.11
37.00
37.03
36.85
37.27
37.07
37.15
37.18
37.08
37.25
37.41
37.06
37.75
37.81
37.99
37.99
38.25
38.00
37.79
37.43
37.69
37.45
37.06
37.36
36.64
38.09
38.13
38.22
38.07
38.17
38.19
38.28
38.40
38.10
38.39
37.06
37.19
37.18
37.64
38.07
37.91
37.63
37.13
37.43
37.41
37.79
37.62
37.83
37.77
37.82
37.89
37.57
37.07
36.98
37.11
37.63
37.88
37.96
37.85
37.99
38.08
37.60
37.38
37.37
37.96
37.96
37.72
37.54
37.67
37.64
37.87
37.85
37.59
37.75
38.10
37.59
37.56
37.74
37.75
37.72
38.11
38.22
37.81
37.69
37.97
38.19
38.22
37.76
38.21
38.06
37.71
37.81
38.18
38.38
38.76
38.76
38.50
38.27
38.35
38.64
38.91
38.76
38.88
38.58
38.19
38.21
38.57
37.66
38.22
38.11
37.74
38.12
38.27
37.97
38.02
38.49
38.59
38.89
38.83
38.62
38.70
38.98
38.71
38.54
37.86
37.86
38.03
38.54
38.70
38.86
38.39
39.32
38.49
38.65
38.18
39.39
39.21
39.05
39.18
39.59
39.71
40.05
39.77
39.75
39.71
39.58
39.93
39.48
39.91
39.62
39.75
39.76
39.61
39.77
39.04
39.25
39.20
39.16
39.25
38.79
38.58
38.93
39.02
39.26
39.23
39.25
39.03
39.03
38.75
38.90
38.98
38.28
38.15
38.17
38.19
38.29
38.76
39.27
39.79
39.77
39.22
39.19
39.53
38.97
39.42
39.34
39.27
39.59
39.70
39.68
39.69
39.46
40.14
40.75
40.74
40.81
40.33
39.82
40.22
40.38
40.59
40.51
40.31
40.22
39.94
39.92
40.25
40.08
40.07
40.31
39.58
39.05
38.98
39.51
39.22
39.53
39.76
39.59
39.97
40.13
40.00
40.10
40.20
40.19
40.16
40.11
40.39
40.22
40.41
40.14
40.38
40.48
40.29
40.37
40.47
40.28
40.21
40.34
40.51
40.46
40.26
40.07
40.07
40.35
40.27
40.37
40.22
40.33
40.13
39.84
39.94
40.02
40.25
40.46
40.24
40.22
40.22
40.50
40.51
40.24
39.87
39.85
40.14
40.25
40.29
40.45
40.37
40.13
39.49
39.46
40.19
40.48
40.42
40.28
40.02
39.93
39.78
39.77
39.87
39.38
38.78
39.28
39.67
39.72
39.68
39.66
39.66
39.69
39.31
39.59
39.73
39.77
39.83
40.70
40.44
40.02
40.08
40.33
40.48
40.55
40.07
39.99
40.52
40.88
41.41
41.55
41.81
41.85
42.03
41.99
41.52
41.90
41.62
41.60
41.58
41.40
41.50
41.29
40.95
40.76
40.66
41.18
41.56
41.80
41.48
41.60
41.52
41.70
41.50
41.62
41.55
42.00
41.56
41.33
41.27
41.21
40.93
40.74
40.20
40.14
40.19
39.93
40.19
40.97
40.99
40.99
40.57
40.54
40.42
40.83
40.91
40.95
41.05
41.09
41.06
40.92
40.40
40.76
41.09
41.43
41.78
41.66
41.36
40.88
41.75
41.39
41.04
40.81
41.28
40.73
41.23
40.60
40.35
40.35
40.38
40.56
40.77
40.55
40.97
40.92
40.93
41.28
41.36
41.37
41.26
41.05
40.88
40.85
41.14
41.39
41.44
41.48
41.29
41.62
41.75
41.63
41.43
41.49
41.55
41.24
41.23
41.71
42.23
42.65
42.17
42.11
41.89
41.82
42.12
42.22
42.13
42.14
41.67
41.95
41.93
42.39
42.27
42.45
42.46
42.45
42.60
42.88
42.65
42.24
42.12
42.29
42.52
43.06
43.37
43.32
43.05
43.09
43.09
42.99
43.08
43.20
43.01
42.69
42.75
43.12
42.99
42.97
43.05
43.21
42.87
42.78
43.01
42.89
42.86
42.59
42.78
43.08
43.01
42.75
42.93
43.47
43.20
43.32
42.84
42.95
42.71
43.19
43.07
42.95
42.97
42.47
42.76
42.71
43.01
42.91
42.23
42.61
42.75
42.71
42.93
43.34
43.04
43.01
42.76
42.73
42.81
43.05
43.23
43.15
43.44
43.43
43.32
43.14
43.38
43.44
43.19
43.09
42.79
42.75
43.12
42.86
42.82
42.69
42.50
42.29
42.08
42.40
42.42
42.82
42.91
43.18
42.93
42.57
42.70
42.52
42.58
42.64
42.99
42.88
42.70
42.63
42.37
42.57
42.90
42.88
42.61
42.45
42.46
42.43
42.42
42.90
42.76
42.98
43.04
42.96
42.88
43.06
42.75
42.74
42.75
43.16
43.04
43.08
43.67
43.38
42.86
42.95
42.81
42.83
43.26
43.15
42.84
42.49
42.49
42.85
42.87
43.10
43.31
43.58
43.60
43.60
43.72
43.67
43.68
43.47
43.61
43.69
43.93
44.13
43.82
43.96
44.09
44.15
44.17
43.81
43.71
44.02
44.08
44.08
44.04
43.97
43.96
44.11
44.48
44.42
44.61
45.26
45.12
44.88
44.89
45.11
45.54
45.17
45.16
45.21
44.98
44.74
44.40
44.16
44.37
44.63
44.58
44.79
44.72
44.75
44.52
44.55
44.90
45.07
44.67
44.66
44.90
44.41
44.31
44.17
44.44
44.58
44.96
45.12
44.96
44.53
44.61
44.87
44.84
45.17
44.94
44.67
44.30
44.21
44.61
44.73
44.63
44.42
44.49
44.50
44.86
45.02
45.07
44.58
44.36
45.00
45.22
44.88
44.61
44.62
44.13
43.65
43.86
43.86
44.45
44.36
43.98
44.24
43.89
44.30
44.38
44.16
44.27
44.26
44.37
44.46
44.53
44.77
44.97
44.80
44.65
44.54
44.48
44.48
44.47
45.16
44.87
44.74
44.34
44.69
45.09
44.98
44.81
44.56
44.08
44.23
44.32
44.44
44.65
44.60
44.28
44.61
44.42
44.18
44.45
44.40
44.45
44.45
44.63
44.46
44.67
44.99
45.04
45.57
45.83
45.91
45.78
45.31
44.97
45.14
44.63
44.48
44.56
44.44
44.43
44.04
44.49
44.63
44.81
45.02
45.06
45.11
44.93
44.65
44.02
44.23
44.36
44.35
44.22
44.32
44.51
43.89
44.29
44.60
44.81
44.68
44.70
44.93
44.52
44.58
44.81
44.77
45.40
45.32
45.31
44.95
44.95
44.77
44.79
44.71
44.86
44.96
44.92
45.14
45.47
45.51
45.63
45.80
45.46
45.33
45.83
45.97
45.85
45.97
45.59
45.26
44.98
45.34
44.87
44.94
45.73
45.39
45.50
45.56
45.60
45.82
45.95
45.84
45.63
45.24
45.07
44.93
45.43
45.38
45.50
45.29
45.23
45.54
45.54
45.76
45.49
45.51
45.82
46.13
45.32
45.26
45.98
45.72
45.95
46.05
45.83
45.99
46.54
46.72
46.66
46.74
46.63
46.55
46.63
46.67
46.56
46.05
45.89
45.81
45.43
45.51
45.74
45.66
45.86
45.64
45.78
45.68
45.99
46.27
46.22
45.72
45.62
45.82
45.42
45.49
46.03
45.88
46.14
46.30
46.60
46.65
46.65
46.86
46.68
46.84
46.98
47.15
47.13
47.40
47.27
47.20
46.78
46.78
46.71
46.73
46.89
46.92
46.51
46.57
46.26
46.12
45.96
45.97
45.71
45.43
45.63
46.12
46.05
45.61
45.43
45.81
45.97
45.82
45.39
45.55
45.05
45.04
45.54
45.58
45.32
45.31
45.05
45.18
45.01
45.25
45.22
45.28
44.98
44.83
45.23
45.36
44.83
45.23
45.66
45.85
45.86
45.76
44.71
45.19
45.16
45.53
45.48
45.62
45.67
45.76
45.98
46.15
46.13
46.07
45.96
45.98
45.84
46.04
46.15
45.70
45.54
45.43
45.46
45.46
45.49
45.37
45.72
45.61
45.92
45.96
45.82
45.38
45.08
45.05
44.89
45.48
44.83
44.97
44.88
44.98
44.93
44.80
45.19
45.49
44.78
45.34
45.75
45.91
45.95
45.52
45.76
45.72
45.80
45.81
45.48
45.76
45.66
45.37
45.34
45.26
45.19
45.14
44.88
45.41
45.54
45.81
45.59
45.13
45.17
45.46
45.85
46.14
46.26
45.86
45.95
45.87
46.12
46.18
46.36
46.59
46.82
47.00
46.80
46.78
46.76
47.01
47.14
47.16
47.14
47.44
47.88
47.65
47.44
47.36
47.32
47.10
47.24
47.14
46.83
46.42
46.37
46.42
46.63
46.69
46.81
46.70
46.75
46.94
46.81
46.68
46.82
46.49
46.84
47.11
46.96
47.31
47.06
47.21
47.08
47.37
46.88
46.47
46.49
46.76
47.01
46.60
46.64
46.60
46.88
47.00
46.90
46.95
47.14
46.99
47.03
47.02
47.21
47.25
47.21
47.35
47.32
47.56
47.59
47.57
47.55
47.53
47.56
47.29
47.28
46.72
46.00
46.26
46.39
46.31
46.58
46.40
46.78
46.95
46.85
46.79
47.20
47.20
46.91
46.74
46.94
47.24
46.68
46.28
46.06
46.30
46.96
46.97
47.23
47.11
47.25
47.31
47.26
47.19
47.44
47.34
47.34
47.00
46.61
46.74
46.65
46.54
46.73
46.94
47.01
46.97
46.62
46.68
46.83
46.68
46.58
46.29
46.55
46.82
46.74
46.52
46.46
46.68
46.60
46.31
46.13
46.04
46.04
46.18
46.23
46.27
46.50
46.50
46.60
46.66
46.59
46.68
46.81
46.72
46.96
46.54
46.52
46.83
46.71
46.35
45.93
45.96
46.15
46.38
46.56
46.24
46.49
46.69
46.87
46.96
46.66
46.66
46.60
46.81
46.76
46.55
46.57
46.85
47.22
47.35
47.44
47.44
47.67
47.66
47.71
47.91
47.83
48.13
48.31
47.81
47.59
47.34
47.21
47.26
47.43
47.21
47.30
47.52
47.40
47.38
47.32
47.30
47.62
47.36
47.09
47.08
47.27
47.20
47.16
46.92
47.21
46.99
47.07
47.43
47.45
47.46
47.56
47.39
47.35
47.25
47.44
47.56
47.89
47.82
47.87
48.06
48.20
48.49
48.39
48.15
48.06
48.00
48.28
48.57
48.81
48.87
48.62
48.54
48.67
48.66
48.74
48.79
48.80
48.95
48.64
48.70
48.75
48.57
48.86
49.04
49.53
49.63
49.78
49.69
49.77
49.90
50.12
49.75
49.41
49.48
49.58
49.46
49.46
49.46
49.52
49.29
49.21
49.17
49.00
49.22
49.48
49.54
49.68
49.58
49.58
49.74
49.23
49.17
48.61
48.41
48.48
48.44
48.33
48.20
48.59
48.70
48.80
48.63
48.63
48.49
48.49
48.35
48.73
48.70
48.64
48.64
48.82
48.73
48.84
48.83
48.88
48.72
48.66
48.91
48.84
48.85
49.24
49.61
49.75
48.93
48.91
49.11
49.28
49.38
49.47
49.22
49.41
49.22
48.94
49.48
49.84
49.40
49.16
49.01
48.95
48.62
48.94
49.08
48.88
48.92
49.12
49.04
48.77
48.79
48.61
48.46
48.18
48.28
48.53
48.70
48.84
48.84
49.05
49.17
49.03
49.32
49.10
49.15
49.08
48.81
48.76
48.96
48.88
49.08
49.43
49.13
49.05
49.42
49.53
49.87
49.96
49.79
49.68
49.86
49.68
49.64
49.59
49.68
49.69
49.56
49.34
49.27
49.23
49.12
49.24
49.00
48.89
49.12
49.23
49.06
49.08
48.84
49.13
49.35
49.29
49.20
49.24
48.99
48.61
48.59
48.68
48.99
48.93
48.61
48.93
48.76
48.96
49.40
49.02
48.95
49.17
49.37
49.43
49.30
49.53
49.25
49.70
49.62
49.41
49.50
49.35
49.41
49.23
49.19
49.01
49.00
49.16
49.10
49.36
49.51
49.53
49.37
49.55
49.51
49.52
49.11
48.95
49.11
49.21
49.21
49.60
49.45
49.26
49.13
49.10
49.15
49.03
49.11
48.97
49.19
49.36
49.51
49.36
49.18
49.13
49.42
49.63
49.61
49.66
49.68
49.85
49.83
49.35
49.42
49.60
49.50
49.02
49.30
49.16
49.33
49.11
48.51
48.25
48.98
48.57
48.36
48.64
48.91
49.28
48.97
48.79
48.79
48.80
48.80
49.24
49.29
49.33
49.12
48.93
49.10
49.14
49.64
49.59
49.71
49.72
49.29
48.90
49.00
49.31
49.17
49.11
49.35
49.07
48.99
48.99
48.89
49.02
48.97
48.95
49.07
48.77
48.60
48.68
48.77
48.90
49.02
49.38
49.45
49.46
49.37
49.09
49.01
49.12
49.11
49.19
49.43
49.09
49.07
49.08
49.42
49.46
49.36
49.46
49.84
49.91
49.89
49.85
49.85
49.84
50.10
49.80
49.87
49.80
49.91
49.66
49.58
49.65
49.30
49.22
49.40
49.48
49.42
49.45
49.40
49.71
49.62
49.30
48.90
49.19
49.08
49.53
50.03
49.96
49.97
50.37
50.32
50.36
50.17
50.39
49.97
50.14
49.96
49.74
49.87
49.89
50.08
50.23
50.35
50.59
50.51
50.87
50.59
50.66
50.47
49.93
50.07
49.83
49.80
49.57
49.38
49.79
49.87
49.90
49.81
49.41
49.25
49.26
49.49
49.63
49.74
49.62
49.63
50.08
50.01
49.96
50.11
50.03
49.83
50.18
50.06
49.99
49.75
49.61
49.65
49.29
49.44
49.76
50.16
49.95
49.89
49.81
50.05
50.16
50.06
50.45
50.52
50.52
50.75
50.84
50.81
50.80
50.94
50.89
50.60
50.25
50.15
50.06
50.46
50.70
50.67
50.72
50.68
50.46
50.31
50.11
50.03
50.16
49.81
49.59
49.78
50.29
50.33
50.33
50.39
50.53
50.59
50.68
50.78
50.50
50.74
50.77
50.63
50.31
50.36
50.36
50.29
50.38
50.14
49.99
49.99
49.62
49.67
49.91
49.72
49.79
49.91
49.74
49.80
49.84
49.90
49.94
49.90
50.22
50.29
50.02
49.79
50.03
50.25
50.42
50.24
50.00
49.98
50.19
50.35
50.35
50.83
50.77
50.74
50.67
50.61
50.37
50.07
49.91
50.30
50.42
50.50
50.58
50.32
50.34
50.28
50.34
50.22
50.24
50.55
50.50
50.72
50.71
50.82
50.91
50.95
50.75
50.79
50.11
50.06
50.41
50.37
50.55
50.95
50.71
49.98
49.84
49.65
49.76
50.12
49.83
50.04
50.07
50.11
50.40
49.84
50.03
49.92
49.93
49.92
49.97
50.14
50.28
50.11
50.12
49.96
50.00
50.06
50.22
50.43
50.22
50.25
50.19
50.34
50.54
50.54
50.22
50.54
50.68
50.63
50.51
50.47
50.41
50.25
50.12
50.04
50.00
50.12
50.00
49.94
50.13
50.14
50.27
49.86
49.54
49.71
49.89
49.95
50.08
50.14
50.48
50.43
50.45
50.24
50.08
49.95
50.07
50.01
50.28
50.58
50.68
50.75
50.74
50.70
50.82
51.00
51.00
50.70
50.57
50.79
50.44
50.45
50.51
50.42
50.55
50.44
50.25
50.09
50.00
50.14
50.38
50.45
50.44
50.56
50.52
50.61
50.57
50.49
50.50
50.24
49.59
49.39
49.29
49.84
50.25
50.53
50.13
50.54
50.70
50.44
50.58
50.50
50.28
50.30
50.57
50.37
50.30
50.20
50.27
50.39
50.85
50.77
50.55
50.47
50.09
50.53
50.91
50.82
51.06
51.13
51.28
51.46
51.44
51.29
51.37
51.58
51.54
51.62
51.56
51.26
50.72
50.74
50.92
50.97
51.37
51.47
51.51
51.11
51.17
50.77
50.36
50.45
51.57
51.47
51.49
51.28
51.03
50.89
50.62
50.28
50.13
50.37
50.35
50.31
50.92
50.98
51.35
51.40
51.25
51.41
51.70
51.60
51.47
51.81
51.58
51.47
51.37
51.75
51.77
51.50
51.38
51.53
51.46
51.71
51.58
51.65
51.13
50.81
50.82
50.50
50.49
50.76
51.05
50.69
51.39
51.52
51.07
50.90
51.03
51.15
51.52
51.61
51.70
51.57
51.43
51.42
51.24
51.53
51.44
51.43
51.07
51.21
51.06
51.00
51.05
50.73
50.94
50.95
51.05
51.46
51.78
51.76
51.60
51.44
51.23
51.42
51.32
51.16
51.02
51.27
51.22
51.43
51.36
51.18
51.01
50.98
51.18
50.97
51.01
50.97
51.02
51.22
51.40
51.12
51.30
51.18
51.02
51.16
51.10
50.83
50.85
50.95
50.96
51.12
51.14
51.13
51.28
51.50
51.69
51.47
51.43
51.66
51.63
51.84
51.62
51.36
51.34
51.60
51.07
51.52
51.84
51.65
51.74
51.68
51.33
51.31
51.53
51.07
51.42
51.41
51.41
51.39
51.38
51.45
51.54
51.66
51.72
51.41
51.66
51.32
51.02
51.08
51.04
50.82
50.70
50.93
51.15
51.25
51.45
51.23
51.40
51.38
51.40
51.03
50.97
50.96
51.27
51.51
51.47
51.65
51.71
51.61
51.48
51.36
51.36
51.40
51.93
51.86
52.04
51.80
51.78
51.62
51.13
51.66
51.85
52.06
52.17
52.13
52.12
52.16
52.22
52.25
52.52
52.54
52.31
51.81
51.84
51.78
51.67
51.76
51.84
51.79
51.51
51.54
51.54
51.53
51.54
51.28
51.19
51.64
51.90
51.83
51.70
51.94
51.98
51.79
51.89
51.84
51.88
52.03
52.28
52.27
52.29
52.29
52.13
52.24
52.23
52.38
52.13
52.21
51.93
52.06
52.22
51.67
51.36
51.73
51.73
51.75
51.81
52.08
52.05
52.01
52.01
52.01
52.20
52.33
52.15
52.49
52.58
52.22
52.15
52.20
52.23
51.83
51.66
51.75
51.85
51.76
51.81
51.63
51.48
51.44
51.37
51.19
50.79
50.71
50.85
50.98
51.18
51.18
51.23
51.38
51.27
51.12
50.93
50.91
50.80
50.72
50.74
50.79
50.99
50.90
51.00
50.97
50.55
50.33
50.51
50.75
50.91
50.69
51.02
51.09
50.93
50.91
50.68
50.72
50.78
50.92
51.15
50.76
50.90
50.77
50.49
50.44
50.75
50.96
50.76
50.82
50.88
51.08
50.91
50.98
50.97
50.75
50.42
50.25
50.62
50.53
50.19
49.93
50.14
51.02
50.84
51.13
51.51
51.91
51.80
51.66
51.56
51.62
51.69
51.80
51.87
51.89
51.48
51.16
51.38
51.15
51.17
51.14
51.24
51.01
51.32
51.13
51.46
51.28
51.53
51.12
51.14
51.37
51.20
50.87
50.92
50.56
50.37
50.44
50.71
50.72
50.68
50.85
50.42
50.60
50.57
50.59
50.30
50.45
51.03
50.77
50.92
51.11
50.85
50.99
50.87
50.95
51.09
51.03
50.97
51.34
51.15
51.24
50.92
51.53
51.68
51.23
50.76
50.84
50.64
50.37
50.19
50.22
50.18
50.35
50.38
50.21
49.97
49.95
49.96
50.05
49.87
49.90
50.07
49.53
50.03
50.25
50.50
50.24
50.04
50.14
50.64
50.54
50.81
50.72
50.73
50.74
50.79
50.74
50.72
50.92
50.90
50.95
50.68
50.87
51.30
51.62
51.85
51.87
51.98
51.99
51.97
51.85
51.77
51.60
51.89
51.35
51.14
51.68
51.74
51.92
51.64
51.87
51.83
51.61
51.71
51.47
51.64
51.71
51.83
51.70
51.76
51.52
51.49
51.58
51.66
51.82
51.97
52.00
51.93
52.06
51.98
52.01
51.96
52.10
52.32
52.20
52.31
52.30
52.47
52.57
52.65
52.74
52.96
52.85
52.39
52.18
52.47
51.98
51.93
52.03
52.03
51.91
51.94
52.08
51.78
51.75
51.52
51.63
51.97
51.81
51.54
51.55
51.82
52.17
52.06
51.96
52.16
52.21
52.23
52.21
52.44
52.48
52.55
52.33
51.91
51.59
51.45
51.67
51.88
51.92
52.11
52.05
52.14
52.32
52.20
51.72
52.07
51.93
51.42
50.83
50.72
50.97
50.89
51.48
51.80
51.87
51.62
51.59
51.78
51.70
51.57
51.98
52.18
51.98
51.97
51.78
51.82
52.02
52.40
52.67
52.63
52.56
52.04
51.84
51.83
51.81
51.85
51.94
51.92
52.12
51.92
51.70
51.41
51.27
51.45
51.68
51.69
51.96
51.80
51.90
51.88
52.11
52.31
52.17
51.72
51.57
51.64
51.80
51.92
51.89
51.70
51.70
51.62
51.60
51.85
51.90
52.20
52.47
52.60
52.19
52.30
52.43
52.65
52.63
52.60
52.76
52.65
52.83
52.88
52.53
52.25
51.86
51.99
52.06
52.07
52.48
52.51
52.29
52.42
52.50
52.30
52.53
52.55
52.54
52.52
52.53
52.34
52.57
52.53
52.53
52.26
51.99
52.25
52.38
52.50
52.31
52.42
52.46
52.65
52.22
52.32
51.99
51.98
52.00
52.01
51.86
51.84
51.34
51.15
51.28
51.55
52.07
52.41
52.40
52.43
52.43
51.98
52.14
52.59
52.90
52.78
52.73
52.78
52.78
52.87
52.89
52.97
52.94
52.89
52.89
53.02
53.17
53.09
53.10
53.05
53.11
52.51
52.37
52.21
52.21
52.04
51.81
52.06
51.99
52.04
51.91
51.65
51.92
52.03
52.27
52.16
52.19
52.09
51.93
52.02
51.95
52.31
52.48
52.15
52.34
52.01
52.37
52.28
52.05
52.10
52.23
52.06
52.76
52.86
52.81
52.94
52.74
52.59
52.91
53.12
53.22
53.33
53.34
53.39
53.48
53.47
53.44
53.31
53.31
53.30
53.39
53.15
52.72
53.06
53.30
53.06
53.23
53.23
53.26
52.98
53.08
53.31
53.46
53.43
53.08
53.00
53.31
53.09
53.07
53.12
53.13
53.19
53.24
53.14
52.90
52.67
52.28
52.06
52.48
52.33
52.38
52.59
52.64
52.69
52.84
52.78
52.83
52.99
53.05
52.95
53.13
53.36
53.33
53.22
53.37
53.76
53.97
53.89
54.10
53.77
53.52
53.73
53.63
53.56
53.21
53.40
53.21
53.03
53.02
52.82
52.75
53.38
53.07
53.22
53.22
53.02
52.41
52.50
52.57
52.89
52.74
52.79
53.05
53.34
53.21
53.18
53.41
53.04
53.32
53.33
53.19
53.30
53.06
53.10
53.14
53.16
53.20
53.34
53.37
53.57
53.23
53.34
53.25
53.30
53.18
53.40
53.43
53.57
53.56
53.59
53.47
53.49
53.11
53.25
53.22
52.86
52.79
52.77
52.91
52.94
52.64
52.91
53.03
52.57
52.40
52.35
53.02
53.44
53.46
53.41
53.46
53.44
53.62
53.51
53.59
53.64
53.25
53.15
52.63
52.81
52.88
52.74
52.88
53.09
53.11
52.96
53.31
52.94
52.96
52.83
52.72
52.93
53.06
53.20
53.37
52.94
52.80
52.89
52.93
52.91
53.16
53.29
53.40
53.20
53.01
52.53
52.40
52.34
52.52
52.58
52.77
52.83
52.85
52.97
53.06
53.05
53.00
52.97
53.13
53.35
53.11
53.10
52.61
52.70
52.55
52.41
52.27
52.08
52.18
52.11
52.17
52.37
52.51
52.74
52.35
52.60
52.99
52.62
52.34
52.66
52.62
52.85
53.00
52.82
52.88
52.72
52.80
52.59
52.42
52.53
52.91
53.10
53.09
53.04
52.99
53.10
53.11
52.99
53.16
52.72
52.56
53.01
53.12
53.38
53.09
52.85
52.48
52.32
52.61
52.87
52.81
52.63
52.67
52.50
52.82
53.05
53.00
52.97
52.87
52.92
53.25
53.04
52.92
52.78
52.48
52.83
53.15
52.84
52.69
52.72
52.91
52.83
52.78
52.36
52.36
52.46
52.39
52.44
52.40
52.49
52.36
51.94
52.05
52.06
52.00
52.31
52.38
52.22
52.11
52.10
51.82
51.82
51.53
51.50
51.63
51.75
51.75
51.75
51.70
51.58
51.40
51.80
51.97
52.02
52.12
52.19
52.34
52.43
52.48
52.58
52.62
52.64
52.73
52.62
52.89
52.99
52.87
52.68
52.20
52.65
52.93
52.87
52.90
52.76
52.78
52.85
52.77
52.89
52.85
52.61
52.57
52.28
52.90
52.84
52.62
52.65
52.39
52.20
52.39
52.31
52.17
52.12
52.38
52.59
52.61
52.24
52.54
52.58
52.65
52.66
52.60
52.60
52.40
52.57
52.31
52.55
52.58
52.55
52.52
52.52
52.53
52.73
52.72
52.65
52.72
52.39
52.40
52.68
52.69
52.71
52.48
52.41
52.32
52.51
52.50
52.50
52.74
52.93
53.12
52.96
52.39
52.30
52.08
52.13
51.95
52.03
52.16
52.19
51.93
52.08
52.21
52.49
52.52
52.72
52.43
52.48
52.71
53.06
52.76
52.58
52.72
52.72
52.87
53.02
52.98
52.62
53.20
53.59
53.43
53.35
53.44
53.32
53.20
53.07
53.26
53.33
53.43
53.46
53.48
53.37
53.82
53.96
54.07
54.18
53.98
53.77
53.94
53.80
53.28
53.02
53.09
53.03
53.53
53.59
53.34
53.55
53.51
53.43
53.85
53.90
54.13
54.19
54.34
54.30
54.18
53.98
53.85
53.66
53.67
53.72
53.57
53.72
53.84
53.69
53.48
53.65
53.57
53.68
54.02
53.82
53.92
53.92
53.73
53.87
54.10
54.12
53.87
54.21
54.11
53.95
53.74
53.51
53.34
53.64
53.66
53.47
53.47
53.54
53.75
53.69
53.78
53.87
53.67
53.25
53.24
53.41
53.29
53.53
53.33
53.05
53.26
53.26
53.13
53.29
53.34
53.64
53.78
53.67
53.59
54.03
53.98
54.42
54.41
54.02
53.86
53.81
53.58
53.64
53.63
53.81
54.14
53.99
54.06
54.11
54.27
54.41
54.14
54.05
54.07
53.96
53.90
53.99
53.79
53.71
53.80
53.73
53.88
53.69
53.69
53.50
53.54
53.60
53.64
53.44
53.74
53.38
53.49
53.60
53.58
53.61
53.72
53.77
54.17
54.22
54.15
54.16
54.28
54.08
54.24
54.14
54.11
54.19
54.35
54.06
53.96
53.99
53.97
54.06
53.64
53.43
53.36
53.13
53.03
53.02
53.02
53.18
53.27
53.78
53.52
53.61
53.62
53.45
53.30
53.08
53.00
52.71
52.78
52.88
52.88
52.96
52.60
52.45
52.60
53.07
52.66
52.69
53.23
52.93
53.25
53.32
53.25
53.34
53.78
54.04
54.09
54.03
54.01
53.96
53.60
53.11
53.00
53.25
53.24
53.15
53.48
53.76
53.80
53.78
53.56
53.60
53.68
53.79
53.93
53.66
53.57
53.83
53.89
54.23
54.29
53.68
53.96
53.97
53.74
53.56
53.46
53.60
53.44
53.54
53.50
53.49
53.55
53.42
53.62
53.14
53.18
53.08
53.20
53.47
53.36
53.27
53.21
53.12
53.66
53.77
53.53
53.46
53.29
53.22
53.11
53.08
53.17
53.33
53.28
53.67
53.97
53.79
53.76
53.80
54.11
54.16
54.07
54.11
54.17
53.99
53.76
53.96
54.06
53.91
53.48
53.25
53.11
53.11
53.48
53.52
53.59
53.70
53.59
53.65
53.68
53.78
53.70
53.83
53.98
53.87
53.95
53.89
53.99
53.73
53.49
53.37
53.34
53.14
53.37
53.59
53.67
53.67
53.64
53.60
53.67
53.65
53.45
53.38
53.76
53.85
53.53
53.23
53.00
52.79
52.85
52.99
53.21
52.91
52.92
52.51
52.36
52.15
52.16
52.37
52.35
52.49
52.79
52.89
52.96
53.37
53.40
53.63
53.46
53.51
53.54
53.44
53.42
53.68
53.81
53.84
53.79
53.80
53.74
53.78
53.55
53.37
53.43
53.40
53.37
53.57
53.92
54.20
54.25
54.23
54.37
54.54
54.72
54.71
54.71
54.50
54.42
54.55
54.52
54.57
54.43
54.36
54.15
54.42
54.80
54.43
53.98
54.12
54.13
53.99
54.11
54.00
54.12
53.96
54.19
54.22
54.02
53.77
53.78
53.93
54.05
53.79
54.02
54.32
54.36
54.33
54.38
54.45
54.12
53.74
53.68
53.78
54.05
54.27
54.23
54.18
54.23
54.37
54.31
54.34
54.43
54.22
54.47
54.35
54.50
54.46
54.53
54.05
53.87
54.04
54.13
54.24
54.24
54.35
54.57
54.62
54.76
54.48
54.32
54.45
54.54
54.55
54.82
54.74
54.66
54.63
54.66
54.82
54.90
54.80
54.47
54.35
54.25
54.30
54.37
54.14
54.41
54.51
54.55
54.41
54.41
54.37
54.18
54.19
53.82
53.95
54.16
54.43
54.52
54.49
54.37
53.87
54.09
54.07
53.73
53.48
53.41
53.56
53.33
53.75
53.91
53.76
53.43
53.43
53.74
53.68
53.97
53.85
53.36
53.34
53.10
53.29
53.51
53.92
53.82
53.88
53.91
53.88
53.73
53.61
53.67
53.70
53.80
53.38
53.27
53.37
53.72
53.78
53.92
54.06
54.46
54.26
54.17
54.10
53.92
53.97
54.15
54.34
54.07
53.94
53.91
53.91
54.02
54.11
54.18
54.21
54.59
54.64
54.62
54.56
54.62
54.77
54.75
54.73
54.92
54.94
54.97
54.88
54.64
54.76
54.58
54.63
54.29
54.33
54.21
54.52
54.97
55.10
55.39
55.55
55.38
55.33
55.30
55.47
55.30
55.16
54.73
54.48
54.47
54.59
54.68
54.63
54.74
54.62
54.56
54.49
54.72
54.94
54.85
54.75
54.32
54.44
54.63
54.45
54.45
54.44
54.59
54.74
54.89
55.03
55.17
55.36
55.33
55.21
55.21
54.99
54.77
54.88
55.38
55.34
55.34
55.58
55.53
55.57
55.37
55.53
55.55
55.83
55.86
55.86
55.88
55.91
55.66
55.61
55.52
55.72
55.75
55.77
55.89
55.97
55.80
55.65
55.50
55.52
55.41
55.41
55.47
55.77
55.78
55.72
55.60
55.59
55.46
55.60
55.59
55.78
55.71
55.58
55.48
55.50
55.68
55.75
55.70
55.58
55.54
55.60
55.55
55.49
55.63
55.48
55.43
55.21
55.13
55.36
55.32
55.42
55.33
55.40
55.45
55.31
54.89
55.03
55.29
55.57
55.62
55.38
55.40
55.36
54.95
54.65
55.12
54.93
55.37
55.72
55.51
55.53
55.59
55.48
55.42
55.21
55.23
55.35
55.48
55.45
55.55
55.69
55.83
55.93
55.80
55.74
55.47
55.36
55.26
55.25
55.32
55.51
55.41
55.20
55.39
55.12
55.10
55.01
55.06
55.19
55.34
55.18
55.28
55.32
55.21
55.12
55.37
55.35
55.17
55.32
55.23
54.81
54.88
55.05
55.02
55.06
55.04
54.98
54.96
54.82
54.52
54.53
55.08
55.06
54.91
54.98
54.94
55.13
54.97
54.81
54.92
54.90
55.29
55.47
55.43
55.53
55.63
55.36
55.50
55.45
55.54
55.63
55.70
55.71
55.60
55.41
55.65
55.92
55.85
55.97
55.91
55.77
55.82
55.63
56.12
56.28
56.51
56.66
56.75
56.67
56.68
56.62
56.65
56.75
56.80
56.75
56.94
56.80
56.99
56.81
56.75
56.64
56.62
56.60
56.59
56.66
56.83
56.76
56.45
56.17
56.07
56.14
56.01
55.70
55.53
55.55
55.80
55.74
55.75
55.69
55.71
55.63
55.47
55.31
55.12
55.47
55.44
55.43
55.47
55.65
55.68
55.74
55.90
55.96
55.97
55.91
55.93
56.01
56.08
56.26
56.03
55.90
55.69
55.88
56.10
56.22
56.17
56.04
56.21
56.25
56.20
56.20
56.12
56.00
55.75
55.69
55.85
55.78
55.83
56.12
56.03
55.92
55.72
55.71
55.49
55.73
55.49
55.19
55.09
54.93
55.02
54.99
55.03
55.20
55.18
55.21
55.24
55.54
55.43
55.42
55.56
55.39
55.24
55.17
55.49
55.56
55.80
55.88
55.71
55.76
55.56
55.72
55.71
55.55
55.55
55.43
55.52
55.61
55.70
55.75
55.97
55.92
56.15
56.56
56.34
56.29
56.59
56.62
56.37
56.34
56.09
56.34
56.23
56.34
56.00
56.11
56.09
56.01
55.91
55.98
55.96
55.90
56.07
56.23
56.01
56.33
56.10
55.99
55.90
55.66
55.46
55.37
55.15
55.23
55.46
55.53
55.73
55.94
56.07
56.06
56.24
56.34
56.41
56.44
56.46
56.34
56.35
56.60
56.75
56.50
56.29
56.17
56.17
56.37
56.67
56.88
56.81
56.65
56.81
56.59
56.42
56.63
56.71
56.53
56.58
56.33
56.27
56.24
56.27
56.25
56.27
56.20
56.08
56.26
56.39
56.43
56.41
56.24
56.15
56.26
56.28
56.21
56.45
56.57
56.54
56.48
56.44
56.49
56.62
56.88
56.89
56.95
56.98
57.06
57.13
57.48
57.55
57.57
57.34
57.30
57.41
57.68
57.51
57.54
57.63
57.67
57.62
57.47
57.50
57.47
57.56
57.64
57.61
57.76
57.90
57.75
57.74
57.86
57.61
57.38
57.41
57.47
57.44
57.24
57.36
57.68
57.50
57.37
57.53
57.73
57.63
57.63
57.62
57.37
57.08
56.83
57.57
57.40
57.52
57.57
57.48
57.15
57.19
56.97
56.85
56.68
56.82
56.80
57.12
57.09
57.38
57.46
57.16
57.33
57.14
56.88
56.97
56.69
56.63
56.74
56.64
57.00
57.06
57.35
57.42
57.67
57.58
57.47
57.48
57.57
57.44
57.15
57.07
57.00
57.01
57.13
57.28
57.03
56.94
56.92
56.94
56.86
56.84
56.98
56.98
56.70
56.59
56.90
56.75
56.73
56.68
56.49
56.54
56.80
56.95
57.03
57.28
57.21
57.04
56.95
57.17
57.29
57.49
57.29
57.37
56.84
56.71
56.51
56.75
57.02
57.11
57.48
57.46
57.32
56.92
56.79
56.38
56.22
56.60
56.71
56.92
56.95
56.82
56.67
56.60
56.70
56.60
56.79
56.95
57.08
57.28
57.07
57.05
57.22
57.20
57.12
57.17
57.19
57.24
57.02
57.14
57.25
57.46
57.45
57.29
57.42
57.59
57.62
57.49
57.51
57.68
57.63
57.66
57.59
57.58
57.60
57.48
57.42
57.37
57.36
57.25
57.36
57.23
57.29
57.34
57.45
57.57
57.49
57.40
57.43
57.64
57.03
57.11
57.08
57.23
57.30
57.14
57.29
57.03
56.82
57.15
57.12
57.13
57.35
57.19
57.02
57.34
57.43
57.47
57.09
56.60
56.65
56.93
57.02
57.06
56.96
57.15
56.70
56.56
56.45
56.60
56.56
56.49
56.51
56.50
56.74
56.94
57.15
56.43
56.36
56.55
56.87
56.92
56.65
56.99
57.08
56.99
57.11
57.02
57.20
57.37
57.14
56.95
57.20
57.28
57.12
57.22
57.26
57.13
57.05
57.24
57.40
57.31
56.99
56.64
56.94
56.90
57.12
56.97
56.82
56.84
56.80
56.71
56.64
56.84
56.96
57.35
57.72
57.55
57.68
57.94
57.94
57.77
57.59
57.60
57.61
57.35
57.51
57.35
57.31
57.40
57.13
57.12
56.92
57.16
57.13
57.04
56.70
56.59
56.75
57.03
57.05
57.09
57.05
57.27
57.11
57.14
57.10
57.18
57.38
57.07
57.09
56.90
57.11
56.93
57.08
56.91
56.67
56.64
56.89
56.98
57.01
57.09
57.23
57.34
57.32
57.28
57.40
57.17
56.82
56.49
56.79
56.79
56.82
56.81
56.91
56.58
56.77
56.41
56.48
56.72
56.75
56.71
56.66
56.44
56.40
56.51
56.60
56.69
56.66
56.46
56.40
56.67
56.65
56.44
56.37
56.34
56.39
56.67
56.60
56.76
56.86
57.00
57.06
57.17
57.02
57.23
57.48
57.55
57.54
57.33
56.81
56.68
56.70
56.89
56.77
56.98
57.01
56.88
56.89
56.65
56.24
56.07
56.05
56.38
56.53
56.35
56.64
56.66
56.54
56.23
56.17
56.34
56.28
56.34
56.36
56.45
56.10
56.05
56.07
56.06
56.15
56.01
56.18
56.27
56.46
56.60
56.17
56.09
55.79
55.82
56.01
56.11
56.08
56.03
56.05
55.81
55.71
55.78
55.97
56.08
56.25
56.26
56.35
56.42
56.46
56.38
56.39
56.19
55.83
56.00
56.21
56.19
56.29
56.43
56.47
56.59
56.52
56.51
56.55
56.74
56.38
56.04
55.98
56.20
56.27
56.53
56.60
56.48
56.28
56.45
56.50
56.77
56.89
56.81
56.79
56.61
56.48
56.49
56.46
56.79
56.96
57.03
56.91
57.20
57.28
56.93
57.11
57.12
57.09
57.22
57.26
57.05
56.66
56.73
56.67
56.73
57.02
57.20
56.91
57.01
57.07
56.94
56.78
56.91
56.79
56.79
56.88
56.68
56.93
56.90
57.02
56.77
56.73
56.82
56.82
57.08
57.23
57.33
57.05
57.14
57.41
57.28
57.17
56.84
56.73
56.33
56.16
56.45
56.80
56.74
56.67
56.65
56.82
56.81
56.66
56.38
56.35
56.55
56.55
56.51
56.71
56.46
56.53
56.40
56.10
56.27
56.50
56.41
56.43
56.63
56.38
56.23
56.17
56.51
56.55
56.57
56.48
56.36
56.50
56.47
56.23
56.16
56.10
56.30
56.34
56.46
56.62
56.42
56.43
56.75
56.87
56.74
56.72
56.86
56.88
56.73
56.75
56.85
56.62
56.77
57.12
56.85
56.63
56.95
56.91
56.96
56.69
56.57
56.48
56.46
56.51
55.87
55.60
55.91
55.96
55.97
56.09
56.13
56.36
56.32
56.28
56.44
56.60
56.43
56.45
56.58
56.73
57.08
57.24
57.39
57.24
57.10
56.84
56.92
56.93
57.10
57.17
57.13
57.10
56.74
56.68
56.90
56.95
56.81
56.72
56.81
56.81
56.85
56.71
56.78
56.79
57.16
57.03
57.18
57.39
57.31
57.17
57.23
57.24
57.21
56.93
56.55
56.38
56.40
56.51
56.45
56.33
56.55
56.51
56.64
56.64
56.79
56.36
56.36
56.05
55.90
55.85
55.69
55.81
55.90
55.96
55.99
56.13
56.31
56.22
56.19
56.41
56.36
56.56
56.30
56.26
56.55
56.60
56.54
56.57
56.56
56.42
56.57
56.16
56.34
56.56
56.65
56.73
56.82
57.01
56.88
56.86
56.97
57.20
57.10
57.11
57.28
57.18
57.08
56.86
56.89
57.02
57.28
57.58
57.63
57.65
57.97
58.04
58.13
57.99
57.51
57.27
57.11
57.20
57.53
57.46
57.20
57.11
57.10
57.23
57.63
57.51
57.70
57.29
57.45
57.71
57.63
57.51
57.62
57.39
57.01
56.92
57.05
57.17
57.41
57.01
56.97
56.84
56.77
56.87
57.08
57.08
57.26
57.21
57.02
57.24
57.23
57.39
57.41
57.51
57.54
57.71
57.75
57.46
57.48
57.58
57.91
57.65
57.56
57.63
57.66
57.66
57.56
57.60
57.64
57.76
57.62
57.17
57.08
57.24
57.14
57.48
57.59
57.56
57.59
57.57
57.51
57.42
57.20
57.03
57.32
57.30
57.23
57.40
57.48
57.36
57.30
57.41
57.52
57.76
57.79
57.82
57.77
57.75
57.55
57.31
57.32
57.29
57.08
57.22
57.25
57.35
57.33
57.38
57.46
57.49
57.65
57.46
57.32
57.21
57.01
57.06
57.15
57.18
57.25
57.30
57.43
57.59
57.52
57.63
57.58
57.48
57.33
57.43
57.31
57.51
57.62
57.57
57.70
57.66
57.59
57.35
57.51
57.81
57.85
57.62
57.61
57.36
57.34
57.48
57.45
57.36
57.12
57.25
57.18
57.00
57.20
57.10
56.88
56.89
56.75
56.99
57.30
57.55
57.52
57.42
57.32
57.03
57.17
57.24
57.64
57.79
57.62
57.33
57.27
57.68
57.74
57.68
57.39
57.51
57.53
57.46
57.15
56.80
57.41
57.26
57.42
57.32
57.38
57.41
57.46
57.30
57.25
57.30
57.32
57.42
57.61
57.50
57.45
57.24
56.95
56.99
57.12
56.85
56.92
57.06
57.10
57.15
57.48
57.45
57.52
57.61
57.61
57.68
57.53
57.44
57.37
57.53
57.60
57.78
57.61
57.37
57.36
57.46
57.56
57.79
58.08
58.51
58.35
58.01
57.76
57.58
57.85
57.86
57.71
57.82
57.86
58.14
58.21
58.36
58.28
58.35
58.34
58.37
58.48
58.39
58.06
57.92
58.19
58.47
58.60
57.93
57.70
57.73
57.83
58.25
58.40
58.17
58.43
58.48
58.33
58.46
57.99
57.85
57.88
57.86
57.91
57.71
57.61
57.71
57.60
57.80
58.01
58.02
57.75
57.89
57.87
57.84
57.77
57.67
57.95
57.67
57.88
57.72
57.47
57.73
57.61
57.76
57.67
57.85
57.69
57.64
57.67
57.86
57.65
57.58
57.25
57.37
57.29
57.36
57.42
57.42
57.45
57.39
57.40
57.36
57.39
57.29
57.43
57.66
57.71
57.76
57.91
58.01
58.05
57.88
57.77
58.04
58.18
58.44
58.44
58.83
58.69
58.67
58.75
59.07
59.16
58.81
58.15
58.21
58.08
58.20
58.05
58.05
57.91
58.02
58.09
57.95
57.80
57.64
57.39
57.24
57.43
57.69
57.57
57.68
57.34
57.45
57.11
57.12
57.61
57.79
57.66
57.61
57.75
57.82
57.49
57.26
57.34
57.12
57.73
57.97
58.16
58.13
58.38
58.47
58.43
58.42
58.40
58.36
58.40
58.34
58.25
58.24
58.12
58.28
58.38
58.29
