0.50
0.50
0.50
0.50
0.50
0.50
0.50
0.50
0.60
0.77
0.90
0.85
1.07
1.23
1.42
1.48
1.63
1.81
1.91
2.11
2.24
2.44
2.58
2.86
3.23
3.50
3.94
4.42
4.57
4.81
5.07
5.31
5.65
5.64
5.80
5.93
6.12
6.31
6.40
6.46
6.46
6.28
6.54
6.77
6.84
6.94
7.09
7.21
7.18
7.17
7.19
7.28
7.35
7.48
7.75
7.89
8.20
8.32
8.45
8.58
8.71
8.78
8.79
8.87
9.00
9.24
9.37
9.36
9.35
9.36
9.36
9.46
9.55
9.58
9.53
9.60
9.93
9.95
10.06
10.26
10.47
10.58
10.69
10.70
10.78
10.87
10.74
10.86
10.68
10.67
10.58
10.60
10.48
10.47
10.48
10.54
10.49
10.56
10.61
10.61
10.58
10.66
10.75
10.77
10.96
10.93
11.03
10.99
10.81
10.85
10.83
10.98
11.04
11.06
11.14
11.36
11.30
11.40
11.52
11.77
11.72
11.79
11.80
11.81
11.93
12.12
12.39
12.60
12.70
12.86
12.88
12.84
12.85
13.05
12.96
13.22
13.11
12.93
12.75
12.77
12.58
12.66
12.84
12.85
12.88
12.97
12.85
12.92
13.25
13.50
13.63
13.58
13.74
14.02
14.37
14.86
15.02
15.05
14.98
14.72
14.96
14.78
14.77
14.82
14.97
15.08
15.11
15.08
14.94
14.85
14.95
15.10
15.32
15.38
15.23
15.38
15.27
15.18
15.08
15.15
15.07
15.12
15.19
15.17
15.31
15.24
15.26
15.32
15.37
15.50
15.48
15.64
15.65
15.79
15.82
15.90
16.08
16.17
16.27
16.30
16.16
16.26
16.05
15.99
16.05
16.15
15.99
15.88
16.13
16.46
16.61
16.73
16.89
17.02
16.98
16.99
16.89
17.09
17.12
17.04
17.15
17.31
17.22
16.97
17.21
17.29
17.02
16.64
16.66
16.64
16.58
16.91
17.19
17.27
17.33
17.70
17.80
17.80
17.90
18.02
18.32
18.65
18.81
18.83
18.93
19.07
19.11
18.98
18.84
18.53
18.50
18.85
18.92
18.70
18.52
18.77
18.92
19.02
19.20
19.19
19.20
19.24
19.30
19.25
19.18
19.54
19.77
19.53
19.59
19.63
19.66
20.04
20.20
20.32
20.53
20.46
20.31
19.85
19.89
19.89
19.68
19.99
20.04
20.08
20.28
20.20
20.40
20.44
20.60
20.69
20.62
20.68
20.60
20.81
20.77
20.93
21.04
21.23
21.43
21.34
21.24
21.15
21.11
21.16
21.37
21.45
21.72
21.30
21.39
21.23
21.17
21.24
21.48
21.21
21.11
21.12
21.24
21.19
21.29
21.47
21.71
21.68
21.64
21.73
21.60
21.98
22.29
22.39
22.04
22.12
21.88
21.65
21.18
21.21
21.46
21.48
21.42
21.37
21.39
21.58
21.72
21.73
21.96
22.23
22.42
22.66
22.41
22.77
22.85
22.94
22.93
23.04
22.81
22.98
23.29
23.46
23.43
23.52
23.37
23.38
23.21
23.16
23.06
22.96
22.97
22.88
22.82
22.89
23.05
23.21
23.42
23.68
23.65
23.59
23.79
24.01
23.96
23.59
23.23
23.40
23.17
23.17
23.42
23.25
23.49
23.56
23.41
23.66
23.66
23.88
24.08
24.30
24.38
24.44
24.44
24.13
24.06
23.87
23.81
23.85
23.62
23.21
23.20
23.35
23.32
23.53
23.73
23.82
23.76
23.84
24.26
24.38
24.52
24.54
24.50
24.60
24.64
24.71
24.70
24.70
25.09
25.05
24.92
24.73
24.89
25.03
25.00
25.09
25.03
24.90
24.92
24.58
24.82
25.33
25.24
25.49
25.57
25.34
24.91
24.73
24.48
24.65
24.71
24.81
25.26
25.62
25.67
25.40
25.16
25.76
26.41
26.13
25.94
25.77
25.87
26.28
26.28
26.48
26.18
25.95
25.63
25.79
25.87
25.50
25.37
25.32
25.27
25.28
26.03
25.96
25.77
25.60
25.20
25.20
24.83
24.97
24.86
24.68
24.42
24.72
24.94
25.15
25.03
25.01
24.69
24.84
24.88
25.04
25.17
25.34
25.86
26.28
26.30
26.38
26.12
26.07
25.79
25.72
25.69
25.65
25.93
26.09
26.56
26.65
26.70
26.87
26.97
26.79
27.05
26.85
26.87
26.72
27.00
27.18
27.22
27.04
26.91
26.54
25.91
25.86
26.19
26.19
26.39
26.72
27.00
27.24
27.14
26.78
26.69
26.42
26.45
26.72
27.03
26.95
26.84
27.11
27.28
27.41
27.57
27.60
27.54
27.58
28.10
27.97
28.11
28.23
28.20
28.10
27.96
27.76
27.77
27.53
27.13
27.31
27.63
27.79
27.62
27.56
27.51
27.78
28.00
28.09
28.19
28.57
28.60
28.78
28.93
28.83
28.98
28.76
28.46
28.16
28.25
28.11
28.20
28.17
27.60
26.96
26.68
26.84
26.92
27.31
27.76
28.13
28.41
28.74
28.80
29.00
28.88
28.67
28.48
28.47
28.91
29.16
29.03
28.71
28.63
28.72
28.50
27.92
27.81
27.99
28.62
29.03
29.20
29.36
29.42
29.21
29.27
28.90
28.61
28.49
28.49
28.56
28.95
29.30
29.11
28.84
28.65
28.69
28.82
28.82
28.39
28.45
28.60
28.74
29.02
29.12
29.30
29.28
29.33
29.54
29.67
29.75
29.91
29.67
29.56
28.97
28.87
29.08
29.27
29.02
28.79
28.84
28.94
29.01
29.21
29.38
29.41
29.43
29.60
29.70
29.60
29.79
29.83
29.80
29.43
29.20
29.32
29.38
29.54
29.91
29.64
29.95
30.37
30.30
30.21
30.43
30.39
29.84
29.44
29.36
30.04
30.58
30.56
30.95
30.86
30.53
30.39
30.47
30.58
30.75
31.21
31.05
31.12
30.85
30.61
30.50
30.35
30.44
30.53
30.61
30.36
30.23
30.41
30.61
30.74
30.81
30.51
30.16
30.24
30.07
30.20
29.92
29.78
29.97
30.03
30.01
29.98
29.80
29.96
30.38
30.27
30.49
30.30
30.59
30.97
30.81
30.98
31.06
31.07
31.00
30.85
31.02
30.90
30.79
30.76
30.37
30.36
30.40
30.47
30.42
30.69
30.79
30.58
30.71
31.29
31.54
31.82
31.39
31.15
31.27
31.09
30.69
30.73
30.99
31.12
31.54
31.58
31.75
31.50
31.03
30.85
31.02
31.35
31.89
31.82
31.54
31.79
31.95
31.81
31.91
31.71
31.80
31.78
31.88
31.94
32.03
32.18
32.18
31.93
31.13
30.43
30.77
30.97
31.34
31.91
31.96
31.85
31.91
32.00
31.96
32.06
31.92
31.79
31.67
31.74
32.08
32.04
32.76
32.79
32.49
32.42
32.53
32.84
32.82
32.87
32.68
32.64
32.94
32.60
32.60
32.58
32.70
32.41
32.69
32.40
31.77
31.93
32.86
32.83
32.78
32.63
32.16
32.10
32.15
32.07
32.24
32.05
31.63
31.76
31.95
32.31
32.51
32.47
32.78
32.95
32.99
32.75
32.64
32.41
32.73
33.09
33.21
33.14
33.04
33.07
33.50
33.41
33.59
33.79
34.02
34.22
34.23
33.79
33.70
33.66
33.63
33.18
33.04
32.72
32.61
32.48
32.85
32.83
32.91
33.02
32.90
32.80
32.75
32.83
33.14
33.21
33.46
33.63
33.43
33.34
33.50
33.08
32.86
32.81
32.74
32.71
32.79
32.75
32.74
32.93
32.97
33.05
33.13
33.29
33.21
33.04
32.85
32.56
32.60
32.92
33.05
33.16
33.12
33.33
33.45
33.49
33.38
33.35
33.49
33.45
33.38
33.42
33.50
33.32
33.41
33.42
33.46
33.67
33.82
33.64
33.34
32.96
33.00
33.16
33.37
33.45
33.75
33.63
33.37
33.29
33.18
32.59
32.11
31.96
31.80
32.02
32.41
32.90
32.72
32.57
32.51
32.86
32.61
32.55
32.67
32.60
32.70
32.78
32.74
32.38
32.43
32.62
33.02
33.51
33.48
33.23
33.34
33.54
33.70
34.07
34.42
34.00
33.99
34.31
34.45
34.67
34.42
34.54
34.17
34.17
33.98
34.31
33.93
33.84
33.67
33.90
34.35
34.21
34.20
34.44
34.46
34.07
34.09
34.67
34.85
34.81
34.43
34.16
34.24
34.34
34.32
34.28
34.48
34.53
34.10
33.93
33.99
33.78
33.75
33.97
34.41
34.54
34.48
34.34
34.35
34.49
34.02
33.84
33.84
33.56
33.76
34.01
33.85
33.94
33.64
33.60
33.44
33.09
33.39
33.50
33.47
33.51
32.88
32.81
33.12
33.37
33.25
33.12
33.11
32.91
33.08
33.23
33.34
33.47
33.54
33.17
32.81
32.41
32.19
32.09
32.43
32.72
33.01
33.37
33.98
34.18
34.07
33.69
33.27
33.07
33.21
33.40
33.51
33.48
33.98
34.11
33.93
34.23
33.89
33.62
33.67
33.59
33.46
33.54
33.39
33.06
32.86
33.05
33.56
33.80
34.06
33.70
33.31
32.93
33.13
33.21
33.34
33.25
33.74
33.97
33.97
33.68
33.66
34.01
34.41
34.58
34.38
34.37
34.16
34.30
34.15
34.13
33.80
33.79
33.74
33.56
33.31
33.63
33.60
33.58
33.68
33.60
33.98
34.05
34.29
34.44
34.29
34.28
33.89
33.73
33.78
34.07
34.34
34.15
34.13
34.18
34.27
34.51
34.50
34.45
34.44
34.28
34.49
34.35
34.22
34.17
34.34
34.08
34.27
34.21
34.23
33.82
33.84
33.63
33.63
33.56
33.57
33.81
33.73
33.41
33.47
33.88
34.37
34.53
34.76
34.97
34.76
34.76
34.68
34.81
35.00
34.93
34.37
33.98
33.87
33.80
34.35
34.64
34.66
34.74
34.47
34.44
34.54
35.02
35.17
35.23
35.61
35.58
35.43
34.81
34.48
34.50
34.47
34.47
34.47
34.45
34.15
34.10
34.31
34.59
34.44
34.40
34.66
34.77
34.97
34.68
34.60
34.36
33.85
33.93
33.93
34.26
34.53
34.73
34.51
34.24
34.27
34.60
34.49
34.64
34.57
34.55
34.23
34.25
34.00
34.07
34.20
34.38
34.66
34.81
34.71
34.61
34.89
34.81
35.03
35.07
34.99
35.13
35.64
35.90
36.03
36.23
35.85
35.87
35.97
36.13
36.57
36.48
36.38
36.37
36.65
36.17
35.93
36.21
36.17
36.37
35.93
35.77
35.11
35.09
35.29
35.48
35.71
35.70
35.85
36.27
36.42
36.49
36.41
36.49
36.68
36.91
36.64
36.46
36.44
36.37
36.09
35.89
35.83
36.02
36.24
36.06
35.99
35.89
35.77
36.14
36.27
36.29
36.30
36.18
35.78
35.82
35.93
35.98
36.15
36.18
36.23
36.21
36.15
36.42
36.29
35.85
35.54
35.36
35.34
35.63
35.60
36.10
36.41
36.50
36.72
36.39
36.57
36.89
37.02
36.89
36.68
36.63
36.73
36.99
37.39
37.31
37.20
36.88
37.06
36.82
36.24
36.28
36.96
37.34
37.37
37.46
37.18
37.32
37.40
37.60
37.68
38.07
38.24
38.23
38.58
38.60
38.71
38.65
38.46
38.63
38.30
38.38
38.26
38.28
38.19
38.00
37.70
37.76
37.47
36.44
36.09
36.45
36.98
36.99
37.08
36.93
36.63
36.49
36.50
36.54
36.29
36.38
36.30
36.11
36.22
36.29
36.83
36.97
36.59
36.60
36.51
36.49
36.77
37.32
37.61
37.72
37.75
37.62
37.47
37.63
37.97
37.54
37.21
37.23
36.80
36.59
36.43
36.96
37.19
36.44
36.65
36.83
37.08
37.09
36.99
36.99
37.12
37.34
37.24
37.01
37.04
36.72
36.40
36.76
36.95
37.65
37.56
37.32
37.26
36.99
36.89
36.51
36.52
36.60
36.42
36.62
36.29
35.49
35.54
35.37
35.44
36.08
36.41
36.25
36.22
36.59
36.65
36.48
36.26
35.81
35.74
35.98
36.16
36.12
35.87
35.71
35.82
35.19
35.54
35.41
35.69
35.96
35.86
35.86
36.44
36.62
36.88
37.22
36.98
36.89
37.01
36.98
37.02
37.34
37.37
36.96
37.28
37.39
37.46
37.64
37.43
37.48
37.64
37.53
37.30
37.43
37.08
37.12
37.10
37.45
37.26
37.07
37.59
37.98
38.20
38.39
38.40
38.29
38.08
38.00
37.72
37.63
37.58
37.58
37.79
37.65
37.45
37.47
37.48
37.81
37.64
37.28
37.44
37.51
37.24
37.30
37.25
36.98
36.58
36.81
37.06
37.00
37.48
37.58
37.31
37.24
37.39
37.68
38.05
38.28
38.41
38.38
38.38
38.08
37.74
37.70
37.48
37.18
37.24
37.33
37.32
37.58
37.66
37.74
37.98
38.48
38.73
38.64
38.64
38.52
38.11
37.86
37.57
37.45
37.76
38.16
38.20
37.79
38.40
38.58
38.46
38.59
38.73
38.89
38.82
38.70
38.89
39.05
39.16
39.55
39.27
39.31
39.41
39.45
39.09
38.93
39.29
39.28
39.19
39.45
39.25
39.01
39.27
39.48
39.45
39.73
39.74
39.95
39.85
39.90
39.88
39.87
39.68
39.34
39.43
39.43
39.29
39.16
39.39
39.47
39.55
39.47
39.44
39.68
39.98
40.61
40.64
40.74
40.91
40.83
41.03
40.66
40.44
40.17
40.22
40.20
39.99
40.41
40.49
40.36
39.99
39.76
39.36
39.71
39.74
39.70
39.87
39.89
39.88
40.00
40.10
40.10
40.34
40.54
40.62
40.67
40.72
40.71
40.76
40.79
40.57
40.65
40.16
39.59
39.37
39.50
39.60
39.41
39.51
39.44
39.90
40.31
40.48
40.39
40.14
40.29
40.11
40.25
40.42
40.34
40.09
39.78
40.10
40.49
40.38
39.93
39.70
39.46
39.27
39.49
39.65
39.79
40.13
39.79
39.78
39.58
39.81
40.73
41.05
41.08
40.98
40.81
40.31
40.31
40.39
40.46
40.40
40.37
40.52
40.57
40.67
40.77
40.79
40.90
40.66
40.51
40.21
39.84
39.98
39.92
39.78
39.87
40.00
40.04
40.04
39.99
39.96
39.74
39.80
39.40
39.47
39.83
40.15
40.34
40.56
40.46
40.62
40.72
41.03
41.03
40.81
40.85
40.77
41.01
41.08
40.97
40.92
40.80
40.91
40.95
41.06
41.39
41.53
41.24
41.01
40.37
40.02
39.71
39.87
40.17
40.51
40.91
41.05
40.86
40.79
40.88
41.10
41.04
41.27
41.29
40.87
41.01
40.95
40.95
41.01
40.65
40.46
40.76
40.74
40.73
40.47
40.47
40.63
40.57
40.78
40.98
41.24
41.36
41.31
41.42
41.47
41.42
41.49
41.21
41.25
40.68
40.49
40.49
40.87
41.09
41.07
41.08
41.14
41.23
40.81
40.44
40.20
40.15
40.26
40.31
40.12
40.09
40.43
40.64
40.72
40.98
41.51
41.41
41.71
41.50
41.82
42.29
42.20
42.28
42.29
42.42
42.43
42.24
41.92
41.51
41.35
41.01
41.30
41.47
41.47
41.34
41.30
41.36
41.02
40.77
41.02
40.88
41.12
41.03
41.07
41.37
41.82
41.97
41.79
41.73
41.78
41.91
42.01
42.13
42.20
42.14
41.91
41.37
41.40
41.12
40.95
41.03
41.01
41.15
41.42
41.48
40.91
40.69
40.72
41.14
41.46
41.48
41.48
41.37
41.30
41.93
41.81
41.86
42.07
42.25
41.90
41.95
41.62
41.36
40.89
41.12
41.75
41.97
41.96
41.61
41.49
41.77
42.02
42.21
42.27
42.19
42.32
42.15
42.21
42.37
42.36
42.30
42.52
42.62
42.62
42.47
42.17
42.11
41.73
41.93
42.23
42.76
42.87
42.63
42.79
42.33
41.86
42.14
42.48
42.12
41.96
41.93
41.89
42.28
42.00
41.82
42.05
41.99
41.83
42.06
41.81
41.74
41.71
41.70
41.54
41.79
42.12
41.77
42.30
42.34
42.05
42.42
42.41
42.75
42.55
42.53
42.55
42.41
42.28
42.13
42.43
42.53
42.52
42.62
42.48
42.17
42.01
41.73
41.92
42.21
42.64
43.03
43.06
43.14
43.09
43.32
43.02
42.93
42.91
42.54
42.82
43.13
43.68
43.20
43.06
42.95
43.08
43.10
43.43
43.29
43.33
43.51
43.44
43.07
42.79
42.52
42.66
42.57
42.49
42.28
42.19
42.32
42.62
42.88
42.92
43.14
42.93
42.96
42.87
42.96
43.35
43.38
43.25
43.01
43.18
43.17
43.19
43.49
43.76
43.96
43.62
43.51
43.44
42.92
42.66
42.59
42.55
43.16
43.19
42.83
43.03
43.02
43.22
43.01
43.00
43.30
43.69
43.66
43.79
43.64
43.81
43.67
43.18
43.22
43.33
43.27
43.22
43.41
43.36
43.33
43.13
42.76
42.74
42.68
42.77
43.01
43.41
43.45
43.29
43.28
43.12
43.19
43.14
42.90
42.75
43.02
42.91
42.91
42.96
42.95
42.89
42.66
42.69
42.86
42.90
43.03
43.10
42.97
43.05
43.03
43.09
43.26
43.05
42.81
42.93
43.14
43.20
43.22
43.35
43.36
43.35
43.26
43.26
43.46
43.24
42.93
42.88
42.97
43.03
43.32
43.37
42.99
42.96
42.77
42.75
42.80
42.81
42.62
42.90
42.90
43.30
43.08
42.95
43.08
43.06
42.72
42.66
42.57
42.72
42.85
42.82
43.06
43.14
43.58
43.65
43.28
42.93
42.98
42.76
42.76
43.33
43.50
43.67
44.04
44.09
44.28
44.36
44.18
44.35
44.12
44.04
44.04
43.96
44.00
44.04
43.97
43.65
43.58
44.57
44.77
44.74
44.79
44.77
44.72
44.56
44.18
44.09
44.46
44.69
44.83
45.17
45.39
45.21
45.18
45.50
45.66
45.50
45.10
44.95
44.83
44.89
45.25
45.46
45.16
44.86
45.38
45.43
45.28
45.20
45.02
45.10
45.16
44.69
44.89
44.91
44.97
44.98
44.83
44.64
44.84
44.99
44.96
44.78
44.70
44.77
44.65
45.06
45.15
45.03
45.07
45.22
45.32
45.35
45.36
45.53
45.43
45.42
45.25
45.39
45.37
45.30
45.11
45.42
45.59
45.53
45.51
45.43
45.52
45.66
45.56
45.77
45.90
46.00
46.08
46.17
46.03
46.09
46.02
46.17
46.31
46.36
46.31
46.25
46.20
46.16
45.92
45.38
45.42
45.46
45.44
45.60
45.81
45.78
46.07
45.68
45.15
44.85
45.32
45.47
45.42
45.50
45.57
45.71
45.68
45.41
45.33
45.41
45.49
44.98
45.19
45.10
45.61
45.92
45.84
45.98
46.01
46.18
46.11
46.28
45.97
45.90
45.73
45.39
45.32
45.45
45.45
45.43
45.13
46.00
45.63
45.36
45.40
45.23
45.36
45.40
45.70
45.50
45.46
45.07
44.81
44.92
44.71
44.38
44.49
44.62
44.56
44.47
44.55
44.41
44.60
44.63
44.63
44.61
44.56
44.68
44.87
44.89
44.87
45.01
44.94
44.79
44.75
44.91
44.92
45.31
45.64
45.84
46.08
46.09
46.07
45.81
45.47
45.37
45.50
45.25
45.18
45.02
45.08
45.13
45.34
45.52
45.42
45.67
45.27
45.65
46.04
46.36
46.42
46.12
46.07
46.15
46.16
45.97
45.96
45.99
46.26
46.15
46.11
45.96
45.82
45.96
45.98
45.94
45.70
46.00
45.86
46.04
46.37
46.40
46.54
46.66
46.45
46.33
46.16
46.19
46.61
46.54
46.45
46.61
46.56
46.40
46.35
46.55
46.50
46.70
46.82
46.98
47.13
46.76
45.99
45.96
46.35
46.60
46.75
46.54
46.64
46.65
46.50
46.72
46.56
46.87
46.49
46.40
46.82
46.75
46.56
46.54
46.92
47.21
47.31
47.31
47.06
46.80
46.88
46.92
46.89
47.31
47.20
47.24
47.17
46.90
46.71
46.63
46.76
46.77
46.96
46.81
46.89
46.98
47.16
47.17
46.89
46.90
46.92
47.08
47.09
47.30
47.24
47.49
47.48
47.45
47.49
47.50
47.57
47.51
47.58
47.37
46.96
46.99
47.20
47.52
47.96
48.01
47.83
47.71
46.99
46.65
47.19
47.67
47.92
47.91
47.68
47.63
47.73
47.41
47.51
47.40
47.40
47.58
47.80
47.76
47.77
47.93
47.89
47.85
47.82
47.63
47.55
47.75
47.48
46.97
46.92
47.18
47.11
46.89
46.93
47.01
46.88
46.82
46.98
46.85
46.90
47.16
46.96
46.60
46.35
46.25
46.31
46.44
46.82
46.75
46.91
46.89
46.78
46.23
46.20
45.80
45.80
45.97
45.89
45.99
46.27
46.47
46.52
46.58
47.03
47.08
47.15
47.18
47.06
47.06
47.09
47.32
47.77
47.66
47.28
47.32
47.35
47.32
47.22
47.06
47.17
47.34
47.25
47.33
47.29
47.66
47.72
47.72
47.77
47.74
47.72
47.68
47.84
48.07
47.88
47.78
47.46
47.27
47.42
47.65
47.75
48.01
47.59
47.46
47.60
47.59
47.62
47.59
47.42
47.26
46.97
46.92
46.90
47.04
46.88
46.79
46.44
46.41
46.66
46.75
46.71
46.65
46.89
47.13
47.19
47.37
47.56
47.31
47.57
47.72
47.90
48.16
48.38
48.38
47.82
47.23
46.86
46.73
46.52
46.48
46.54
46.80
46.70
46.89
46.98
46.87
46.98
47.05
47.16
47.38
47.49
47.71
48.05
48.48
48.23
48.01
47.75
47.79
47.75
48.02
47.80
48.11
48.04
48.13
48.24
48.30
48.22
48.30
48.07
47.70
47.62
47.73
47.95
48.20
48.49
48.40
48.35
48.40
48.57
48.58
48.60
48.63
48.37
48.19
48.09
47.72
47.84
47.71
47.56
47.57
47.73
47.58
47.65
48.07
48.03
48.16
48.03
47.67
47.80
47.73
47.90
48.25
48.13
47.95
47.61
47.74
47.94
47.63
47.66
47.34
47.62
47.46
47.32
47.40
47.39
47.05
46.89
47.12
47.54
47.92
47.83
47.75
48.00
47.61
47.49
47.07
46.88
47.20
47.39
47.71
47.58
47.31
47.31
47.60
47.86
47.68
47.76
47.68
47.78
47.70
47.86
48.05
48.06
48.11
48.29
48.37
48.08
47.83
47.75
47.44
47.28
47.09
47.08
47.09
47.16
47.14
47.29
47.28
47.32
47.40
47.34
47.32
47.45
47.50
47.32
47.17
47.16
47.16
47.12
47.08
47.26
47.42
47.65
47.57
47.68
47.48
47.30
47.15
47.08
46.60
46.10
45.94
45.90
46.09
46.30
46.62
46.74
46.79
47.01
47.05
46.82
46.94
46.92
47.02
47.04
46.56
46.36
45.99
46.26
46.16
46.23
46.32
46.70
46.75
46.82
46.76
46.59
46.38
46.42
46.48
46.29
46.38
46.45
47.27
47.36
47.72
47.82
47.89
47.78
47.67
47.08
47.19
47.70
48.09
48.30
48.36
48.20
48.40
48.32
48.34
48.29
48.34
48.52
48.48
48.50
48.34
48.71
48.41
48.69
48.67
48.65
48.73
49.02
48.81
48.64
48.64
48.47
48.40
48.04
48.06
47.87
48.20
47.87
47.88
47.86
47.77
47.75
47.68
47.86
48.21
48.14
48.02
47.84
47.80
47.72
47.69
47.62
47.46
47.24
47.19
47.10
46.92
46.82
46.66
46.41
46.14
46.26
46.44
46.43
46.69
46.85
46.82
46.94
47.02
47.02
47.54
47.65
47.52
47.47
47.62
47.76
47.87
47.77
47.68
47.41
47.14
46.97
47.30
47.52
47.59
47.65
47.51
47.46
47.80
47.66
47.54
47.91
47.94
47.90
48.15
48.37
48.09
48.04
47.74
47.58
47.71
47.65
47.85
47.90
47.66
47.87
48.06
48.11
47.77
47.55
47.22
47.39
47.51
47.50
47.32
47.40
47.26
47.25
47.33
47.61
47.72
47.65
47.79
47.92
47.90
47.87
47.77
47.75
47.84
47.90
48.04
48.18
48.28
48.20
48.03
48.05
48.01
48.37
48.56
48.50
48.47
48.66
48.72
48.77
48.80
48.69
48.23
47.91
47.97
48.31
48.41
48.51
48.34
47.95
48.05
47.80
47.94
48.05
48.15
47.96
48.25
47.72
47.46
47.64
47.57
47.86
47.90
47.96
47.89
48.17
48.30
48.22
48.30
48.12
48.01
48.01
48.34
48.24
48.51
48.28
48.47
48.46
48.76
48.71
48.88
48.82
48.69
48.73
48.90
49.21
49.01
49.25
49.42
49.39
49.54
49.31
49.30
49.19
49.31
49.17
49.03
48.71
48.81
48.87
48.85
48.91
49.09
49.38
49.39
49.26
49.00
48.67
48.38
48.15
47.65
47.40
47.58
47.86
47.96
48.08
47.98
48.05
48.00
48.17
48.07
47.80
48.05
48.02
48.32
48.67
48.88
48.86
48.93
48.94
48.95
48.86
48.62
48.73
48.61
48.46
48.66
48.95
49.07
49.33
49.22
49.13
49.10
49.22
49.32
49.25
49.25
49.28
49.18
48.89
49.16
49.18
49.18
49.35
49.42
49.39
49.46
49.10
48.54
48.33
48.04
48.07
48.19
48.23
48.25
48.37
48.87
48.90
48.93
48.89
48.90
48.70
48.70
48.81
48.50
48.41
48.53
48.62
48.57
48.68
48.58
48.69
48.71
48.67
48.69
48.55
48.35
48.57
48.80
49.01
49.34
49.29
49.45
49.63
49.95
49.67
49.44
49.38
49.52
49.39
49.31
49.23
48.78
48.65
48.92
49.02
49.31
49.06
49.32
49.34
49.34
49.24
49.72
49.78
49.79
49.82
49.90
49.74
49.81
49.84
50.00
49.81
50.07
49.98
49.88
50.02
50.04
50.00
50.17
50.10
50.14
50.16
50.29
50.30
50.24
50.15
49.76
49.35
48.94
48.97
48.90
49.20
49.04
49.25
49.53
49.61
49.41
49.22
49.15
48.94
48.85
48.93
49.19
49.31
49.14
49.11
48.95
48.93
48.89
49.29
49.25
49.02
48.67
49.15
49.58
49.24
49.13
49.13
49.12
49.21
49.25
48.86
48.74
48.82
49.04
49.04
48.68
48.81
48.90
49.08
49.14
48.88
49.12
49.18
49.18
49.36
49.80
49.82
49.56
49.35
49.55
49.93
50.13
50.12
49.90
50.02
50.13
50.19
50.31
50.29
50.34
50.26
50.33
50.01
49.83
49.76
49.36
49.24
49.46
49.44
49.57
49.60
49.46
49.64
49.90
49.83
49.66
49.25
48.96
48.86
49.06
49.08
49.37
49.21
49.23
49.06
48.90
49.11
49.18
49.00
48.90
48.72
48.91
49.01
49.05
48.69
48.84
48.96
49.00
48.89
49.05
49.09
49.31
49.16
49.03
48.63
48.61
48.92
49.16
49.18
49.35
49.22
49.25
49.41
49.31
49.01
48.51
48.49
48.78
49.31
49.52
49.73
49.80
49.94
50.12
49.98
49.88
49.77
49.54
49.27
49.03
49.07
49.23
49.24
49.25
49.09
49.20
48.98
49.05
48.88
49.02
48.87
48.91
48.74
48.55
48.44
48.55
48.61
48.68
48.50
48.64
48.88
49.09
49.22
49.45
49.45
49.48
49.14
49.10
49.03
48.72
48.56
48.79
49.20
49.10
48.92
48.95
49.09
48.95
49.16
49.14
49.35
49.09
49.09
49.01
49.03
49.23
49.06
49.12
49.02
48.84
48.80
48.99
49.40
49.67
49.62
49.63
49.43
49.56
49.39
49.44
49.67
49.61
49.59
49.61
49.57
49.76
50.02
50.09
50.07
50.09
50.24
50.03
49.81
49.85
49.69
49.27
49.07
49.06
49.37
49.46
49.54
49.45
49.30
49.51
49.28
48.98
48.76
48.70
48.92
48.86
48.93
48.98
49.45
49.63
49.55
49.74
49.84
50.12
50.20
50.44
50.26
50.38
50.47
50.58
50.34
50.09
50.04
49.78
49.65
49.62
49.51
49.44
49.69
49.51
49.59
49.52
49.51
49.53
49.34
49.46
49.60
49.78
50.14
49.94
49.70
49.38
49.04
49.01
49.03
49.28
49.18
49.33
49.39
49.62
49.69
49.69
49.54
49.54
49.42
49.30
49.20
49.21
49.21
49.63
49.83
49.75
49.46
49.34
49.42
49.28
49.09
49.23
49.23
49.08
49.19
49.43
49.25
49.15
48.99
49.18
49.49
49.73
49.48
49.53
49.38
49.43
49.10
49.00
49.51
49.61
49.41
49.33
49.05
48.93
49.06
49.02
49.15
48.92
48.99
48.83
49.19
49.01
49.04
49.15
49.05
49.26
49.19
49.07
48.97
49.01
49.01
49.28
49.34
49.51
49.54
49.86
49.93
49.71
49.38
49.14
48.94
48.88
48.78
49.06
48.95
48.91
48.87
48.63
48.60
48.33
48.53
48.86
48.86
48.94
48.87
48.87
48.62
48.60
48.48
48.32
48.49
48.51
48.68
49.00
49.31
49.41
49.30
49.16
49.09
49.01
49.39
49.46
49.55
49.45
49.47
49.36
49.73
49.88
49.71
49.78
49.86
49.89
49.86
49.71
49.51
49.07
49.16
49.73
49.84
49.86
49.88
50.05
50.31
50.41
50.22
49.83
49.41
49.56
49.79
49.91
50.03
49.87
49.52
49.00
49.07
49.24
49.17
49.12
48.91
48.78
48.68
48.56
48.70
49.01
49.13
49.10
49.04
49.02
49.07
49.22
49.66
49.61
49.58
49.96
49.84
49.89
49.91
49.86
49.75
49.53
49.60
49.62
49.59
49.64
49.58
49.91
49.98
49.84
49.94
50.15
49.79
49.47
49.47
49.60
49.70
49.65
49.72
49.59
49.67
49.46
49.63
49.63
49.61
49.56
49.12
49.19
49.05
48.85
48.71
48.97
48.99
49.23
49.27
49.23
48.97
49.19
49.32
49.12
48.92
49.12
49.05
49.23
49.36
49.13
49.09
49.27
48.94
48.95
48.64
48.52
48.80
48.93
48.81
48.87
48.87
48.81
48.66
48.62
48.79
48.96
49.00
49.16
49.36
49.43
49.41
49.37
49.36
49.26
49.14
48.72
48.55
48.40
48.41
48.65
48.62
48.84
49.02
49.33
49.59
49.63
49.46
49.30
49.16
49.24
49.03
49.27
49.23
49.14
48.65
48.71
48.73
48.85
48.80
48.86
48.71
48.82
48.96
49.18
49.52
49.42
49.64
49.85
49.90
49.71
49.65
49.55
49.66
49.70
49.70
49.82
49.62
49.51
49.23
49.61
49.28
49.09
49.24
49.20
49.16
49.35
49.12
49.05
49.01
49.14
49.24
49.32
49.71
49.80
49.82
49.98
50.19
50.16
50.07
50.04
49.99
49.81
49.76
49.75
49.49
49.48
49.41
49.44
49.52
50.05
50.33
50.38
50.32
49.86
49.57
49.64
49.88
50.05
50.03
50.06
50.20
50.31
50.36
50.22
50.35
50.40
50.24
50.43
50.56
50.50
50.28
50.51
50.90
50.83
51.02
51.18
51.08
51.07
51.02
51.16
51.34
51.38
51.52
51.48
51.40
50.79
50.39
50.65
50.63
50.76
50.76
50.85
50.86
51.23
51.44
51.47
51.34
51.71
51.59
51.64
51.56
51.41
51.20
51.13
51.07
50.94
50.72
50.36
50.24
50.08
49.90
50.05
50.24
50.39
50.45
50.41
50.23
50.21
50.23
50.81
50.93
50.98
50.95
51.02
51.13
51.15
50.99
50.74
50.59
50.49
50.55
50.49
50.65
50.64
50.66
50.52
50.68
50.75
51.00
51.15
51.08
51.02
51.13
51.37
51.59
51.57
51.67
51.36
51.20
50.80
50.33
50.29
50.11
50.17
50.46
50.51
50.63
50.45
50.47
50.47
50.50
50.15
49.91
49.87
50.00
49.96
50.18
50.27
50.40
50.35
50.45
50.41
50.58
50.38
50.36
50.45
50.53
50.54
50.52
50.88
51.03
51.15
51.06
51.05
51.07
50.75
50.61
50.43
50.37
50.50
50.15
50.12
50.00
50.46
50.34
50.21
50.24
50.33
50.47
50.51
50.51
50.30
50.09
50.16
50.20
50.57
50.59
50.71
50.65
50.75
50.77
50.91
50.99
51.06
51.19
51.08
50.81
50.55
50.40
50.42
50.34
50.12
50.04
50.10
49.96
49.88
49.79
49.82
49.83
49.77
49.78
49.82
49.94
49.83
49.66
49.85
49.63
49.34
49.60
49.68
49.16
49.31
49.11
49.33
49.48
49.43
49.28
49.20
49.25
49.24
49.17
49.28
49.26
49.49
49.50
49.50
49.73
50.02
49.98
49.55
49.75
49.89
49.47
49.63
49.57
49.60
49.59
49.78
49.56
49.48
49.15
49.48
49.68
50.09
50.04
49.74
49.85
49.74
50.14
50.24
50.37
50.51
50.69
50.90
50.80
50.92
51.34
51.47
51.36
51.26
51.13
51.17
51.46
51.44
51.86
51.84
51.97
51.93
51.91
52.07
52.15
51.95
51.52
51.11
50.89
50.77
50.65
50.62
50.58
50.65
50.50
50.72
50.76
50.92
51.24
51.48
51.46
51.35
51.17
51.08
51.15
51.32
51.38
51.43
51.41
51.73
51.77
51.79
51.38
51.24
51.43
51.27
51.09
51.07
51.27
51.73
51.82
51.89
51.96
51.95
51.78
51.67
51.60
51.61
51.57
51.40
51.36
51.57
51.46
51.25
51.41
51.31
51.08
51.15
51.30
51.26
51.29
51.45
51.54
51.36
51.33
51.26
51.11
50.91
50.80
50.81
50.64
50.79
50.88
50.85
50.81
50.92
50.92
51.08
51.17
51.28
51.09
50.83
51.16
51.22
51.01
50.94
50.74
50.83
50.90
51.05
50.90
50.92
51.16
51.07
51.01
51.07
50.86
50.91
51.05
51.07
51.23
51.26
51.43
51.35
51.35
51.67
51.29
51.40
51.31
51.39
51.53
51.45
51.09
50.91
50.88
50.74
50.77
51.02
50.92
51.04
51.05
51.02
51.11
50.93
51.03
51.14
51.11
51.20
51.24
51.24
51.09
51.10
51.11
51.23
51.22
51.20
50.92
51.10
51.39
51.31
51.22
51.71
51.82
51.96
51.56
51.60
51.86
51.43
51.43
51.29
50.87
50.69
50.53
50.43
50.47
50.65
50.84
50.96
50.91
50.91
50.80
50.89
50.86
51.03
51.19
50.93
50.81
51.00
50.81
50.46
50.28
50.11
50.03
49.88
49.88
50.19
50.55
50.48
50.54
50.70
51.12
51.28
51.45
51.53
51.97
52.26
52.43
52.37
52.27
52.19
52.12
51.86
51.78
51.66
51.94
52.03
51.96
52.00
51.88
51.81
51.93
51.96
51.80
51.73
51.74
51.80
51.55
51.59
51.64
51.55
51.44
51.61
51.77
51.95
52.08
52.01
51.61
51.68
51.55
51.39
51.21
51.34
51.35
51.41
51.43
51.75
51.83
52.18
52.21
52.39
52.45
52.32
52.58
52.45
52.47
52.22
52.30
52.65
52.83
52.94
52.90
53.03
53.00
53.11
53.08
53.05
52.94
53.03
52.97
53.06
53.03
53.00
53.13
53.37
53.39
53.26
53.35
53.33
53.20
53.08
53.13
53.13
53.40
53.40
53.30
53.12
52.95
52.74
52.75
52.93
53.09
52.94
52.76
52.46
52.33
52.42
52.17
52.25
52.39
52.42
52.34
52.43
52.70
52.70
52.61
52.79
52.91
52.79
52.61
52.45
52.43
52.41
52.62
52.81
53.03
52.95
52.94
53.01
53.08
53.03
52.62
52.60
52.58
52.79
52.87
53.07
53.12
52.70
52.75
52.63
52.69
52.58
52.52
52.82
52.84
52.96
52.80
52.92
52.71
52.58
52.47
52.70
52.81
52.91
53.10
52.81
52.99
52.79
52.74
52.87
52.90
52.81
52.91
52.87
52.85
52.98
52.78
52.88
52.86
52.94
52.99
52.83
52.96
52.76
52.84
52.55
52.42
52.27
52.36
52.18
52.09
51.97
52.20
52.18
52.19
52.03
51.99
52.18
51.99
52.11
52.00
52.26
52.09
51.89
51.95
51.56
51.59
51.51
51.74
51.85
51.98
52.16
52.35
52.49
52.25
52.24
52.11
52.06
52.27
52.17
52.13
52.20
52.22
52.12
52.22
52.15
52.24
52.14
52.16
52.16
52.28
52.21
52.36
52.28
52.20
52.12
52.26
52.14
52.30
52.27
52.01
52.05
52.04
52.09
52.10
51.80
51.41
51.39
51.47
51.41
51.43
51.20
51.21
51.49
51.64
51.83
52.17
52.18
52.16
52.59
52.58
52.65
52.40
52.18
52.42
52.47
52.23
51.95
51.80
51.93
51.98
51.92
51.77
51.81
51.89
52.01
52.12
51.95
52.04
51.78
51.52
51.60
51.56
51.45
51.35
51.51
51.08
51.55
51.71
52.07
52.09
52.05
51.67
51.49
51.37
51.10
51.05
51.14
51.53
51.82
51.83
51.84
51.80
51.98
52.09
52.28
52.35
52.36
52.53
52.88
52.98
53.05
53.15
53.10
52.97
52.84
52.79
52.98
53.14
53.12
53.00
53.14
53.07
53.00
52.97
52.78
52.50
52.61
52.63
52.57
52.71
52.89
52.69
52.79
52.78
52.91
53.23
53.35
53.38
53.53
53.63
53.68
53.63
53.39
53.21
53.26
53.39
53.47
53.27
53.24
53.20
53.09
53.18
53.24
53.27
53.15
52.82
52.73
52.63
52.50
52.15
52.04
52.32
52.81
53.17
53.31
53.35
53.21
53.09
53.49
53.73
53.76
53.71
53.64
53.62
53.76
53.65
53.59
53.34
53.06
53.25
53.54
53.49
53.50
53.59
53.54
53.55
53.75
53.76
53.77
53.97
54.02
54.05
54.07
53.98
53.78
53.72
53.47
53.41
53.56
53.74
54.00
53.82
53.90
54.06
54.05
53.98
53.95
53.82
53.44
53.07
52.74
52.71
53.16
53.53
53.98
54.15
53.95
53.94
53.92
54.02
53.93
53.84
53.88
53.81
53.80
53.85
53.74
53.56
53.67
53.79
53.73
53.79
53.98
53.92
53.82
53.77
53.92
54.21
54.38
54.41
54.30
54.29
54.40
54.21
54.22
54.08
53.98
54.00
53.51
53.44
53.18
53.28
53.30
53.29
53.61
53.62
53.54
53.38
53.02
53.00
53.11
53.06
53.10
53.30
53.48
53.55
53.71
54.07
53.98
54.05
54.13
53.95
53.94
53.89
53.68
53.62
53.60
53.52
53.43
53.41
53.49
53.44
53.47
53.24
53.18
53.15
53.16
52.91
52.94
52.91
52.90
53.00
52.91
52.92
53.15
53.01
52.98
52.87
52.84
52.85
52.81
52.88
52.71
52.78
52.85
52.87
52.83
52.67
52.62
52.93
53.03
53.14
53.21
53.46
53.14
53.17
53.23
53.46
53.57
53.44
53.57
53.60
53.71
54.02
54.38
54.45
54.62
54.53
54.51
54.60
54.38
54.39
54.22
53.96
54.00
54.06
53.93
53.77
53.45
53.31
53.33
53.39
53.64
53.80
54.03
53.75
53.64
53.51
53.28
53.47
53.37
53.21
53.42
53.45
53.81
54.06
54.38
54.54
54.59
54.45
54.32
54.19
54.18
54.00
54.02
54.03
54.15
54.10
54.15
54.26
54.26
54.08
54.06
54.07
54.23
54.35
54.34
54.19
54.27
54.07
54.18
54.08
54.24
54.41
54.33
54.47
53.98
53.75
53.97
53.85
53.82
53.87
54.05
54.35
54.37
54.35
54.50
54.67
54.91
54.92
54.59
54.65
54.59
54.45
54.69
54.91
55.13
55.23
55.09
54.90
54.62
54.71
54.82
54.59
54.54
54.61
54.52
54.57
54.53
54.30
54.16
54.15
54.02
53.97
54.05
54.05
54.13
54.38
54.44
54.21
54.03
53.90
53.92
53.92
54.25
54.34
54.28
54.36
54.26
54.23
54.06
54.02
53.91
54.01
54.02
53.84
54.05
54.18
53.88
53.52
53.51
53.71
53.67
53.92
53.97
54.09
54.18
54.13
54.06
53.99
54.02
53.88
53.77
53.88
53.92
53.76
53.92
53.80
53.72
53.42
53.62
53.41
53.48
53.53
53.49
53.56
53.71
53.44
53.39
53.55
53.82
53.86
54.02
54.13
54.07
54.19
54.29
54.30
54.39
54.12
53.79
53.72
53.34
53.17
53.02
53.18
53.51
53.47
53.55
53.79
53.98
54.09
54.37
54.19
54.11
53.89
54.22
54.28
54.11
54.14
53.92
54.03
53.92
53.68
53.67
53.69
53.81
53.88
53.80
53.62
53.64
53.83
53.97
54.04
54.24
54.21
54.13
54.04
54.05
54.00
54.07
54.19
54.24
53.81
53.49
53.41
53.43
53.33
53.80
54.35
53.88
53.86
53.90
53.79
53.86
53.96
54.23
54.06
54.18
53.90
53.90
54.02
53.83
54.11
54.23
54.24
54.57
54.62
54.51
54.51
54.61
54.71
54.68
54.61
54.44
54.48
54.36
54.27
54.22
54.39
54.39
54.71
54.51
54.64
54.49
54.42
54.48
54.54
54.62
54.64
54.51
54.58
54.60
54.54
54.43
54.22
54.20
54.13
54.20
54.05
54.11
54.15
54.25
54.56
54.81
54.71
54.69
54.63
54.97
55.10
55.03
54.82
54.90
54.88
54.94
54.87
54.80
54.68
54.53
54.52
54.91
54.85
54.96
54.81
54.80
54.90
54.87
54.77
54.86
54.88
54.84
54.82
54.72
54.80
54.96
54.89
55.18
55.37
55.48
55.26
54.98
54.91
54.85
54.75
55.06
55.21
55.16
55.22
55.29
55.30
55.36
55.36
55.48
55.39
55.51
55.50
55.59
55.56
55.38
55.04
54.63
54.76
54.90
55.05
54.63
54.62
54.41
54.23
54.26
54.30
54.31
54.42
54.68
54.72
54.78
54.79
54.67
54.82
54.99
55.08
55.10
54.89
54.71
54.58
54.57
54.69
54.71
55.03
55.17
55.16
55.02
55.01
54.84
54.87
54.96
54.73
54.57
54.49
54.54
54.59
54.59
54.68
54.52
54.42
54.53
54.59
54.57
54.65
54.75
54.45
54.49
54.65
54.81
54.78
54.67
54.36
54.31
54.18
54.24
54.45
54.46
54.46
54.51
54.56
54.48
54.36
54.24
54.18
54.40
54.49
54.76
55.05
54.88
54.83
54.71
54.40
54.13
54.11
54.05
54.30
54.51
54.64
54.93
54.95
54.96
54.83
54.78
54.66
54.64
54.64
54.55
54.42
54.39
54.55
54.40
54.40
54.35
54.58
54.65
54.56
54.33
54.05
54.20
54.40
54.59
54.82
54.70
54.57
54.45
54.46
54.47
54.44
54.26
54.38
54.33
54.14
54.26
54.53
54.60
54.98
55.33
55.27
55.03
55.37
55.32
55.34
55.28
55.59
55.34
55.30
55.20
55.16
55.25
55.30
55.36
55.21
55.30
55.09
55.06
54.99
54.93
54.78
55.02
55.01
55.01
55.04
55.23
55.24
55.22
55.11
55.17
55.04
55.00
55.03
54.90
54.63
54.60
54.50
54.71
54.80
54.70
54.26
54.27
54.56
54.67
54.82
54.93
55.04
55.35
55.15
55.08
55.14
55.30
55.47
55.55
55.60
55.70
55.81
55.92
55.86
55.82
55.72
55.76
55.82
55.85
56.08
55.99
56.04
56.19
56.22
56.12
56.17
56.03
55.84
55.88
56.04
56.27
56.61
56.49
56.36
56.03
56.10
56.16
56.12
56.10
56.22
56.16
56.15
56.24
56.19
56.11
56.05
55.90
55.92
56.11
56.19
56.15
56.18
56.18
56.11
56.19
55.85
55.93
55.77
55.52
55.57
55.36
55.45
55.64
55.85
56.13
56.15
55.93
55.84
55.77
56.09
56.10
56.28
56.30
55.83
55.71
55.48
55.29
55.20
55.28
55.07
55.16
55.09
54.96
55.09
55.27
55.40
55.32
55.53
55.62
55.70
55.77
55.90
56.17
56.18
56.16
56.23
55.99
56.07
56.13
56.03
55.84
56.01
55.88
55.99
55.83
55.94
56.00
55.99
56.19
56.32
56.47
56.72
56.83
56.62
56.57
56.40
56.51
56.54
56.68
56.78
56.76
56.91
57.06
56.88
56.83
56.71
56.70
56.41
56.28
56.37
56.45
56.48
56.73
56.82
56.79
56.77
56.48
56.21
56.07
56.19
55.92
55.73
55.70
55.52
55.60
55.84
55.90
55.95
56.00
56.20
55.94
55.92
55.99
56.02
56.10
56.15
56.15
55.89
55.73
55.59
55.56
55.65
55.76
55.88
55.80
55.75
55.63
55.72
55.52
55.46
55.32
55.37
55.33
55.39
55.40
55.62
55.81
56.16
56.05
55.67
55.60
55.56
55.31
55.51
55.58
55.66
55.98
55.91
55.96
56.04
55.97
55.70
55.67
55.93
56.08
56.16
55.90
55.93
56.12
55.88
55.93
55.89
55.73
55.92
55.84
55.77
55.79
56.04
56.02
55.97
55.76
55.84
55.65
55.42
55.24
55.56
55.66
55.62
55.69
55.78
55.78
55.69
55.73
55.64
55.70
55.73
55.82
55.84
55.61
55.74
55.67
55.58
55.58
55.45
55.46
55.55
55.64
55.56
55.61
55.57
55.69
55.81
56.03
55.95
55.99
56.11
56.07
56.06
56.22
56.25
55.71
55.58
55.57
55.43
55.37
55.21
55.34
55.36
55.55
55.53
55.69
55.71
55.42
55.30
55.01
55.06
54.84
54.94
55.11
55.19
55.09
55.13
55.14
55.53
55.56
55.74
55.97
56.05
56.20
56.12
55.97
56.03
55.85
55.93
55.81
55.88
56.05
55.77
55.67
55.60
55.50
55.43
55.62
55.73
55.65
55.73
55.56
55.59
55.55
55.64
55.58
55.38
55.42
55.50
55.46
55.68
55.60
55.62
55.47
55.71
55.67
55.71
55.70
55.75
55.73
55.71
55.91
55.93
55.99
55.98
55.85
55.79
55.52
55.51
55.44
55.44
55.60
55.73
55.74
55.77
55.71
55.57
55.65
55.78
55.94
55.89
56.02
56.14
56.42
56.23
56.01
56.34
56.24
56.40
56.22
56.23
56.20
56.14
55.95
55.32
54.95
54.94
54.60
54.63
54.62
55.24
55.37
55.20
55.05
55.03
54.81
54.47
54.60
54.58
54.76
55.09
55.35
55.49
55.60
55.37
55.35
55.37
55.31
55.50
55.66
55.69
55.91
56.10
56.16
55.98
55.90
56.05
55.91
55.82
55.74
55.93
56.26
56.05
55.90
55.92
55.92
55.90
56.00
55.93
55.84
55.84
55.83
55.77
55.76
55.70
55.82
55.89
56.02
55.81
55.78
55.72
55.81
55.82
55.87
55.85
55.69
55.73
55.80
55.87
56.05
55.86
55.95
55.91
55.87
55.83
56.04
56.07
56.12
56.03
55.95
55.83
55.93
56.02
56.02
56.01
56.10
56.07
56.21
56.29
56.30
56.01
56.03
56.18
56.06
55.87
55.78
55.76
55.62
55.66
55.50
55.49
55.54
55.59
55.68
55.76
55.81
55.93
56.13
56.14
56.23
56.14
55.77
56.04
55.96
55.96
55.84
55.91
56.02
56.02
56.05
55.97
55.89
55.75
55.79
55.93
55.75
55.78
55.72
55.73
55.53
55.49
55.65
55.80
55.80
55.99
55.90
55.84
55.95
55.94
56.13
56.19
56.36
56.32
56.30
56.34
56.40
56.38
56.29
56.17
56.18
56.32
56.57
56.47
56.41
56.46
56.31
56.27
56.33
56.20
56.23
56.26
56.09
56.16
56.31
56.32
56.26
55.98
55.99
56.06
56.01
55.89
55.68
55.81
56.17
56.24
56.03
55.82
55.59
55.44
55.35
55.28
55.28
55.32
55.49
55.55
55.72
55.79
55.82
55.57
56.10
56.08
56.04
55.90
56.03
56.06
56.01
56.08
55.79
55.65
55.49
55.71
55.76
55.69
55.69
55.82
55.67
55.47
55.23
55.42
55.43
55.57
55.77
55.85
56.11
56.04
56.08
55.98
55.95
55.93
56.07
56.01
55.84
55.68
55.54
55.64
55.79
55.80
55.59
55.83
55.74
55.78
55.93
55.98
55.94
56.05
55.96
55.98
55.84
55.73
55.72
55.67
55.76
55.89
55.94
55.93
55.88
55.81
55.95
55.84
55.67
55.72
55.76
56.01
55.94
55.61
55.53
55.55
55.59
55.44
55.37
55.32
55.30
55.42
55.77
55.66
55.60
55.64
55.71
55.77
55.90
56.02
55.96
56.07
56.14
56.30
56.20
56.13
56.16
56.32
56.41
56.49
56.26
56.35
56.31
56.34
56.05
55.87
55.86
56.09
56.02
56.27
56.26
55.88
56.05
56.16
55.95
55.70
55.67
55.68
55.73
55.89
56.08
56.13
56.30
56.24
56.43
56.40
56.40
56.32
56.34
56.32
56.45
56.37
56.30
56.25
56.11
56.15
56.01
55.96
56.03
55.92
56.09
56.25
55.95
55.84
56.00
56.20
56.42
56.25
56.20
55.87
56.13
56.33
56.53
56.55
56.57
56.56
56.64
56.49
56.35
56.33
56.49
56.31
56.29
56.17
56.48
56.54
56.47
56.42
56.45
56.42
56.46
56.66
56.62
56.46
56.48
56.70
56.62
56.59
56.63
56.40
56.36
56.33
56.64
56.53
56.82
56.84
56.96
56.96
56.87
56.63
56.67
56.63
56.30
56.27
56.41
56.43
56.51
56.71
56.81
56.81
56.87
56.97
56.95
56.84
56.64
56.75
56.63
56.87
56.66
56.44
56.42
56.44
56.56
56.69
56.69
56.76
56.86
56.95
57.06
57.11
56.79
56.49
56.40
56.43
56.71
56.99
57.04
56.94
56.81
56.55
56.45
56.36
56.51
56.34
56.41
56.40
56.58
56.47
56.28
56.28
56.30
56.24
56.25
56.31
56.26
56.13
56.05
56.33
56.39
56.41
56.26
55.98
55.76
55.70
55.66
55.68
55.79
55.94
56.04
55.98
56.16
56.18
56.04
55.92
55.95
56.13
56.18
56.28
55.98
56.06
56.12
56.30
56.43
56.50
56.44
56.40
56.32
56.33
56.44
56.61
56.78
56.67
56.74
56.83
56.35
56.39
56.43
56.39
56.63
56.61
56.30
56.24
56.22
56.23
56.06
56.11
56.31
56.53
56.67
56.71
56.68
56.77
56.85
56.84
56.87
56.79
57.00
57.02
57.07
57.39
57.53
57.52
57.41
57.33
57.44
57.49
57.50
57.47
57.38
57.39
57.61
57.53
57.58
57.61
57.51
57.43
57.49
57.38
57.21
57.06
56.99
56.78
56.68
56.70
56.71
56.64
56.80
56.91
57.05
57.03
57.23
57.41
57.32
57.19
57.16
57.11
57.09
57.10
57.31
57.32
57.15
56.83
56.97
57.21
57.05
57.17
57.01
56.67
56.78
56.78
56.96
56.94
56.72
56.49
56.54
56.25
56.19
56.41
56.57
56.65
56.81
56.90
57.00
57.03
57.20
57.10
57.11
56.95
57.20
57.15
56.95
57.10
56.85
56.95
57.05
57.05
57.08
56.94
56.88
56.84
56.92
56.92
56.83
56.85
56.81
56.96
56.90
57.05
57.00
57.09
57.13
57.31
57.23
57.02
56.95
57.00
57.06
57.12
57.11
57.06
56.96
56.92
57.22
57.31
57.30
57.19
57.15
57.10
57.16
57.12
57.09
57.22
57.21
57.27
57.26
57.27
57.02
57.17
57.36
57.19
57.24
57.35
57.40
57.30
57.10
56.94
56.88
56.73
56.67
56.70
56.67
56.59
56.59
56.63
56.83
56.78
56.73
56.85
56.66
56.47
56.58
56.77
56.89
56.84
56.80
56.81
56.45
