0.50
0.50
0.50
0.50
0.50
0.50
0.50
0.50
0.50
0.50
0.50
0.50
0.50
0.50
0.55
0.52
0.55
0.41
0.43
0.42
0.50
0.70
0.80
0.86
0.97
1.09
1.06
0.94
0.99
0.89
0.85
0.82
0.80
0.73
0.67
0.67
0.70
0.75
0.73
0.72
0.70
0.73
0.75
0.75
0.77
0.77
0.75
0.75
0.77
0.77
0.78
0.80
0.82
0.82
0.82
0.80
0.80
0.80
0.80
0.80
0.80
0.78
0.77
0.78
0.78
0.77
0.78
0.79
0.86
0.88
0.86
0.88
0.88
0.88
0.86
0.93
1.01
1.06
1.06
1.08
1.06
1.06
1.10
1.13
1.13
1.12
1.12
1.15
1.15
1.15
1.15
1.17
1.17
1.17
1.17
1.27
1.38
1.47
1.48
1.53
1.58
1.60
1.63
1.65
1.65
1.63
1.65
1.65
1.65
1.65
1.66
1.66
1.68
1.68
1.68
1.68
1.70
1.70
1.68
1.66
1.68
1.68
1.65
1.65
1.66
1.68
1.68
1.68
1.74
1.82
1.93
1.97
2.00
2.02
2.13
2.15
2.16
2.16
2.15
2.15
2.15
2.15
2.15
2.15
2.16
2.15
2.15
2.13
2.13
2.13
2.13
2.13
2.15
2.15
2.16
2.16
2.13
2.15
2.19
2.33
2.46
2.49
2.58
2.58
2.55
2.45
2.38
2.34
2.34
2.25
2.22
2.22
2.22
2.34
2.34
2.34
2.34
2.39
2.41
2.40
2.43
2.43
2.45
2.48
2.55
2.55
2.55
2.84
2.82
2.49
2.49
2.88
2.93
2.97
3.01
3.01
3.01
2.99
3.01
3.01
3.01
3.01
2.97
2.97
2.97
2.97
2.97
2.97
2.97
2.97
2.98
3.00
3.05
3.05
3.03
3.03
3.05
3.19
3.26
3.29
3.27
3.27
3.29
3.34
3.34
3.35
3.33
3.36
3.37
3.37
3.32
3.34
3.39
3.39
3.39
3.43
3.43
3.43
3.42
3.40
3.42
3.42
3.42
3.42
3.39
3.37
3.37
3.43
3.43
3.48
3.61
3.70
3.77
3.77
3.79
3.79
3.82
3.78
3.81
3.79
3.79
3.79
3.75
3.82
3.82
3.82
3.82
3.82
3.82
3.82
3.82
3.83
3.85
3.85
3.88
3.93
4.06
4.11
4.06
4.06
4.11
4.20
4.22
4.23
4.23
4.25
4.23
4.23
4.23
4.23
4.23
4.23
4.28
4.27
4.25
4.25
4.22
4.20
4.18
4.18
4.20
4.25
4.28
4.28
4.21
4.17
4.11
4.13
4.18
4.23
4.20
4.30
4.30
4.30
4.33
4.36
4.35
4.31
4.29
4.31
4.36
4.36
4.40
4.40
4.40
4.43
4.41
4.41
4.33
4.33
4.37
4.36
4.38
4.37
4.42
4.45
4.55
4.76
4.87
4.78
4.80
4.83
4.88
4.92
4.88
4.88
4.88
4.87
4.87
4.90
4.90
4.93
4.93
4.92
4.92
4.92
4.93
4.93
4.93
4.95
4.95
4.95
4.93
4.91
5.10
5.20
5.21
5.13
5.10
5.16
5.26
5.26
5.29
5.28
5.26
5.26
5.23
5.26
5.26
5.34
5.40
5.38
5.36
5.35
5.32
5.28
5.27
5.39
5.37
5.37
5.37
5.39
5.39
5.57
5.82
5.87
5.87
5.90
5.90
5.88
5.86
5.84
5.84
5.86
5.88
5.86
5.86
5.88
5.88
5.91
5.89
5.86
5.86
5.86
5.86
5.88
5.88
5.83
5.78
5.81
5.85
5.91
5.98
6.15
6.31
6.29
6.23
6.25
6.32
6.24
6.27
6.38
6.46
6.50
6.51
6.48
6.40
6.26
6.23
6.32
6.30
6.32
6.33
6.35
6.35
6.28
6.27
6.23
6.27
6.27
6.27
6.30
6.33
6.31
6.55
6.56
6.50
6.52
6.52
6.54
6.59
6.64
6.69
6.74
6.71
6.69
6.66
6.71
6.69
6.68
6.71
6.73
6.69
6.66
6.68
6.68
6.64
6.61
6.63
6.60
6.61
6.66
6.67
6.67
6.76
6.99
6.97
6.99
7.13
7.15
7.19
7.14
6.94
6.87
6.93
6.89
6.91
6.95
7.02
7.13
7.13
7.14
7.13
7.09
7.09
7.11
7.14
7.13
7.16
7.14
7.11
7.14
7.13
7.14
7.37
7.44
7.47
7.52
7.52
7.52
7.60
7.61
7.69
7.66
7.66
7.69
7.69
7.69
7.71
7.73
7.73
7.73
7.74
7.71
7.73
7.73
7.73
7.76
7.73
7.73
7.71
7.71
7.78
7.82
7.90
8.01
8.02
8.06
8.04
8.02
8.04
8.04
7.98
7.98
8.04
8.00
8.04
8.04
8.05
8.02
8.02
8.01
8.02
8.02
8.06
8.07
8.06
8.06
8.07
8.06
8.06
7.99
8.07
8.26
8.35
8.45
8.42
8.43
8.43
8.47
8.46
8.46
8.46
8.42
8.40
8.40
8.39
8.40
8.37
8.44
8.42
8.42
8.46
8.46
8.46
8.46
8.47
8.46
8.44
8.42
8.40
8.35
8.35
8.50
8.62
8.50
8.53
8.57
8.55
8.66
8.75
8.83
8.83
8.87
8.87
8.85
8.89
8.93
8.98
8.96
8.96
8.96
8.95
8.95
8.98
8.98
8.95
8.90
8.93
8.93
8.95
8.93
9.14
9.32
9.34
9.27
9.37
9.43
9.45
9.43
9.39
9.34
9.36
9.41
9.45
9.47
9.48
9.47
9.45
9.48
9.47
9.47
9.49
9.49
9.49
9.50
9.54
9.55
9.54
9.52
9.54
9.50
9.40
9.54
9.32
9.63
9.71
9.63
9.69
9.77
9.64
9.70
9.80
9.84
9.83
9.90
9.84
9.80
9.74
9.79
9.83
9.86
9.87
9.88
9.88
9.86
9.85
9.81
9.86
9.76
9.74
9.79
9.88
9.86
9.80
9.81
9.77
9.75
9.81
9.90
9.88
9.92
9.97
10.08
10.10
10.08
10.12
10.07
10.05
10.16
10.19
10.20
10.25
10.07
10.02
9.97
10.03
10.13
10.08
10.18
10.21
10.10
10.14
10.10
9.99
9.97
10.26
10.10
10.23
10.37
10.38
10.36
10.38
10.38
10.40
10.41
10.53
10.43
10.36
10.38
10.38
10.35
10.30
10.31
10.37
10.32
10.24
10.20
10.32
10.02
9.93
9.98
10.11
10.40
10.34
10.59
10.59
10.61
10.57
10.57
10.66
10.61
10.66
10.70
10.71
10.69
10.65
10.63
10.65
10.71
10.73
10.74
10.77
10.79
10.79
10.71
10.56
10.62
10.69
10.74
10.77
10.80
10.63
10.48
10.49
10.58
10.65
10.80
10.75
10.87
10.89
10.92
10.89
10.91
10.83
10.70
10.60
10.64
10.69
10.62
10.70
10.79
10.77
10.88
10.89
10.78
10.81
10.73
10.69
10.40
10.56
10.71
10.86
11.01
10.86
11.05
11.05
10.99
11.03
10.98
11.04
11.02
11.13
11.17
11.11
11.15
11.15
11.14
11.18
11.18
11.16
11.11
11.11
11.11
11.13
11.09
11.07
11.18
11.16
11.20
11.20
11.17
11.19
11.30
11.32
11.31
11.25
11.25
11.28
11.25
11.31
11.46
11.44
11.37
11.43
11.57
11.47
11.47
11.54
11.48
11.48
11.48
11.43
11.43
11.40
11.48
11.49
11.44
11.35
11.36
11.31
11.30
11.27
11.18
11.16
11.24
11.37
11.41
11.45
11.34
11.33
11.41
11.38
11.48
11.44
11.51
11.59
11.59
11.46
11.57
11.62
11.64
11.49
11.35
11.32
11.50
11.57
11.36
11.37
11.36
11.43
11.37
11.33
11.63
11.65
11.75
11.62
11.55
11.50
11.63
11.64
11.79
11.73
11.88
11.77
11.81
11.76
11.70
11.71
11.75
11.74
11.79
11.77
11.81
11.83
11.88
11.89
11.98
12.02
12.02
11.95
11.92
11.89
12.12
12.02
11.76
11.78
11.86
11.84
11.94
12.11
12.09
12.24
12.20
12.18
12.18
12.23
12.33
12.25
12.20
12.25
12.24
12.22
12.21
12.19
12.19
12.24
12.15
12.17
12.16
12.30
12.24
12.14
12.04
12.08
12.09
12.21
12.13
12.22
12.35
12.30
12.32
12.22
12.09
12.20
12.19
12.22
12.11
12.14
12.07
11.98
12.09
12.06
11.98
11.98
12.05
12.22
12.34
12.30
12.29
12.36
12.30
12.28
12.48
12.57
12.45
12.46
12.51
12.56
12.66
12.81
12.70
12.74
12.65
12.75
12.68
12.62
12.67
12.69
12.61
12.61
12.59
12.64
12.68
12.78
12.78
12.76
12.71
12.71
12.68
12.53
12.22
12.68
12.65
12.71
12.90
12.87
12.94
12.96
12.96
12.94
12.94
12.94
13.01
13.03
13.13
13.11
13.05
13.04
13.03
13.01
13.10
13.17
13.16
13.15
13.11
13.18
13.13
13.20
13.17
13.12
13.15
13.30
13.40
13.62
13.75
13.88
13.82
13.89
13.88
13.91
13.94
13.87
13.87
13.85
13.90
13.92
13.94
13.95
13.98
14.00
13.98
14.03
14.03
14.01
14.03
13.98
13.96
14.00
14.00
13.94
13.93
13.92
13.94
14.02
14.02
14.14
14.17
14.25
14.26
14.35
13.95
13.95
14.19
14.22
14.26
14.21
14.31
14.34
14.36
14.39
14.45
14.45
14.14
14.04
14.32
14.40
14.36
14.41
14.34
14.22
14.33
14.26
14.30
14.09
14.02
14.22
14.09
14.01
14.13
14.07
13.99
14.15
14.45
14.55
14.53
14.43
14.39
14.45
14.61
14.55
14.49
14.43
14.29
14.34
14.50
14.50
14.44
14.44
14.47
14.54
14.22
14.20
14.12
14.06
14.17
14.27
14.29
14.32
14.38
14.33
14.27
14.24
14.44
14.29
14.10
14.05
14.28
14.29
14.27
14.43
14.52
14.32
14.46
14.46
14.36
14.30
14.24
14.30
14.22
14.31
14.41
14.31
14.40
14.49
14.52
14.59
14.67
14.59
14.72
14.85
14.83
14.92
14.76
14.73
14.83
14.80
14.80
14.79
14.84
14.78
14.83
14.75
14.80
14.84
14.76
14.65
14.59
14.34
14.52
14.57
14.85
14.89
15.07
14.76
14.85
14.97
14.90
14.93
15.09
15.22
15.00
15.06
15.13
15.13
15.13
15.12
15.14
15.23
15.14
15.07
15.24
15.26
15.24
15.26
15.34
15.30
15.28
15.28
15.27
15.07
14.94
15.29
15.40
15.34
15.34
15.44
15.43
15.48
15.52
15.57
15.54
15.60
15.55
15.40
15.34
15.53
15.60
15.56
15.50
15.51
15.47
15.52
15.60
15.62
15.62
15.55
15.57
15.52
15.50
15.58
15.52
15.37
15.30
15.46
15.48
15.50
15.53
15.61
15.56
15.45
15.63
15.47
15.47
15.34
15.37
15.37
15.25
15.18
15.16
15.31
15.22
15.18
15.18
15.16
14.83
14.70
14.92
15.09
15.22
15.20
15.03
14.89
15.24
15.29
15.28
15.40
15.54
15.33
15.68
15.58
15.29
15.31
15.29
15.39
15.55
15.56
15.48
15.64
15.78
15.45
15.44
15.29
14.87
15.25
15.37
15.16
15.21
14.80
15.05
14.93
14.88
15.10
15.31
15.24
15.37
15.45
15.15
15.56
15.65
15.62
15.44
15.78
15.80
15.82
15.82
15.90
15.82
15.87
15.98
15.89
15.75
15.92
16.02
15.66
15.66
15.75
15.80
15.63
15.75
15.72
15.86
16.15
16.17
16.29
16.31
16.28
16.21
16.02
15.99
16.18
16.21
16.19
16.24
16.24
16.24
16.35
16.24
16.29
16.26
16.32
16.37
16.33
16.38
16.44
16.49
16.49
16.61
16.57
16.49
16.46
16.43
16.56
16.64
16.80
16.78
16.57
16.51
16.76
16.68
16.63
16.74
16.62
16.77
16.88
16.96
16.91
16.72
16.74
16.86
16.79
16.72
16.71
16.66
16.68
16.72
16.76
16.83
16.88
16.84
16.79
16.92
17.08
17.13
17.16
16.96
17.21
17.08
16.86
17.00
16.87
16.74
16.99
16.93
17.09
17.08
17.07
17.14
17.17
17.18
17.26
17.33
17.35
17.33
17.40
17.37
17.40
17.38
17.35
17.31
17.33
16.96
16.84
16.96
16.81
16.77
17.28
17.01
16.83
16.76
16.86
17.03
16.97
17.06
16.98
16.96
16.67
16.74
16.73
16.84
16.62
16.67
16.70
16.78
16.86
16.92
16.93
16.80
16.93
16.95
17.07
17.08
17.04
17.36
17.33
17.26
17.47
17.67
17.46
17.55
17.48
17.66
17.73
17.58
17.71
17.54
17.72
17.83
17.81
17.84
17.84
17.83
17.90
17.78
17.79
17.66
17.76
17.80
17.93
17.88
17.94
17.78
17.92
17.91
17.82
17.66
17.55
17.63
17.79
17.78
17.87
17.78
17.69
17.76
17.93
17.90
17.82
17.82
17.78
17.83
17.84
18.06
18.02
18.17
18.11
18.08
18.12
17.95
18.10
18.00
18.03
18.17
18.31
18.38
18.26
18.31
18.22
18.29
18.30
18.27
18.26
18.13
18.03
18.06
18.01
17.96
18.11
18.23
18.43
18.34
18.37
18.41
18.27
18.16
18.29
18.20
18.17
18.18
18.19
18.21
18.23
18.29
18.48
18.40
18.31
18.41
18.42
18.50
18.52
18.54
18.53
18.59
18.48
18.52
18.59
18.66
18.70
18.77
18.83
18.84
18.72
18.79
18.67
18.68
18.68
18.65
18.87
18.62
18.53
18.61
18.58
18.26
18.13
17.95
18.41
18.47
18.29
18.24
18.18
18.31
18.23
18.59
18.66
18.51
18.59
18.37
18.16
18.18
18.59
18.71
18.65
18.71
18.73
18.57
18.73
18.54
18.63
18.77
18.61
18.55
18.60
18.81
18.65
18.86
18.98
19.19
19.09
19.15
19.23
19.21
19.08
18.87
18.88
19.01
18.81
18.78
18.78
19.15
18.91
19.02
19.04
18.90
19.08
19.05
19.23
19.23
19.29
19.30
19.21
19.11
19.18
18.94
19.06
19.11
19.03
18.87
18.87
18.66
18.70
18.75
19.03
19.12
19.10
19.16
19.17
19.08
19.12
19.12
19.33
19.38
19.36
19.53
19.47
19.40
19.50
19.52
19.44
19.58
19.68
19.74
19.73
19.66
19.70
19.72
19.57
19.89
19.87
19.92
19.94
20.09
20.13
20.05
19.93
20.23
20.01
19.99
20.01
19.94
19.93
19.85
19.92
20.02
19.97
19.88
20.02
20.05
20.07
20.19
20.23
20.23
20.23
19.92
20.07
20.06
20.10
19.86
19.76
19.89
19.98
20.10
20.38
20.32
20.24
20.29
20.50
20.45
20.42
20.30
20.41
20.12
20.18
20.41
20.29
20.13
20.18
20.29
20.27
20.33
20.45
20.25
20.27
20.20
20.12
20.33
20.31
20.63
20.33
20.17
20.23
20.54
20.40
20.48
20.38
20.46
20.67
20.68
20.64
20.60
20.53
20.56
20.43
20.43
20.62
20.67
20.64
20.73
20.41
20.69
20.69
20.93
20.57
20.64
20.78
20.60
20.53
20.62
20.61
20.50
20.57
20.66
20.73
20.86
20.78
20.67
20.67
20.80
20.74
20.53
20.68
20.69
20.77
20.81
20.93
20.73
20.73
20.93
20.61
20.82
20.86
20.96
21.03
20.95
21.01
20.87
21.00
20.79
20.76
20.66
20.87
20.91
20.87
20.93
21.07
21.09
21.04
21.02
21.16
21.24
21.28
21.26
21.10
20.98
20.92
20.93
21.03
21.18
21.17
21.16
21.28
21.37
21.17
21.05
21.42
21.32
21.20
21.03
21.12
21.02
20.98
20.90
21.16
21.32
21.30
21.30
21.44
21.33
21.28
21.05
21.09
21.16
21.12
21.04
21.25
21.20
21.27
21.26
21.31
21.34
21.30
21.39
21.31
21.32
21.48
21.56
21.32
21.53
21.59
21.49
21.69
21.54
21.41
21.48
21.79
21.62
21.66
21.74
21.80
21.88
21.87
21.88
21.67
21.78
21.87
21.84
21.89
21.93
21.94
21.78
21.79
21.88
21.91
22.09
21.97
21.96
21.82
21.50
21.35
21.42
21.63
21.51
21.65
21.71
21.76
21.83
21.98
21.54
21.60
21.69
21.43
21.61
21.35
21.57
21.12
21.46
21.50
21.62
21.61
21.48
21.33
21.48
22.07
21.71
21.47
21.27
21.28
21.65
21.66
21.62
21.64
21.50
21.38
21.80
21.79
21.90
21.83
21.71
21.81
21.76
21.82
21.60
21.95
21.71
21.68
21.85
21.89
21.78
21.91
22.11
21.97
22.04
22.18
21.87
21.65
21.94
21.94
21.89
22.22
22.08
22.28
22.08
22.07
21.95
22.08
22.04
22.06
22.27
22.47
22.46
22.39
22.42
22.47
22.48
22.50
22.67
22.66
22.70
22.25
22.69
22.42
22.51
22.28
22.39
22.25
22.43
22.60
22.74
22.70
22.75
22.73
22.53
22.63
22.52
22.87
22.63
22.69
22.85
23.04
22.85
22.84
22.67
22.48
22.47
22.60
22.69
22.68
22.60
22.75
22.68
22.71
22.78
22.70
22.78
22.79
22.84
22.74
22.78
23.02
23.07
23.03
23.10
23.08
22.89
23.01
23.01
22.97
22.83
22.96
23.13
23.34
23.34
23.44
23.26
23.24
23.41
23.42
23.47
23.69
23.57
23.39
23.35
23.29
23.22
23.26
23.08
22.79
22.77
23.02
22.94
23.15
23.02
22.99
22.82
22.81
23.07
22.97
22.93
23.00
22.86
23.25
23.42
23.26
23.45
23.43
23.50
23.46
23.32
22.97
22.91
23.39
23.39
23.14
23.23
23.52
23.93
23.86
24.11
24.01
24.08
23.83
23.86
24.08
24.11
23.96
24.04
24.11
24.17
24.16
24.09
24.16
24.14
24.21
24.17
24.22
24.23
24.32
24.22
24.34
24.32
24.28
24.26
24.20
23.74
23.88
23.86
23.95
23.77
23.74
23.78
23.66
23.88
23.79
23.67
23.52
23.54
23.40
23.68
23.61
23.70
23.54
23.38
23.62
23.63
23.82
23.76
24.04
23.88
23.87
24.01
23.53
24.08
24.01
23.73
23.64
23.40
23.30
23.39
23.42
23.30
23.27
23.39
23.75
23.66
23.48
23.69
23.69
23.91
23.99
23.99
24.10
24.03
24.06
23.90
23.88
23.79
23.92
24.04
24.02
23.97
24.03
24.14
24.12
23.97
23.93
24.23
24.02
23.95
23.89
24.17
24.11
24.18
24.29
23.90
23.95
23.85
24.09
24.24
24.31
24.36
24.56
24.48
24.64
24.43
24.38
24.40
24.39
24.33
24.38
24.43
24.53
24.67
24.54
24.50
24.38
24.59
24.60
24.79
24.77
24.68
24.66
24.89
24.93
24.93
24.86
24.81
24.73
24.94
24.83
24.82
24.89
25.18
24.99
24.93
24.98
25.02
25.02
25.11
25.08
25.08
25.15
25.33
25.32
24.80
24.95
25.17
24.99
25.19
25.23
25.33
25.28
25.44
25.54
25.49
25.40
25.51
25.57
25.26
25.52
25.43
25.49
25.53
25.63
25.63
25.70
25.90
25.75
25.73
25.72
25.54
25.66
25.51
25.52
25.22
25.54
25.46
25.67
25.85
25.89
25.73
25.88
25.99
25.96
26.00
26.00
25.94
26.13
26.17
26.22
26.08
26.14
26.31
26.24
26.20
26.04
26.12
26.20
26.24
26.21
25.99
26.01
26.14
26.07
25.83
25.90
26.11
26.17
26.03
25.71
25.83
25.42
25.89
26.04
26.12
26.00
26.04
26.20
26.31
26.35
26.33
26.26
26.28
26.44
26.06
26.35
26.26
26.30
26.35
26.23
26.35
26.26
26.20
26.20
26.11
26.24
26.33
26.30
26.23
26.24
26.49
26.31
25.97
25.78
26.12
25.96
25.91
25.82
26.19
26.03
26.05
25.62
25.60
25.32
25.91
26.31
26.02
25.69
25.99
26.05
25.98
25.96
26.14
26.14
26.31
26.11
26.14
25.96
26.27
26.59
26.53
26.66
26.90
26.83
26.55
26.50
26.76
26.70
26.90
26.81
26.62
26.55
26.59
26.58
26.83
27.01
26.76
26.59
26.57
26.69
26.70
26.98
26.74
26.63
26.77
26.77
26.96
26.68
26.95
26.85
26.92
26.96
27.01
27.05
26.96
27.08
27.27
27.34
27.19
27.17
27.08
26.68
26.66
26.68
26.83
26.88
26.66
26.79
26.85
26.97
27.10
27.08
27.25
27.29
27.16
27.22
27.39
27.35
27.22
27.27
27.31
27.04
27.34
27.19
27.35
27.13
27.28
27.41
27.35
27.50
27.44
27.37
27.51
27.26
27.34
27.29
27.07
27.06
27.26
27.25
27.25
27.30
27.49
27.36
27.01
27.43
27.38
27.35
27.44
27.70
27.69
27.59
27.91
27.62
27.70
27.77
27.80
27.76
27.77
27.85
27.62
27.35
27.53
27.54
27.63
27.62
27.60
27.40
27.38
27.27
27.28
27.43
27.35
27.61
27.34
27.58
27.66
27.90
27.89
28.11
27.97
27.80
27.80
27.94
27.90
27.99
28.12
28.09
28.04
27.68
27.40
27.51
27.73
27.43
27.59
27.44
27.55
27.61
27.44
27.62
27.48
27.39
27.46
27.31
27.36
27.10
27.12
27.52
27.19
27.68
27.66
27.41
27.53
27.55
27.76
27.64
27.95
27.82
27.81
27.49
27.54
27.73
28.06
27.80
27.79
27.42
27.64
27.53
27.61
27.63
27.67
27.84
27.92
27.99
27.81
28.12
28.26
28.19
28.18
28.20
28.32
28.14
28.11
28.22
28.30
28.35
28.20
28.21
28.37
28.23
28.45
28.28
28.26
28.39
28.44
28.62
28.65
28.59
28.62
28.52
28.78
28.68
28.77
28.54
28.33
28.31
28.47
28.61
28.21
28.37
28.35
28.30
28.10
28.51
28.52
28.59
28.97
28.77
28.75
28.84
28.90
28.84
28.72
28.87
29.13
29.15
28.98
28.97
28.99
28.54
28.85
28.92
28.78
28.68
28.50
28.73
28.95
28.68
28.89
29.32
29.14
29.28
29.35
29.38
29.33
29.31
29.22
29.31
29.31
29.48
29.13
29.13
29.26
29.35
29.48
29.36
29.32
29.36
28.99
29.32
29.40
29.20
29.38
29.47
29.20
29.14
29.30
29.39
29.36
29.52
29.37
29.55
29.30
29.32
29.30
29.57
29.49
29.55
29.58
29.38
29.57
29.59
29.59
29.70
29.94
29.99
30.02
29.98
29.97
30.03
30.00
30.13
30.13
29.96
29.89
30.26
30.31
30.03
29.91
30.00
30.02
30.07
30.19
30.14
30.16
29.82
29.80
29.86
30.02
30.05
30.04
30.06
29.96
30.21
30.23
30.18
30.20
30.29
30.49
30.27
30.30
30.36
30.43
30.68
30.59
30.50
30.33
30.36
30.47
30.54
30.88
30.77
30.67
30.56
30.57
30.74
30.72
30.80
30.70
30.65
30.82
30.88
30.74
30.82
30.86
30.91
30.97
31.02
31.03
31.13
31.11
31.17
31.13
31.22
31.17
31.00
30.65
30.77
30.72
30.67
30.85
30.60
30.46
30.26
30.64
30.45
30.63
30.85
31.04
31.01
30.86
30.80
30.76
30.89
30.65
30.83
30.40
30.66
30.80
30.34
30.26
30.43
30.34
30.63
30.34
30.73
30.77
30.82
30.48
30.19
30.27
30.41
30.70
30.79
30.81
30.73
30.77
30.65
30.77
30.96
31.08
31.07
31.01
30.99
30.90
30.80
30.69
30.65
30.56
30.62
30.80
30.88
31.16
31.14
31.08
30.97
31.10
30.81
31.05
31.06
31.08
31.06
31.12
30.93
31.12
31.00
31.02
30.99
31.20
31.07
31.07
31.16
31.32
31.13
31.23
31.06
30.95
31.20
31.04
31.04
31.40
31.02
30.92
30.98
30.92
30.93
31.05
31.07
31.18
31.40
31.53
31.69
31.05
30.67
31.33
31.78
31.76
31.93
31.66
31.56
31.65
31.64
31.69
31.73
31.77
31.72
31.98
31.99
31.97
32.04
31.96
31.86
31.82
31.95
31.81
31.95
31.85
32.08
32.24
32.10
31.93
31.93
32.04
31.94
32.21
32.21
32.06
32.09
31.91
32.08
32.16
31.68
31.87
32.20
32.41
32.65
32.64
32.82
32.62
32.62
32.66
32.53
32.61
32.64
32.34
32.24
32.26
32.01
32.23
32.06
32.01
32.13
32.15
32.29
32.17
32.43
32.61
32.34
32.13
32.17
32.24
32.49
32.40
32.16
32.14
32.27
32.52
32.55
32.52
32.53
32.56
32.23
32.71
32.44
32.76
32.71
32.85
32.82
32.81
32.98
32.88
32.87
32.69
32.84
32.88
32.73
32.69
32.65
32.58
32.72
32.65
32.68
33.24
32.93
32.81
32.93
32.91
32.82
32.79
32.98
32.86
32.94
33.05
33.06
32.76
32.82
32.78
33.22
33.12
33.28
33.34
33.13
33.18
33.20
33.27
33.36
33.26
33.30
33.24
33.25
33.35
33.31
33.06
33.48
33.55
33.61
33.38
33.19
33.34
33.42
33.16
33.17
33.50
33.55
33.39
33.41
33.57
33.67
33.58
33.55
33.56
33.61
33.67
33.69
33.77
33.56
33.59
33.63
33.96
33.79
33.37
33.05
33.17
33.32
33.23
33.49
33.59
33.72
33.64
33.89
33.83
33.78
33.77
33.56
33.54
33.39
33.87
33.83
33.87
33.81
33.68
33.60
33.72
33.95
33.98
34.06
34.01
34.05
34.04
34.17
34.13
34.09
34.07
34.10
34.09
34.06
34.24
34.30
34.29
34.32
34.35
34.21
34.28
34.27
34.04
34.09
33.89
34.28
34.53
34.62
34.07
34.24
34.08
34.30
34.25
34.30
34.49
34.46
34.32
34.26
33.98
34.32
34.37
34.56
34.70
34.58
34.62
34.71
34.73
34.66
34.48
34.52
34.42
34.60
34.23
34.24
34.25
34.25
34.19
33.95
34.16
34.15
34.33
34.36
34.23
34.25
34.55
34.16
34.44
34.52
34.81
34.66
34.64
34.75
34.61
34.78
34.88
34.94
35.03
35.05
34.96
35.15
35.03
34.44
34.43
34.65
34.58
34.78
34.83
34.81
34.73
34.34
34.56
34.59
34.83
34.54
34.46
34.73
34.31
34.20
34.31
34.53
34.52
34.26
34.36
34.59
34.38
33.75
33.83
33.84
33.91
33.86
33.48
33.72
34.15
34.13
34.20
34.49
34.55
34.61
34.69
34.59
34.73
34.71
34.59
34.74
34.81
35.03
35.03
35.10
35.06
35.10
35.07
35.08
35.09
35.13
35.29
35.27
35.14
35.26
35.33
35.18
35.37
35.24
35.14
35.04
35.13
35.29
35.29
35.47
35.30
35.27
35.09
35.25
35.10
35.11
35.20
35.26
35.28
35.22
35.26
35.14
35.17
35.25
35.22
35.47
35.44
35.29
35.40
35.45
35.64
35.57
35.61
35.46
35.32
35.31
35.75
35.87
35.84
35.72
35.87
35.93
36.08
36.08
35.95
35.92
36.07
35.99
36.14
36.07
36.02
36.31
36.35
36.30
36.06
36.17
36.29
36.37
35.88
36.05
36.01
36.12
36.16
35.82
35.68
35.69
35.80
35.62
35.54
35.56
35.61
35.45
35.67
35.64
35.58
35.32
35.31
35.53
35.74
35.69
36.14
36.13
35.87
35.94
35.95
35.67
35.80
35.94
35.94
35.74
35.76
35.36
35.49
35.28
35.34
35.55
35.29
35.20
35.43
35.50
35.66
35.74
35.77
35.92
36.00
35.95
35.77
35.89
35.91
35.92
36.02
35.91
35.94
36.03
35.77
36.02
36.01
35.98
36.01
36.00
36.10
36.09
36.14
36.17
36.38
36.40
36.48
36.22
36.51
36.39
36.62
36.49
36.43
36.50
36.47
36.39
36.41
36.30
35.87
35.73
35.94
36.08
36.08
36.12
36.45
36.60
36.61
36.52
36.42
36.23
36.02
36.33
36.35
36.29
36.47
36.55
36.68
36.90
36.90
36.91
37.02
36.97
37.03
36.81
36.88
36.68
36.83
36.91
37.02
36.92
36.97
36.74
36.92
36.97
36.87
36.97
37.00
37.03
37.14
37.04
36.97
36.99
37.11
37.00
37.15
37.18
36.89
36.95
36.81
36.40
36.82
36.70
36.69
36.57
36.58
36.73
36.77
36.96
37.03
36.95
36.90
36.88
36.84
36.80
36.86
37.01
36.91
37.00
36.99
36.91
36.66
36.80
36.85
36.91
36.88
36.72
36.71
36.87
36.79
36.75
36.91
36.76
36.72
36.76
36.92
36.97
36.56
36.72
36.66
36.38
36.22
36.79
36.84
36.74
36.63
36.90
36.71
36.71
37.09
36.99
37.03
36.93
37.00
36.92
36.86
37.17
36.96
36.93
37.03
36.89
37.01
37.25
37.18
37.17
37.11
37.04
37.17
37.00
37.21
37.05
37.40
37.62
37.75
37.61
37.74
37.71
37.47
37.76
37.24
37.80
37.81
37.62
37.85
38.01
37.93
37.26
37.47
37.17
37.14
37.18
37.50
37.53
37.41
37.70
37.86
37.76
37.56
37.80
38.12
37.67
38.07
37.74
37.65
37.67
37.52
37.22
37.40
37.63
37.34
37.29
37.27
37.38
37.45
37.49
37.62
37.64
37.71
37.60
37.64
37.58
37.65
37.58
37.71
37.85
38.07
38.02
38.17
38.02
37.97
38.07
38.13
38.00
38.07
37.92
38.22
38.20
38.15
38.04
38.11
38.04
38.34
38.34
38.36
38.20
37.97
37.69
37.41
37.73
37.76
37.45
37.79
37.77
37.94
37.95
38.35
38.42
38.37
38.20
38.19
38.19
38.43
37.88
38.02
38.28
37.82
37.75
37.91
37.77
38.00
38.00
37.84
38.35
38.38
38.40
38.23
38.23
38.20
38.45
38.25
38.48
38.49
38.48
38.23
38.06
38.24
38.30
38.41
38.42
38.29
38.34
38.48
38.61
38.55
38.57
38.65
38.74
38.85
38.87
38.80
38.67
38.72
38.78
38.66
38.55
38.65
38.69
38.54
38.56
38.47
38.33
38.53
38.58
38.59
38.73
38.64
38.66
38.58
38.38
38.53
38.59
38.78
38.61
38.98
38.50
38.70
38.55
38.72
38.72
38.51
38.45
38.69
38.79
38.81
38.99
38.64
38.75
38.67
38.77
38.68
38.69
39.18
38.64
38.50
38.58
38.48
38.18
38.40
38.33
38.15
38.16
37.93
38.27
38.55
38.43
38.36
38.39
38.40
38.22
38.38
38.28
38.54
38.19
38.42
38.47
38.48
38.95
38.73
38.97
38.59
38.82
39.08
39.19
38.99
38.88
39.14
39.55
39.51
39.31
39.15
39.13
39.45
39.01
39.52
39.60
39.46
39.57
39.46
39.28
39.13
39.63
39.64
39.46
39.60
39.44
39.38
39.29
39.56
39.47
39.22
39.20
39.14
39.39
39.05
39.34
39.35
39.21
39.13
39.22
38.96
39.18
39.33
39.09
39.37
39.41
39.16
39.14
39.40
39.37
39.40
39.66
39.72
39.39
39.65
39.69
39.55
39.59
39.80
39.93
39.46
39.79
39.79
39.84
39.89
39.78
39.72
39.73
39.69
39.98
39.83
39.57
39.02
39.65
39.37
39.05
39.49
39.62
39.68
39.95
39.90
39.65
39.86
39.93
39.96
39.96
39.61
39.75
39.60
39.80
39.81
39.89
39.77
39.82
39.95
39.54
39.53
39.60
39.78
39.90
39.82
39.78
40.09
40.19
40.43
40.31
40.34
40.38
40.20
40.18
40.23
40.21
39.82
39.93
40.08
40.06
39.91
39.90
40.20
40.20
40.01
40.15
39.89
39.90
39.95
39.92
39.76
40.06
39.88
40.05
40.03
40.17
40.16
40.08
40.02
40.40
40.08
40.17
39.90
40.08
40.35
40.27
40.44
40.34
39.99
39.81
39.76
39.58
39.71
39.85
39.53
39.68
40.05
40.28
40.13
40.06
40.18
40.01
40.64
40.54
40.26
40.31
40.21
40.12
40.06
39.92
39.91
39.58
39.61
39.85
39.96
39.71
40.25
40.15
40.24
39.71
40.02
40.13
40.15
40.40
40.50
40.16
40.02
39.95
40.16
40.05
39.93
39.90
40.20
40.12
40.09
40.33
40.28
40.30
40.20
40.12
40.21
40.26
40.27
40.35
40.51
40.24
40.25
40.25
39.71
40.13
40.27
40.02
40.02
40.18
39.82
40.21
40.33
40.34
40.57
40.34
40.42
40.55
40.56
40.49
40.27
40.62
40.30
40.43
40.76
40.46
40.56
40.35
40.19
39.75
40.23
40.06
40.37
40.04
40.40
40.25
40.53
40.67
40.50
40.21
40.19
40.39
40.28
40.36
40.37
40.03
40.11
40.30
39.75
39.90
39.86
40.14
40.33
40.21
40.31
40.12
40.34
40.33
40.42
40.65
40.51
40.69
40.63
40.39
40.32
40.55
40.78
40.86
40.33
40.57
40.60
40.82
40.81
40.89
40.61
40.62
40.76
40.76
40.82
40.71
40.62
40.32
40.58
40.86
40.69
40.98
41.08
40.76
41.19
41.25
40.90
40.83
40.86
41.12
41.19
40.96
40.95
41.24
41.14
40.90
40.84
40.86
40.89
40.83
40.83
41.05
41.08
40.78
40.40
40.71
40.74
40.28
40.44
40.13
40.39
40.21
40.37
40.66
40.68
40.66
41.12
40.51
40.57
40.48
40.32
40.27
40.49
40.51
40.54
40.75
40.58
40.45
40.47
40.84
40.95
41.24
41.26
41.22
40.95
41.35
41.31
41.33
41.22
41.04
41.28
40.91
41.34
41.20
41.08
41.21
41.24
41.33
41.59
41.35
41.31
41.32
41.50
41.57
41.70
41.49
41.21
41.35
41.38
41.39
41.33
40.84
40.73
41.25
41.46
41.22
40.68
41.19
41.66
41.86
41.21
41.65
41.54
41.48
41.57
40.92
41.24
41.63
41.44
41.01
41.36
41.39
41.57
41.35
41.49
41.43
41.61
41.91
41.54
41.93
41.60
41.64
41.63
41.29
41.41
41.42
40.94
41.25
41.20
41.58
41.84
41.73
41.94
41.96
41.77
42.12
41.88
41.96
42.03
41.58
42.05
42.34
42.14
42.28
42.17
42.17
42.03
41.92
42.01
42.18
42.02
41.99
42.24
42.30
42.57
42.42
42.06
42.45
42.49
42.40
42.19
42.22
42.37
42.14
41.90
42.10
42.19
42.13
41.92
42.20
42.03
41.57
42.03
41.93
41.50
42.01
42.13
42.12
42.09
42.20
42.45
42.45
42.37
41.96
42.04
42.05
42.36
42.01
41.78
41.74
41.66
41.79
41.72
42.24
42.33
42.55
42.61
42.62
42.42
42.37
42.75
43.01
42.98
42.32
42.47
42.63
42.77
43.12
42.94
42.57
42.52
42.76
42.92
43.15
42.93
42.84
42.87
43.20
43.19
42.58
42.28
42.55
42.49
42.65
42.25
42.51
42.44
42.63
42.47
42.48
42.48
42.57
42.74
42.73
42.63
42.58
42.63
42.32
42.48
42.63
42.49
42.34
42.36
42.56
42.35
42.28
41.81
41.80
42.12
42.22
42.36
42.39
42.54
42.49
42.65
42.50
42.77
42.65
42.54
42.71
42.66
42.46
42.63
42.77
42.84
42.92
43.05
42.80
42.52
42.33
42.30
42.14
42.39
42.44
42.71
42.80
42.70
42.90
42.93
43.10
43.07
42.91
43.05
42.84
42.73
43.12
43.10
43.01
42.92
43.03
42.88
43.05
43.16
43.32
43.25
43.17
43.13
43.20
42.96
43.03
43.59
43.46
43.20
43.36
43.32
43.34
43.18
43.20
43.19
43.49
43.68
43.55
43.54
43.64
43.67
43.38
43.35
43.68
43.61
43.50
43.19
43.65
43.95
44.11
44.31
44.41
44.31
44.04
44.23
44.02
44.17
43.79
44.15
43.91
43.71
44.07
44.19
44.22
44.44
44.42
44.33
44.32
43.93
44.08
43.69
43.57
43.53
43.40
43.08
42.98
43.33
43.36
43.46
43.51
43.77
43.89
43.74
43.92
44.03
43.86
43.70
44.00
43.96
43.87
43.88
43.89
44.16
43.77
43.87
44.01
44.13
44.33
44.29
44.25
44.44
44.35
43.91
43.83
43.69
43.87
43.56
43.93
43.92
43.90
43.87
43.87
44.12
44.23
44.17
44.14
43.99
44.11
43.82
43.64
43.71
43.88
43.91
43.89
43.95
43.56
44.07
43.96
43.93
44.17
44.30
44.37
43.77
43.79
43.96
43.43
44.07
44.00
43.79
43.99
44.28
44.39
44.31
44.51
44.81
44.43
44.58
44.57
44.66
44.89
44.87
44.79
44.87
44.86
44.29
44.22
44.28
44.42
44.29
44.03
44.58
44.64
44.36
44.34
44.55
44.28
44.37
44.51
44.73
44.58
44.32
44.53
44.32
44.42
44.08
44.27
44.22
44.48
44.59
44.89
45.06
44.72
44.83
44.75
44.72
44.78
44.74
44.65
44.65
44.58
44.49
44.74
44.83
44.91
44.70
44.58
44.64
44.62
44.69
44.83
44.75
45.14
44.99
44.68
44.54
44.65
44.84
45.08
45.01
44.68
44.83
44.84
44.96
45.09
44.80
44.85
44.84
44.84
44.70
44.97
45.01
44.83
44.49
44.80
44.61
44.65
44.85
44.89
44.90
44.61
44.78
44.87
44.79
44.70
45.09
44.98
45.18
45.16
45.24
44.83
44.95
44.78
44.89
44.80
44.63
44.67
44.71
44.79
44.76
44.61
44.79
44.80
44.83
44.64
44.68
44.43
44.65
44.92
44.75
44.69
44.92
45.02
44.41
44.81
44.84
44.40
44.66
44.62
44.85
44.86
44.76
45.25
45.13
45.21
45.40
45.33
45.53
45.38
45.38
45.31
45.56
45.07
45.09
44.99
45.28
44.83
45.03
45.37
45.39
45.37
45.06
45.33
45.38
45.66
45.31
45.21
45.07
45.31
45.14
44.94
45.25
45.49
45.51
45.54
45.69
45.79
45.68
45.66
45.52
45.38
45.27
45.04
45.28
45.61
45.38
45.09
45.10
45.30
45.45
45.28
45.48
45.54
45.56
45.65
45.80
45.61
45.58
45.17
45.09
45.32
45.45
45.53
45.32
45.58
45.76
45.52
45.63
45.81
45.59
45.56
45.51
45.94
45.85
45.88
45.77
45.69
45.59
45.81
46.02
45.99
45.73
45.82
46.04
46.01
46.05
45.97
45.62
45.52
45.68
45.92
45.86
45.78
45.96
46.17
46.23
45.92
45.65
46.13
46.07
46.37
46.40
46.46
46.26
46.27
46.12
45.83
46.36
46.36
46.13
46.25
45.62
46.66
45.90
46.13
46.01
46.30
46.35
46.65
46.57
46.54
46.54
46.43
46.71
46.50
46.37
46.55
46.39
46.20
46.01
46.39
45.99
46.16
46.30
46.18
45.90
45.83
46.10
46.08
45.88
46.22
46.27
46.21
45.93
45.99
46.45
46.19
46.15
45.98
45.94
45.73
46.04
46.12
46.02
46.26
46.29
46.22
46.42
46.63
46.52
46.52
46.44
46.55
46.56
46.37
46.58
46.74
46.63
46.65
46.48
46.81
46.71
47.07
47.16
47.19
47.14
46.56
46.97
47.05
46.84
46.95
47.14
46.85
46.70
46.91
46.87
47.01
46.66
46.46
46.74
46.93
46.77
47.02
47.03
46.79
46.81
46.88
46.86
46.80
46.94
47.21
47.03
47.28
47.15
46.66
46.78
46.95
47.24
47.37
47.20
47.27
47.40
47.23
47.23
47.10
47.59
47.64
47.32
47.52
47.49
47.22
47.10
47.24
46.97
47.18
47.36
46.92
47.02
47.29
47.36
46.78
46.71
46.98
47.20
47.11
47.23
47.51
47.42
47.50
47.43
47.18
47.20
46.99
47.02
46.91
47.14
47.03
47.20
47.19
47.41
47.33
47.42
47.43
47.60
47.57
47.35
47.56
47.74
47.60
47.43
47.42
47.58
47.18
47.51
47.93
48.16
48.10
47.84
47.72
47.62
47.66
48.00
48.15
48.21
48.03
47.98
48.40
47.85
47.81
48.10
47.97
47.80
47.44
47.72
47.92
47.93
47.92
48.14
47.87
47.99
47.81
48.30
48.50
47.75
47.87
47.63
47.64
47.78
47.81
47.95
47.76
48.05
47.65
47.75
47.75
47.89
47.46
47.83
47.18
47.44
47.54
47.84
47.94
47.88
47.65
47.37
47.35
47.17
47.74
47.81
48.02
47.98
48.03
48.01
47.96
47.40
48.06
48.22
47.97
47.94
48.01
48.14
48.28
48.04
48.04
47.86
47.96
47.47
47.70
48.22
48.24
48.30
48.42
48.26
48.00
47.92
47.58
47.83
47.84
47.56
48.05
47.93
48.22
48.26
48.12
48.24
48.07
47.86
47.71
48.07
48.43
48.23
48.51
48.48
48.57
48.45
48.06
48.05
48.15
48.59
48.44
48.48
48.43
48.31
48.42
48.45
48.05
47.92
47.86
48.23
48.23
48.14
48.35
48.40
48.36
48.33
47.88
48.03
48.01
47.99
48.31
48.32
48.62
48.45
48.43
48.14
47.86
48.54
48.42
47.82
47.81
48.15
48.00
48.38
48.16
48.16
48.05
47.94
47.77
47.89
47.89
48.27
48.19
48.20
48.02
48.09
48.31
48.31
48.40
48.62
48.69
48.44
48.33
48.62
48.18
48.71
48.64
48.45
48.72
48.50
48.38
48.23
48.49
48.56
48.52
48.41
48.65
48.52
48.92
48.73
48.18
48.11
48.20
48.21
48.27
48.57
48.60
48.50
48.31
48.13
48.06
48.38
48.53
48.57
48.24
48.62
48.45
48.43
48.34
48.93
49.04
48.74
48.71
48.74
48.90
48.80
48.80
48.81
48.80
48.96
48.87
48.73
48.92
48.97
48.70
48.76
48.84
48.62
48.95
48.85
48.96
48.87
49.22
48.90
49.18
49.11
49.27
49.26
49.10
49.38
49.43
49.45
49.92
49.67
49.22
49.02
49.13
48.76
49.20
49.07
49.09
49.32
49.69
49.90
49.51
49.39
49.64
49.52
49.46
49.78
49.97
49.97
49.50
49.52
49.12
49.46
49.46
49.58
49.20
49.52
49.53
50.22
50.23
50.29
49.89
50.05
49.60
49.71
49.89
49.86
50.03
50.13
49.59
49.69
49.65
49.61
49.64
50.22
50.55
50.12
50.39
50.77
50.67
50.38
50.69
50.75
50.44
50.63
50.59
50.37
50.39
50.48
50.17
50.17
50.27
50.34
50.30
50.40
50.43
50.55
50.68
50.74
50.74
51.00
50.86
50.73
50.20
50.51
50.03
50.11
50.02
49.92
49.43
49.56
49.42
49.78
49.62
49.37
49.45
49.50
50.17
50.19
50.38
50.40
50.57
50.41
50.21
50.67
50.31
50.34
50.59
50.72
50.45
50.73
50.23
50.36
50.45
50.63
50.78
50.30
50.39
49.97
50.43
50.72
50.74
50.84
50.73
50.94
50.91
50.70
50.90
50.49
50.66
50.70
50.67
50.05
50.16
50.35
50.38
50.47
50.70
50.90
50.76
50.77
50.50
50.53
50.54
50.36
50.43
50.65
50.34
50.31
50.22
50.39
50.42
50.19
50.61
50.27
50.60
50.35
50.63
50.64
50.63
50.64
50.38
50.23
50.25
50.98
50.87
50.86
50.87
50.91
50.94
50.75
50.56
50.52
50.88
50.69
50.89
51.38
51.21
51.35
51.30
51.15
51.26
51.14
50.90
51.05
51.14
50.98
51.09
51.09
50.96
51.16
50.87
50.83
50.90
51.25
51.24
51.15
51.10
51.36
51.35
50.89
51.27
51.35
51.00
51.01
50.70
51.15
51.06
51.21
51.51
50.87
50.83
50.89
51.11
51.01
51.14
51.04
51.07
51.26
51.18
51.05
51.21
51.18
51.45
51.19
50.95
50.98
51.22
51.34
51.01
51.31
51.41
51.72
51.56
51.69
51.79
51.70
51.34
51.49
51.82
51.66
51.75
51.35
51.32
51.42
51.35
51.35
51.45
51.63
51.34
51.33
51.28
51.20
51.17
51.26
50.98
51.10
51.39
50.87
50.81
51.01
50.79
51.17
50.96
50.82
51.11
51.13
50.98
50.97
50.91
51.29
51.16
51.23
51.32
51.58
51.86
51.78
51.71
51.69
51.25
51.39
51.36
51.49
51.39
50.97
51.11
51.67
51.60
51.54
51.63
51.63
51.70
51.50
51.37
51.64
51.47
51.44
51.52
52.10
51.68
51.81
51.68
51.61
52.17
52.23
52.19
52.05
51.98
52.24
51.78
51.42
51.45
51.62
51.74
52.14
51.54
51.25
51.42
51.58
51.37
51.54
51.60
51.69
52.17
51.48
51.78
52.22
51.88
51.98
51.99
52.20
52.07
52.37
52.47
52.37
52.48
52.43
52.56
52.61
52.10
52.04
52.29
52.36
51.89
51.94
51.96
52.01
52.03
51.95
52.22
52.07
52.23
52.14
52.26
52.21
52.12
52.17
52.20
51.86
51.84
52.21
52.39
52.06
52.06
51.86
51.53
51.95
51.94
52.13
52.27
52.09
52.34
52.42
52.63
52.52
52.76
52.78
52.82
53.04
53.14
52.74
52.73
52.25
52.55
52.59
52.82
52.70
52.74
52.05
52.43
52.32
52.38
52.40
52.55
52.70
52.52
52.77
52.98
52.77
52.57
52.67
52.42
52.18
52.44
52.47
52.31
52.53
52.58
52.38
52.43
52.85
53.12
53.10
52.70
53.03
52.98
53.11
53.20
53.10
53.62
53.70
53.46
53.11
53.10
53.37
53.55
53.30
53.25
53.09
53.49
53.65
53.59
53.31
52.93
53.15
53.09
53.37
53.43
53.44
53.31
53.60
53.60
53.80
53.89
53.66
53.89
53.92
53.61
53.28
53.09
53.62
53.70
53.52
53.63
53.67
53.52
53.40
53.24
53.57
53.41
53.40
53.62
53.17
52.98
53.40
53.47
52.78
52.69
52.96
53.24
53.48
53.78
52.77
53.16
53.35
53.30
53.59
53.60
52.75
52.52
53.03
53.43
53.41
53.66
53.95
53.54
53.60
53.42
53.45
53.40
53.62
53.60
53.62
53.77
53.81
53.81
53.58
53.90
53.35
53.78
53.92
53.73
53.81
53.78
53.60
53.86
53.80
53.66
53.89
53.95
54.04
54.08
54.08
53.97
53.91
54.20
53.75
53.79
53.81
53.66
53.66
53.61
53.73
53.46
53.59
53.64
53.80
53.67
53.24
53.61
53.55
53.82
53.94
52.90
53.19
53.32
53.36
53.49
53.96
54.02
53.79
53.73
53.49
53.71
53.66
53.23
53.65
53.41
53.36
53.23
53.67
53.82
53.83
53.80
53.89
53.87
53.53
53.70
53.79
53.94
53.95
54.08
54.05
54.24
54.36
54.23
53.83
54.18
53.81
53.59
53.57
53.84
53.75
53.46
53.73
54.05
54.08
54.38
54.06
53.98
54.36
54.02
54.35
54.33
54.12
53.75
54.13
53.79
53.96
53.63
54.01
53.97
53.98
53.65
53.98
54.09
53.76
53.63
53.88
53.64
53.44
53.59
53.96
53.99
53.97
54.07
54.16
54.23
54.09
54.24
54.23
54.43
54.47
53.96
54.17
53.94
53.80
53.87
54.18
54.14
54.54
54.20
54.41
54.70
54.88
54.79
54.81
55.05
54.93
55.28
55.17
55.46
55.32
55.39
55.15
54.78
55.35
54.84
54.99
55.06
54.78
54.35
53.83
54.07
53.94
54.09
54.47
54.50
54.24
54.31
54.45
54.31
54.41
54.47
54.55
54.53
54.40
54.13
54.29
54.20
54.18
54.59
54.66
54.66
55.14
55.00
55.20
55.07
54.96
55.24
55.08
55.21
55.09
55.05
55.19
55.25
55.05
55.14
55.69
55.52
55.40
55.71
55.52
55.43
55.07
55.05
55.22
55.20
55.23
55.22
55.42
55.32
55.47
55.35
55.08
55.03
55.03
55.04
54.88
55.13
55.39
54.59
54.36
54.42
54.82
55.08
55.15
55.34
55.66
55.37
55.44
55.52
55.35
55.21
55.15
55.63
55.64
55.66
55.38
55.84
55.76
55.74
55.81
55.71
55.46
55.35
55.91
55.42
55.72
55.52
55.55
55.71
55.49
55.71
55.84
56.08
56.13
56.19
56.28
56.09
56.28
56.21
56.21
56.46
56.29
56.19
56.07
55.99
56.24
56.06
55.87
56.29
56.33
56.41
56.62
56.62
56.23
56.43
56.33
56.46
56.28
56.34
56.45
55.93
56.65
56.63
57.02
56.83
56.57
56.83
56.75
56.88
56.84
57.10
56.89
56.67
56.49
56.79
56.67
56.57
56.18
56.27
56.17
56.57
56.42
56.65
56.25
56.42
56.29
56.23
56.34
56.11
56.53
56.64
56.43
56.60
56.97
56.85
56.79
56.64
56.77
57.04
56.83
56.96
57.05
57.25
57.24
57.31
57.18
57.04
56.49
56.70
56.80
57.04
57.16
57.12
56.92
57.07
56.90
56.84
56.70
56.80
56.58
57.05
57.16
57.06
56.96
56.69
57.04
57.27
57.12
57.41
57.46
57.08
57.20
57.32
57.76
57.54
57.79
57.36
57.44
57.61
57.90
57.92
57.66
57.64
58.03
57.83
57.85
57.93
57.80
57.97
57.61
57.77
57.65
57.73
57.95
58.29
57.98
58.25
58.59
58.86
58.19
58.24
58.14
58.01
58.16
58.03
57.96
58.27
58.05
57.97
58.31
58.21
57.91
57.98
57.56
57.27
57.59
57.65
57.69
57.72
57.90
58.16
58.06
58.03
58.39
57.80
58.21
58.15
57.59
57.87
57.87
57.40
57.67
57.99
58.12
58.06
57.88
57.62
57.54
57.49
57.87
57.68
57.86
57.54
57.94
58.02
58.11
57.75
57.57
57.64
57.84
58.04
58.11
58.18
58.35
58.47
58.61
58.35
58.66
58.40
58.49
58.65
58.37
58.81
58.35
58.65
58.66
58.86
59.15
58.97
58.85
58.80
59.12
59.14
58.85
58.72
58.74
59.00
58.91
58.57
58.70
58.91
59.22
58.74
59.22
59.23
58.74
58.90
58.64
58.83
58.94
58.77
58.64
59.05
58.91
58.85
59.33
59.26
59.05
59.31
59.36
59.20
59.51
59.15
59.24
59.19
59.31
59.43
59.82
59.79
59.98
59.37
59.25
59.05
59.00
59.31
59.16
59.08
59.28
59.38
59.18
59.07
59.45
59.56
59.36
59.16
58.78
59.06
59.24
59.43
59.76
59.37
59.26
59.37
59.20
59.17
58.96
58.94
59.48
59.45
59.68
59.92
59.70
59.33
59.04
59.23
59.48
59.58
59.73
59.53
59.44
59.52
59.49
59.42
59.37
59.54
59.67
59.54
59.89
59.86
59.24
59.47
59.35
59.28
59.37
58.85
59.40
59.58
59.76
59.56
59.58
59.16
59.26
59.15
59.60
59.64
59.26
59.05
59.05
59.00
59.38
59.36
59.47
59.62
60.03
59.97
59.68
59.78
59.89
60.37
59.96
60.10
60.20
59.95
60.04
59.46
59.77
59.42
59.49
59.02
58.66
58.87
59.30
59.45
59.20
59.09
59.28
59.29
59.56
59.46
59.46
59.68
60.05
59.95
59.86
59.91
59.80
59.61
59.75
59.66
59.34
59.26
59.23
59.47
59.44
59.67
59.62
59.36
59.38
58.83
59.04
58.99
59.11
59.07
58.65
59.22
58.91
58.89
58.95
59.25
59.01
58.86
59.32
59.78
59.59
59.61
59.63
59.59
59.55
59.46
59.60
59.96
59.80
60.04
59.24
59.66
59.67
