0.50
0.50
0.50
0.50
0.50
0.50
0.50
0.50
0.50
0.50
0.50
0.48
0.33
0.48
0.50
0.50
0.50
0.50
0.50
0.50
0.50
0.50
0.50
0.50
0.50
0.50
0.50
0.50
0.50
0.50
0.50
0.50
0.50
0.50
0.50
0.57
0.62
0.65
0.75
0.73
0.73
0.70
0.77
0.77
0.77
0.77
0.77
0.77
0.77
0.73
0.73
0.73
0.73
0.73
0.73
0.72
0.72
0.72
0.70
0.70
0.68
0.68
0.70
0.72
0.72
0.72
0.73
0.73
0.75
0.82
0.89
0.95
0.95
0.99
1.02
1.08
1.11
1.13
1.13
1.11
1.10
1.08
1.08
1.08
1.08
1.10
1.10
1.10
1.12
1.12
1.12
1.12
1.12
1.15
1.20
1.33
1.40
1.53
1.55
1.62
1.62
1.60
1.60
1.60
1.58
1.58
1.58
1.58
1.58
1.58
1.58
1.58
1.58
1.58
1.58
1.58
1.58
1.58
1.58
1.58
1.58
1.58
1.60
1.60
1.60
1.65
1.69
1.80
1.90
2.01
2.04
2.04
2.06
2.13
2.09
2.16
2.18
2.18
2.18
2.18
2.18
2.16
2.16
2.16
2.16
2.15
2.15
2.15
2.15
2.15
2.15
2.16
2.16
2.16
2.15
2.11
2.16
2.29
2.54
2.59
2.57
2.43
2.34
2.22
2.12
2.13
2.10
2.06
2.06
2.03
2.03
2.05
2.05
2.13
2.13
2.15
2.20
2.23
2.27
2.29
2.35
2.48
2.55
2.58
2.61
2.59
2.59
2.61
2.69
2.88
2.91
2.66
2.58
2.56
2.53
2.48
2.46
2.46
2.46
2.46
2.56
2.61
2.61
2.58
2.58
2.67
2.77
2.90
2.90
2.90
2.90
2.90
2.90
2.89
2.95
2.95
2.97
2.97
3.00
3.08
3.05
3.10
3.18
3.27
3.27
3.23
3.30
3.25
3.24
3.22
3.20
3.17
3.17
3.21
3.25
3.27
3.26
3.28
3.30
3.30
3.32
3.30
3.30
3.30
3.26
3.31
3.31
3.29
3.32
3.34
3.36
3.45
3.56
3.43
3.33
3.37
3.46
3.51
3.57
3.66
3.66
3.68
3.70
3.71
3.71
3.70
3.73
3.72
3.72
3.73
3.75
3.77
3.77
3.77
3.71
3.71
3.71
3.71
3.75
3.89
3.92
3.97
3.86
3.74
3.72
3.72
3.69
3.68
3.72
3.80
3.85
3.86
3.90
3.96
3.97
3.97
3.97
3.97
4.00
3.97
4.02
4.04
4.05
4.06
4.06
4.05
4.06
4.03
4.01
4.02
4.02
3.95
3.92
3.87
3.85
3.88
3.87
3.90
3.87
3.85
3.95
4.00
3.96
4.07
4.06
4.15
4.09
4.14
4.19
4.19
4.19
4.19
4.20
4.22
4.30
4.28
4.28
4.30
4.41
4.46
4.62
4.54
4.51
4.50
4.47
4.52
4.49
4.53
4.56
4.53
4.53
4.53
4.53
4.55
4.56
4.55
4.56
4.57
4.59
4.63
4.63
4.64
4.66
4.66
4.68
4.68
4.78
4.86
4.99
4.95
4.92
4.75
4.66
4.57
4.52
4.46
4.38
4.36
4.31
4.33
4.38
4.45
4.48
4.55
4.60
4.64
4.64
4.64
4.64
4.68
4.75
4.77
4.73
4.71
4.69
4.70
4.67
4.69
4.90
5.06
5.23
5.28
5.28
5.26
5.25
5.29
5.30
5.32
5.34
5.39
5.40
5.42
5.45
5.42
5.40
5.43
5.43
5.43
5.43
5.40
5.36
5.38
5.42
5.45
5.47
5.50
5.66
5.75
5.81
5.77
5.69
5.62
5.59
5.59
5.60
5.63
5.71
5.71
5.72
5.75
5.73
5.71
5.70
5.70
5.70
5.72
5.72
5.74
5.76
5.76
5.76
5.81
5.83
5.80
5.85
5.85
5.87
6.00
6.12
6.13
6.25
6.25
6.08
5.90
5.66
5.62
5.52
5.53
5.57
5.59
5.72
5.78
5.89
6.04
6.09
6.11
6.15
6.18
6.16
6.16
6.16
6.20
6.21
6.30
6.33
6.40
6.40
6.51
6.62
6.59
6.57
6.61
6.63
6.63
6.63
6.60
6.54
6.56
6.58
6.72
6.70
6.73
6.77
6.77
6.80
6.79
6.80
6.80
6.80
6.80
6.80
6.80
6.80
6.80
6.80
6.78
6.79
6.92
6.97
7.01
7.06
7.05
6.90
6.88
6.88
6.86
6.94
6.97
6.95
7.08
7.11
7.09
7.14
7.12
7.16
7.16
7.16
7.17
7.12
7.06
7.10
7.06
7.08
7.09
7.11
7.11
7.12
7.09
7.13
7.14
7.28
7.35
7.37
7.44
7.48
7.49
7.47
7.46
7.48
7.48
7.48
7.46
7.48
7.42
7.43
7.48
7.45
7.50
7.55
7.53
7.53
7.55
7.57
7.55
7.51
7.56
7.56
7.63
7.66
7.74
7.83
7.86
7.86
7.85
7.80
7.74
7.71
7.70
7.67
7.70
7.70
7.68
7.68
7.68
7.69
7.79
7.79
7.80
7.80
7.78
7.80
7.82
7.82
7.89
7.91
7.97
7.96
7.91
7.97
7.97
8.02
8.13
8.20
8.20
8.26
8.26
8.37
8.35
8.26
8.16
8.14
7.99
7.99
7.92
7.92
7.90
7.92
7.94
7.95
8.02
8.02
8.08
8.13
8.22
8.22
8.22
8.28
8.45
8.67
8.69
8.63
8.48
8.48
8.50
8.48
8.49
8.54
8.64
8.69
8.72
8.76
8.81
8.84
8.84
8.84
8.84
8.84
8.89
8.89
8.89
8.89
8.89
8.89
8.89
8.89
8.93
8.89
8.86
8.90
8.79
8.68
8.64
8.51
8.38
8.38
8.40
8.47
8.48
8.61
8.68
8.79
8.83
8.99
9.00
8.98
9.01
9.01
9.01
8.99
9.01
9.04
9.09
9.10
9.11
9.18
9.14
9.16
9.27
9.31
9.36
9.37
9.14
9.12
8.98
8.96
8.98
9.03
9.06
9.09
9.13
9.13
9.13
9.13
9.13
9.11
9.13
9.07
9.02
9.08
9.00
9.01
9.06
9.11
9.11
9.23
9.24
9.27
9.31
9.34
9.37
9.41
9.35
9.37
9.31
9.36
9.34
9.39
9.45
9.45
9.33
9.34
9.29
9.25
9.22
9.20
9.20
9.20
9.23
9.23
9.24
9.23
9.15
9.13
9.00
8.98
9.11
8.93
8.87
8.78
8.88
8.96
9.12
9.26
9.33
9.43
9.42
9.47
9.47
9.60
9.63
9.67
9.74
9.74
9.72
9.77
9.73
9.72
9.72
9.67
9.70
9.61
9.58
9.65
9.74
9.77
9.76
9.94
9.79
9.69
9.57
9.64
9.76
9.77
9.74
9.75
9.80
9.79
9.73
9.80
9.82
9.83
9.85
9.85
9.86
9.90
9.94
9.97
9.99
9.95
9.97
9.88
9.89
9.85
9.97
10.19
10.20
10.14
10.01
10.14
10.26
10.26
10.38
10.41
10.41
10.41
10.44
10.42
10.42
10.47
10.45
10.46
10.42
10.39
10.35
10.35
10.32
10.35
10.35
10.35
10.39
10.42
10.46
10.42
10.35
10.40
10.51
10.56
10.44
10.39
10.31
10.23
10.13
9.96
10.02
10.12
10.24
10.26
10.27
10.32
10.32
10.30
10.38
10.45
10.45
10.47
10.53
10.56
10.63
10.61
10.59
10.64
10.74
10.78
10.77
10.57
10.38
10.33
10.31
10.31
10.43
10.47
10.43
10.47
10.44
10.42
10.46
10.50
10.53
10.52
10.57
10.59
10.62
10.56
10.62
10.63
10.69
10.69
10.69
10.74
10.71
10.69
10.71
10.68
10.61
10.67
10.83
10.86
10.91
10.72
10.55
10.57
10.59
10.73
10.75
10.84
10.90
10.95
10.97
11.00
10.96
11.01
11.01
11.02
11.02
10.96
10.97
10.94
10.87
10.85
10.86
10.91
10.96
11.05
10.95
10.90
10.86
10.79
10.71
10.80
10.91
11.09
11.14
11.06
11.10
11.10
11.09
11.13
11.15
11.17
11.14
11.12
11.08
11.11
11.10
11.12
11.12
11.16
11.15
11.20
11.16
11.21
11.33
11.37
11.32
11.31
11.23
11.23
11.11
11.02
10.96
10.75
10.98
11.00
11.10
11.20
11.27
11.29
11.32
11.29
11.10
11.08
11.17
11.18
11.17
11.22
11.30
11.26
11.30
11.32
11.33
11.35
11.34
11.32
11.35
11.45
11.60
11.64
11.60
11.45
11.40
11.37
11.34
11.35
11.40
11.37
11.43
11.46
11.32
11.41
11.47
11.49
11.50
11.53
11.49
11.46
11.50
11.53
11.60
11.56
11.59
11.59
11.52
11.38
11.54
11.63
11.63
11.68
11.67
11.78
11.87
11.91
12.10
12.09
12.20
12.09
12.08
12.08
12.05
12.09
12.03
12.07
12.08
12.15
12.14
12.10
12.14
12.19
12.22
12.21
12.23
12.25
12.25
12.29
12.29
12.33
12.42
12.59
12.57
12.52
12.37
12.33
12.37
12.46
12.44
12.53
12.49
12.47
12.54
12.57
12.67
12.65
12.71
12.69
12.66
12.66
12.74
12.73
12.75
12.81
12.81
12.73
12.71
12.75
12.71
12.68
12.78
12.93
12.83
12.63
12.58
12.49
12.64
12.67
12.68
12.70
12.68
12.70
12.76
12.81
12.86
12.90
12.87
12.84
12.90
12.90
12.95
12.91
12.94
12.95
12.97
12.97
12.93
12.95
12.85
12.72
12.65
12.65
12.48
12.38
12.30
12.41
12.41
12.42
12.38
12.31
12.34
12.28
12.45
12.51
12.51
12.64
12.61
12.53
12.57
12.45
12.38
12.37
12.42
12.53
12.53
12.81
12.87
12.84
12.94
12.95
12.89
12.78
12.63
12.58
12.53
12.65
12.59
12.65
12.54
12.38
12.44
12.47
12.49
12.44
12.60
12.72
12.79
12.71
12.70
12.67
12.72
12.74
12.76
12.79
12.79
12.72
12.59
12.67
12.78
12.92
13.28
13.33
13.12
12.93
12.98
13.02
13.03
13.05
13.06
12.94
12.84
12.82
12.77
12.83
12.94
12.95
12.90
12.92
12.87
13.06
13.13
13.16
13.18
13.16
13.26
13.35
13.46
13.38
13.40
13.38
13.39
13.37
13.30
13.17
13.25
13.33
13.30
13.35
13.46
13.53
13.57
13.72
13.67
13.69
13.64
13.55
13.60
13.65
13.63
13.59
13.60
13.64
13.67
13.66
13.72
13.65
13.65
13.63
13.50
13.64
13.51
13.34
13.16
13.18
13.33
13.59
13.65
13.81
13.87
13.90
13.98
13.91
13.95
13.98
14.01
14.00
14.02
13.96
14.03
13.94
13.86
13.81
13.79
13.81
13.77
13.86
13.96
13.86
13.74
13.58
13.41
13.38
13.37
13.34
13.31
13.52
13.66
13.67
13.67
13.73
13.72
13.79
13.79
13.72
13.64
13.61
13.62
13.56
13.64
13.68
13.68
13.45
13.35
13.25
13.30
13.31
13.40
13.63
13.66
13.69
13.67
13.65
13.39
13.06
13.21
13.69
13.82
13.74
13.77
13.79
13.76
13.76
13.70
13.68
13.64
13.66
13.61
13.70
13.63
13.71
13.83
13.89
13.94
14.00
13.92
13.97
13.95
13.87
13.72
13.72
13.72
13.73
13.71
13.86
13.84
13.82
13.79
13.68
13.66
13.71
13.79
13.90
14.03
14.08
14.16
14.23
14.23
14.25
14.22
14.14
14.19
14.23
14.26
14.18
14.19
14.22
14.25
14.25
14.40
14.73
14.91
14.85
14.73
14.60
14.50
14.52
14.52
14.54
14.59
14.63
14.68
14.71
14.62
14.57
14.58
14.53
14.55
14.54
14.57
14.49
14.57
14.65
14.65
14.68
14.68
14.74
14.67
14.63
14.48
14.70
14.51
14.50
14.56
14.73
14.84
14.88
14.91
14.89
15.01
15.14
15.05
15.05
15.03
15.01
15.04
15.02
15.02
15.00
15.09
15.09
15.10
15.14
15.14
15.17
15.13
15.19
15.39
15.56
15.62
15.70
15.67
15.54
15.58
15.46
15.32
15.33
15.28
15.26
15.26
15.30
15.32
15.38
15.49
15.56
15.69
15.77
15.79
15.79
15.80
15.78
15.76
15.75
15.78
15.78
15.82
15.77
15.82
15.89
15.96
15.87
15.86
15.91
15.78
15.52
15.40
15.54
15.72
15.88
15.86
15.80
15.81
15.76
15.69
15.63
15.52
15.60
15.55
15.43
15.38
15.33
15.24
15.31
15.37
15.39
15.39
15.56
15.63
15.68
15.75
15.70
15.76
15.78
15.70
15.84
16.07
16.08
16.30
16.28
16.39
16.39
16.34
16.36
16.45
16.53
16.54
16.53
16.57
16.60
16.61
16.61
16.57
16.53
16.54
16.54
16.53
16.64
16.57
16.69
16.49
16.45
16.26
16.12
16.20
16.11
16.07
16.05
16.04
15.99
16.00
15.99
15.94
16.02
16.11
16.24
16.28
16.25
16.35
16.36
16.40
16.26
16.31
16.39
16.44
16.44
16.28
16.25
16.44
16.47
16.64
16.62
16.68
16.65
16.72
16.79
16.85
16.79
16.86
16.88
16.93
16.82
16.83
16.87
16.90
16.94
16.93
17.02
17.01
17.04
16.94
16.90
16.91
16.97
17.04
17.01
17.07
17.04
16.99
16.72
16.88
16.77
16.91
17.09
17.05
17.11
17.10
17.11
17.12
17.17
17.28
17.26
17.27
17.29
17.14
17.19
17.29
17.28
17.26
17.32
17.38
17.25
17.20
17.25
17.23
17.21
17.26
17.26
17.15
16.81
16.78
16.60
16.82
16.96
17.05
17.12
17.11
17.09
17.18
17.28
17.30
17.35
17.46
17.54
17.50
17.37
17.30
17.29
17.26
17.39
17.42
17.43
17.23
17.29
17.34
17.39
17.27
17.08
17.10
16.85
16.85
16.97
17.36
17.25
17.14
17.43
17.67
17.71
17.80
17.76
17.69
17.53
17.50
17.62
17.73
17.82
17.92
17.84
17.86
17.88
17.91
18.01
17.99
18.00
18.13
18.17
18.20
18.22
18.16
18.07
17.97
17.50
17.53
17.75
17.96
18.01
18.18
18.18
18.16
18.14
18.18
18.15
18.10
18.20
18.35
18.25
18.34
18.26
18.20
18.16
18.21
18.22
18.28
18.20
18.19
18.21
18.18
18.23
18.14
18.07
18.00
17.41
17.39
17.63
17.86
17.97
18.07
18.11
18.20
18.20
18.16
18.26
18.22
18.22
18.06
18.04
17.91
17.79
17.64
17.49
17.47
17.54
17.54
17.69
17.89
18.11
18.32
18.28
18.28
18.35
18.45
18.82
18.49
17.94
18.01
18.00
18.26
18.35
18.47
18.53
18.61
18.67
18.74
18.67
18.68
18.56
18.64
18.95
18.87
18.85
18.82
18.80
18.82
18.76
18.72
18.75
18.70
18.68
18.73
18.63
18.56
18.67
18.53
18.72
18.73
18.67
18.61
18.62
18.74
18.80
18.90
18.89
18.87
18.89
18.91
18.87
18.99
18.81
18.69
18.72
18.82
18.71
18.76
18.85
19.10
18.90
19.00
18.95
18.99
19.25
19.18
18.94
18.66
18.79
18.84
18.75
18.82
18.59
18.56
18.54
18.54
18.64
18.73
18.80
18.86
18.82
18.92
18.92
18.89
18.93
18.94
18.92
18.92
18.90
18.95
18.93
18.93
18.91
18.79
18.97
18.84
18.91
19.13
19.17
19.17
19.10
19.16
19.13
19.17
19.20
19.40
19.41
19.42
19.50
19.53
19.54
19.53
19.57
19.59
19.55
19.51
19.57
19.54
19.42
19.47
19.44
19.47
19.61
19.67
19.73
19.74
19.52
19.49
19.55
19.58
19.37
19.47
19.58
19.47
19.56
19.51
19.63
19.67
19.77
19.72
19.73
19.66
19.75
19.72
19.70
19.50
19.41
19.41
19.49
19.77
19.69
19.67
19.72
19.65
19.78
19.78
19.88
19.77
19.64
19.78
19.64
19.48
19.46
19.45
19.50
19.54
19.64
19.61
19.61
19.77
19.72
19.58
19.77
19.81
19.96
20.00
20.14
20.25
20.12
20.17
20.19
20.17
20.21
20.14
20.10
20.18
19.88
19.73
19.91
20.16
20.16
20.23
19.95
19.95
20.00
20.18
20.22
20.26
20.34
20.30
20.21
20.08
20.11
20.05
20.03
19.83
19.91
20.03
20.19
20.19
20.08
20.16
20.28
20.31
20.26
20.18
20.05
19.96
19.55
19.37
19.56
19.62
19.77
19.70
19.78
19.69
19.69
19.77
19.80
19.79
19.79
19.73
19.84
19.85
19.85
19.75
19.80
19.74
19.73
19.71
19.74
19.72
19.79
19.81
19.93
20.03
19.93
19.97
19.97
19.97
20.01
20.01
20.01
20.07
19.96
20.01
19.89
19.85
19.86
19.79
19.73
19.68
19.77
19.83
19.79
19.91
19.99
20.14
20.01
19.99
19.93
19.90
19.91
20.03
20.13
20.13
20.20
20.20
19.94
19.85
20.20
20.16
20.27
20.26
20.22
20.39
20.39
20.47
20.41
20.43
20.43
20.50
20.53
20.57
20.57
20.60
20.57
20.60
20.64
20.63
20.73
20.75
20.87
20.92
20.88
20.86
20.90
20.71
20.84
20.86
20.75
20.73
20.71
20.94
21.13
21.03
21.15
21.00
21.06
21.09
21.07
21.14
21.14
21.17
21.28
21.23
21.21
21.17
21.15
21.22
21.04
21.00
20.93
20.92
21.09
21.18
21.01
20.98
21.10
21.07
21.02
20.87
20.84
20.81
20.80
20.70
20.91
20.86
20.83
20.68
20.72
20.93
20.95
21.10
21.09
21.04
21.13
21.15
21.07
21.13
21.13
21.05
21.14
21.22
21.35
21.49
21.48
21.48
21.39
21.50
21.44
21.41
21.45
21.38
21.30
21.42
21.48
21.63
21.65
21.63
21.63
21.64
21.67
21.81
21.84
21.75
21.77
21.77
21.84
21.74
21.82
21.92
21.81
21.75
21.60
21.48
21.43
21.19
21.09
20.96
21.06
21.05
21.18
21.00
21.05
20.99
20.85
20.98
20.89
20.68
20.71
20.72
20.76
20.90
20.97
21.03
21.15
21.15
21.18
21.21
21.24
21.28
21.20
21.48
21.44
21.31
21.35
21.32
21.20
21.12
20.90
20.82
20.82
20.79
21.00
21.07
21.09
21.04
21.01
21.16
21.20
21.25
21.36
21.34
21.26
21.24
21.15
21.01
21.00
20.97
21.07
21.08
21.18
21.02
21.14
21.22
21.40
21.47
21.31
21.22
21.19
21.25
21.43
21.39
21.40
21.45
21.44
21.50
21.62
21.56
21.60
21.63
21.71
21.73
21.81
21.82
21.82
21.84
21.90
21.94
21.89
21.93
21.94
22.06
22.00
22.19
22.07
21.59
21.69
21.83
21.99
22.07
22.17
22.29
22.33
22.41
22.42
22.56
22.46
22.31
22.34
22.42
22.50
22.46
22.54
22.52
22.59
22.63
22.70
22.65
22.70
22.69
22.61
22.71
22.61
22.67
22.86
22.76
22.38
22.33
22.55
22.76
22.88
22.83
22.83
22.71
22.66
22.67
22.70
22.59
22.60
22.69
22.74
22.76
22.84
22.98
23.09
23.13
23.18
23.15
23.16
23.15
23.08
23.14
23.26
23.14
22.91
22.91
22.76
22.85
22.93
23.05
23.04
23.13
23.19
23.42
23.57
23.61
23.64
23.66
23.65
23.61
23.49
23.60
23.69
23.57
23.67
23.79
23.71
23.77
23.70
23.74
23.61
23.58
23.51
23.57
23.76
23.61
23.56
23.83
23.82
23.82
23.69
23.62
23.66
23.75
23.77
23.81
23.72
23.81
23.78
23.82
23.89
23.90
23.79
23.88
23.63
23.68
23.94
23.85
23.90
23.93
23.96
23.91
23.75
23.80
23.81
23.48
23.69
23.53
23.49
23.58
23.61
23.72
23.17
22.94
23.37
23.52
23.67
23.65
23.45
23.32
23.49
23.73
24.00
24.08
24.15
24.11
23.96
23.92
23.97
23.94
24.13
24.15
24.18
24.48
24.46
24.39
24.55
24.59
24.61
24.62
24.58
24.51
24.48
24.48
24.62
24.60
24.57
24.58
24.54
24.80
24.95
24.83
24.74
24.77
24.71
24.78
24.84
25.00
24.95
24.94
25.01
24.84
24.71
24.67
24.47
24.25
24.17
24.26
24.34
24.48
24.73
24.85
24.84
24.91
24.88
24.92
24.85
24.74
24.62
24.59
24.78
24.86
24.98
24.74
24.58
24.49
24.52
24.51
24.62
24.46
24.78
24.98
25.00
25.15
25.05
25.21
25.17
25.09
24.92
24.95
25.05
25.00
25.09
25.18
25.15
25.22
25.29
25.40
25.43
25.47
25.56
25.44
25.50
25.55
25.56
25.60
25.61
25.59
25.49
25.61
25.61
25.61
25.43
25.35
25.00
24.88
24.95
24.79
24.76
24.66
24.44
24.46
24.50
24.49
24.61
24.58
24.57
24.40
24.50
24.56
24.47
24.22
24.25
24.30
24.53
24.68
24.86
24.78
24.88
24.90
24.85
24.62
24.58
24.43
24.30
24.45
24.49
24.48
24.55
24.72
24.65
24.68
24.97
25.19
25.20
25.11
25.17
25.23
25.11
25.18
25.10
25.05
24.89
24.91
25.15
25.10
25.20
25.22
25.32
25.41
25.43
25.41
25.59
25.51
25.41
25.61
25.39
25.38
25.50
25.45
25.63
25.70
25.57
25.50
25.71
25.78
25.81
25.95
25.95
25.91
25.83
25.80
25.77
25.63
25.57
25.59
25.63
25.63
25.75
25.83
25.95
25.78
25.84
25.97
25.75
25.88
25.95
25.72
25.47
25.43
25.61
25.77
25.81
25.93
26.08
26.19
26.28
26.22
26.17
26.29
26.35
26.46
26.61
26.49
26.49
26.49
26.51
26.37
26.29
26.37
26.25
26.17
26.08
26.19
25.89
25.60
25.97
26.11
26.16
26.29
26.02
25.98
26.10
26.56
26.34
26.24
26.33
26.45
26.39
26.26
26.02
25.47
25.90
25.86
25.75
25.67
25.45
25.39
25.57
25.73
25.97
26.00
25.94
26.26
25.85
25.88
26.05
25.96
25.49
25.61
25.96
26.07
26.12
26.22
26.30
26.17
26.26
26.33
26.30
26.32
26.36
26.41
26.53
26.61
26.66
26.53
26.50
26.51
26.55
26.65
26.58
26.71
26.51
26.90
26.74
26.61
26.80
26.82
26.65
26.75
26.83
26.85
26.91
27.02
26.98
27.10
27.05
27.01
27.08
27.18
27.32
27.27
27.35
27.29
27.22
27.26
27.19
27.21
27.16
27.18
27.15
26.97
26.96
27.43
27.38
26.81
26.77
26.83
26.86
27.15
27.28
27.37
27.43
27.53
27.60
27.71
27.83
27.68
27.82
27.66
27.52
27.55
27.51
27.60
27.52
27.26
27.01
26.58
26.51
26.56
26.93
27.15
27.47
27.21
26.96
26.82
26.96
27.04
27.16
27.35
27.47
27.47
27.80
27.77
27.88
27.91
27.90
27.86
27.97
28.03
28.07
27.94
27.96
28.01
28.11
28.12
28.21
28.29
28.31
28.32
28.21
28.11
28.15
28.22
27.95
27.63
27.39
27.22
26.93
26.80
26.51
26.72
27.14
27.57
27.70
27.57
27.54
27.58
27.64
27.51
27.86
28.04
27.99
27.81
27.69
27.58
27.53
27.71
27.48
27.12
26.70
27.32
27.11
27.32
27.39
27.83
27.97
28.24
28.25
28.31
28.29
28.42
28.63
28.41
28.31
28.37
28.53
28.33
28.26
28.18
28.30
28.28
28.37
28.31
28.15
28.22
28.31
28.34
28.29
28.35
28.29
28.45
28.05
27.56
27.98
27.71
27.77
27.63
26.93
25.66
26.28
27.61
27.72
27.64
27.27
27.18
27.19
27.29
27.39
27.58
27.68
27.69
27.94
27.83
27.86
27.81
27.84
27.90
27.92
28.09
28.17
28.24
28.16
27.79
27.79
27.64
27.73
27.94
28.01
28.13
28.56
28.51
28.57
28.58
28.76
28.66
28.75
28.83
28.59
28.33
28.27
28.43
28.56
28.69
28.79
28.82
28.87
28.89
28.86
29.00
29.14
29.09
29.01
28.98
28.72
28.78
28.92
28.83
28.90
28.98
29.05
28.98
29.32
29.38
29.09
29.02
29.17
29.18
29.44
29.44
29.44
29.49
29.61
29.62
29.74
29.74
29.89
29.80
29.75
29.73
29.88
30.03
29.72
29.86
29.42
29.03
29.10
28.80
29.14
29.41
29.01
29.06
29.31
29.43
29.71
29.81
29.80
29.75
29.17
28.92
29.87
29.62
29.25
29.11
29.44
29.62
29.51
29.58
29.71
29.90
29.91
29.87
29.42
29.27
29.19
29.62
29.61
29.28
29.15
29.31
29.34
29.55
29.34
29.60
29.57
29.70
29.77
29.72
29.39
29.15
28.86
29.30
29.26
29.00
29.11
29.09
29.10
29.09
28.94
29.02
29.30
29.62
29.65
29.51
29.11
28.60
28.95
29.16
29.16
29.17
29.25
29.20
29.17
29.59
29.76
29.78
29.87
29.61
29.44
29.46
29.33
29.57
29.89
29.86
29.79
29.83
29.60
29.56
29.93
30.02
30.14
30.09
29.84
29.54
29.42
29.79
29.64
29.66
29.59
29.53
29.81
29.95
30.13
30.06
30.04
30.18
29.91
29.86
30.10
30.36
30.20
30.35
30.25
30.16
30.20
30.14
30.25
30.17
30.22
30.24
30.23
30.18
30.30
30.60
30.52
30.36
30.28
30.31
30.46
30.59
30.57
30.57
30.47
30.63
30.75
30.79
30.82
30.93
30.95
30.98
31.07
31.02
31.15
31.18
31.18
31.28
31.31
31.28
31.33
31.35
31.16
31.15
31.03
30.93
31.23
31.07
30.67
30.53
30.70
30.71
30.61
30.52
30.59
30.22
30.36
30.48
30.63
30.67
30.71
30.86
30.83
30.87
30.83
30.90
31.02
31.25
31.20
31.16
31.13
31.13
31.07
30.83
30.93
30.53
30.47
30.67
30.56
30.72
30.77
30.75
31.13
30.70
30.38
30.72
30.78
30.74
30.67
29.95
30.24
30.04
30.40
30.29
30.29
30.39
30.59
30.67
30.86
30.61
30.13
29.62
30.27
31.02
31.05
30.66
29.89
30.70
30.79
30.86
30.74
29.78
29.69
30.13
30.17
30.03
29.92
29.61
29.27
29.22
29.72
29.95
29.78
30.02
30.22
30.15
29.79
29.45
29.24
29.64
29.63
29.49
29.50
29.71
29.71
30.05
30.14
30.18
30.23
30.40
30.62
30.47
30.60
30.67
30.86
31.06
31.10
31.10
31.21
31.34
31.46
31.35
31.41
31.36
31.35
31.39
31.46
31.42
31.38
31.32
31.24
31.22
31.32
31.16
31.29
31.13
31.35
31.52
31.11
31.24
31.18
31.15
31.14
31.29
31.20
31.27
31.50
31.42
31.45
31.55
31.47
31.54
31.55
31.65
31.56
31.48
31.27
31.45
31.65
31.65
31.47
31.39
31.45
31.29
31.46
31.42
31.15
31.38
31.42
31.42
31.30
31.19
31.02
31.03
30.99
31.02
31.00
31.06
31.02
31.06
30.85
31.17
31.51
31.63
31.39
31.24
31.20
31.42
31.57
31.47
31.56
31.69
31.65
31.04
30.64
30.92
30.98
31.00
31.10
31.05
31.15
30.93
30.83
30.98
31.02
30.91
30.90
30.81
30.77
30.97
30.78
30.87
30.95
31.03
30.89
30.98
31.19
31.25
31.24
31.33
31.07
31.11
31.21
31.13
31.00
30.94
30.79
30.55
30.71
30.43
30.39
30.53
30.10
30.21
30.92
30.98
30.96
30.81
30.93
30.77
30.76
30.63
30.45
30.41
30.36
30.52
30.59
30.70
30.67
30.97
30.95
30.84
30.82
30.76
30.41
30.61
30.83
30.84
30.84
30.67
30.83
30.67
30.81
30.84
30.76
30.63
30.68
30.85
29.83
30.02
30.44
30.85
31.03
30.97
31.13
31.12
31.15
31.17
30.82
30.78
30.73
30.98
31.22
31.24
31.49
31.29
31.34
31.34
31.17
31.30
31.30
31.46
31.49
31.69
31.74
31.84
31.77
31.97
31.85
31.84
31.82
31.60
31.50
31.68
31.74
31.86
31.96
32.04
32.06
32.11
32.09
32.28
32.18
31.99
32.05
31.91
31.53
31.79
32.07
32.32
32.35
32.35
32.23
32.10
31.71
31.60
31.60
31.85
31.98
31.96
32.18
32.23
32.20
32.25
32.25
32.04
31.90
32.25
32.02
32.08
32.09
32.09
32.40
32.33
32.40
32.17
32.04
32.21
32.26
32.39
32.42
32.36
32.32
32.45
32.51
32.58
32.58
32.51
32.27
32.29
32.28
32.18
32.29
32.41
32.54
32.41
32.21
32.34
32.33
32.42
32.33
32.22
32.29
32.49
32.58
32.02
32.13
32.33
32.44
32.13
31.92
32.05
32.13
32.19
32.28
32.36
32.37
32.59
32.59
32.56
32.64
32.67
32.55
32.49
32.62
32.60
32.39
32.56
32.53
32.62
32.59
32.77
32.81
32.71
32.42
31.98
32.01
32.04
32.30
32.30
32.14
32.09
31.95
32.01
32.02
31.99
32.34
32.39
32.31
32.26
32.21
32.28
32.04
32.13
32.10
32.15
32.21
32.35
32.54
32.45
32.32
32.50
32.79
32.57
32.48
32.69
32.45
32.75
32.86
32.91
32.74
32.56
32.57
32.57
32.84
32.91
32.85
32.87
32.75
32.37
32.48
32.40
32.40
32.11
32.01
32.20
32.44
32.69
32.77
32.75
32.73
32.78
33.01
33.23
33.19
32.87
32.85
32.78
32.80
32.83
33.06
33.38
33.56
33.70
33.63
33.77
33.49
33.43
33.49
33.57
33.49
33.29
33.16
33.07
32.84
32.81
32.56
32.46
32.43
32.59
33.07
33.61
33.87
33.76
33.47
33.80
33.57
33.62
33.44
33.29
33.17
33.49
33.78
33.70
33.68
33.91
33.94
33.85
33.69
33.37
33.56
33.51
33.60
33.57
33.62
33.59
33.49
33.27
33.26
33.58
33.66
33.76
33.59
33.74
33.92
33.98
33.62
33.99
33.89
33.63
33.30
33.27
33.43
33.42
33.24
33.65
33.70
33.67
33.57
33.54
33.53
33.46
33.35
33.15
33.15
33.56
33.83
33.66
33.68
33.89
33.99
33.99
34.01
34.17
34.06
33.55
33.46
33.77
34.06
33.85
33.58
33.47
33.47
33.52
33.45
33.32
33.18
33.17
33.05
33.34
32.98
32.85
32.97
33.57
33.74
33.51
33.55
33.61
33.93
34.01
33.94
33.85
33.83
33.60
33.49
33.46
33.60
34.05
34.27
34.24
34.34
34.34
34.42
34.20
34.32
34.35
34.42
34.45
34.49
34.57
34.43
34.33
34.28
34.27
34.22
34.07
33.97
34.10
34.16
34.17
34.21
34.44
34.73
34.64
34.42
34.21
34.29
34.54
34.33
34.25
34.36
34.40
34.44
34.04
34.12
34.10
33.99
33.94
34.00
33.95
34.04
34.15
33.94
33.78
33.76
33.86
34.07
34.11
34.24
34.23
34.17
34.13
34.35
34.26
34.17
34.02
34.40
34.64
34.75
34.77
34.70
34.66
34.59
34.60
34.53
34.43
34.40
34.51
34.39
34.53
34.37
34.50
34.32
34.36
34.31
34.19
34.31
34.29
34.27
34.15
34.50
34.36
34.67
34.89
34.65
34.23
34.57
34.82
34.80
34.66
34.74
34.89
34.80
34.74
34.79
34.92
35.09
35.18
35.11
35.26
35.31
35.34
35.37
35.38
35.35
35.48
35.53
35.38
35.35
35.38
35.26
35.34
35.36
35.23
35.24
35.15
35.12
34.84
34.83
35.04
35.05
35.03
34.95
34.83
34.82
34.95
35.10
35.23
34.92
34.84
34.91
34.90
34.83
34.75
34.85
35.16
35.34
35.29
35.45
35.39
35.32
35.26
35.29
35.37
35.72
35.18
35.27
35.36
35.16
35.47
35.58
35.30
36.00
36.05
35.78
35.55
35.14
35.17
35.31
35.44
35.49
35.37
35.48
35.64
35.74
35.76
35.82
35.75
35.81
35.83
35.79
35.88
35.62
35.43
35.48
35.41
35.18
35.40
35.65
35.80
35.78
35.46
35.40
35.24
35.37
35.34
35.41
35.40
35.61
35.46
35.42
35.46
35.48
35.69
35.56
35.47
35.62
35.61
35.55
35.72
35.85
35.97
35.81
36.00
35.67
35.87
36.08
36.04
36.01
36.01
36.24
36.04
36.11
36.18
36.02
35.59
35.82
36.21
36.07
36.21
36.19
36.09
36.05
36.03
35.99
36.21
36.37
36.34
36.30
36.37
36.52
36.27
36.02
36.02
35.82
35.38
35.51
35.25
35.33
35.34
35.82
35.70
35.93
35.51
35.28
35.42
35.47
35.41
35.38
35.65
35.80
35.86
35.76
35.88
36.05
36.10
36.27
36.10
36.09
36.08
36.29
36.30
36.36
35.82
35.93
36.00
35.81
35.80
36.08
36.25
36.12
35.94
35.47
35.29
35.70
35.89
35.95
36.15
35.80
35.84
36.08
35.97
35.97
35.81
35.86
35.80
35.80
36.01
36.00
36.06
36.18
36.57
35.95
35.52
35.29
35.70
35.51
35.04
35.13
35.17
35.28
35.04
35.11
35.03
35.16
35.78
35.66
35.66
35.70
35.67
35.84
35.94
35.96
35.93
35.82
35.89
35.90
36.02
36.08
35.96
35.44
35.55
35.74
35.55
35.22
35.62
35.68
35.50
35.38
35.61
36.10
35.88
35.81
35.88
36.14
36.24
36.28
36.01
35.75
35.97
36.01
35.81
35.48
35.43
35.45
35.42
35.28
35.57
35.91
36.15
36.25
36.16
36.37
36.11
35.80
35.63
35.97
35.92
35.97
36.04
35.78
35.64
35.14
35.00
35.41
35.59
35.65
35.74
35.36
35.29
35.32
35.25
35.35
35.34
35.42
35.65
35.58
35.72
35.77
36.09
36.24
36.21
36.02
35.90
35.99
35.92
35.95
35.85
35.98
35.69
35.80
36.02
36.06
36.16
36.45
36.47
36.10
35.70
36.00
36.16
36.81
36.88
36.72
36.59
36.59
36.51
36.60
36.73
36.69
36.54
36.44
36.43
36.60
36.63
36.61
36.48
36.80
36.88
36.87
36.49
36.69
36.77
36.83
36.75
36.94
36.88
37.07
37.06
36.98
36.99
36.98
37.11
37.15
37.30
37.27
37.45
37.46
37.19
37.04
37.15
37.31
37.35
36.86
36.62
35.89
36.49
36.38
36.88
37.09
36.91
37.13
37.07
37.04
36.37
36.25
36.99
37.33
37.30
37.20
37.25
37.37
37.40
37.45
37.49
37.57
37.57
37.33
37.21
36.74
36.55
36.67
37.30
37.60
37.52
37.09
37.17
37.02
37.27
37.34
37.18
37.00
37.07
37.09
37.06
37.30
37.29
37.45
37.58
37.39
37.36
37.63
37.66
37.62
37.50
37.47
37.14
37.11
37.53
37.41
37.42
37.62
37.52
37.44
37.44
37.20
37.13
37.28
37.32
37.16
37.09
37.07
37.02
37.00
37.00
37.00
37.10
37.05
37.15
37.07
37.14
37.10
37.20
36.96
36.94
36.74
36.81
37.03
37.09
37.08
37.22
37.31
37.20
37.21
37.15
37.17
37.42
37.08
37.04
36.85
37.31
37.57
37.83
37.84
37.89
38.02
37.83
37.68
37.68
37.65
37.68
37.81
38.06
38.02
38.04
37.79
37.72
37.75
38.30
38.62
38.75
38.74
38.21
37.98
37.43
37.41
37.13
37.43
37.78
37.40
37.29
37.63
37.71
37.82
37.67
37.69
38.15
38.17
38.33
38.20
38.34
38.35
38.42
38.50
38.42
38.52
38.24
38.26
38.33
38.43
38.71
38.81
38.40
38.27
38.30
38.27
38.26
38.31
38.15
38.07
38.02
38.17
38.27
38.45
38.48
38.58
38.54
38.68
38.85
38.65
38.56
38.59
38.60
38.67
38.58
38.72
38.57
38.42
38.50
38.66
38.85
39.01
38.86
38.84
38.92
38.76
38.62
38.50
38.55
38.32
38.41
38.42
38.25
38.23
38.19
38.48
38.51
38.41
38.32
38.15
38.13
38.19
38.25
38.15
38.14
38.32
38.24
38.30
38.29
38.36
38.43
38.26
38.08
37.88
38.03
37.85
37.14
37.00
36.70
36.86
37.32
37.94
37.93
37.86
37.88
37.87
38.09
38.04
37.96
37.91
38.04
37.69
37.69
37.75
37.73
37.53
37.32
37.53
37.55
37.82
38.10
37.95
38.01
37.75
37.81
37.76
37.75
37.61
37.79
37.97
38.31
38.52
38.40
38.58
38.56
38.51
38.49
38.52
38.49
38.53
38.73
38.92
38.98
39.03
38.92
38.81
38.82
38.81
38.79
38.78
38.66
38.73
39.10
38.70
38.59
38.72
38.84
38.68
38.59
38.66
38.87
38.90
38.94
39.09
39.09
39.09
39.06
39.13
39.19
39.28
39.19
39.32
39.26
39.40
39.19
39.07
39.05
38.99
39.05
39.12
39.22
39.12
39.14
39.10
39.20
39.10
38.85
38.51
39.28
39.21
38.73
38.93
38.59
38.76
38.80
38.98
38.92
38.90
38.89
38.87
38.85
38.95
38.97
39.11
39.30
39.38
39.46
39.48
39.52
39.39
39.34
39.35
39.22
39.18
39.16
38.53
38.47
38.47
38.63
38.95
38.93
38.82
38.60
38.93
38.72
38.55
38.40
38.54
38.45
38.53
38.43
38.59
38.82
38.48
38.47
38.67
38.51
38.51
38.55
38.51
38.70
38.82
38.62
38.49
38.21
38.71
38.80
38.83
38.91
38.83
38.80
38.86
38.88
38.77
38.74
38.77
38.68
38.70
38.85
39.02
38.92
39.01
38.98
39.25
39.26
39.06
38.93
39.04
39.16
39.23
39.11
38.80
38.86
38.79
38.69
38.68
38.64
38.62
38.78
39.01
38.93
39.12
39.15
38.97
38.94
39.13
39.08
39.11
39.24
39.24
39.64
39.26
39.28
39.18
39.22
39.23
39.22
39.29
39.13
38.95
38.78
38.36
38.22
38.32
38.37
38.27
38.70
38.77
38.96
38.81
38.72
38.60
38.59
38.73
38.94
38.88
38.87
39.16
39.00
39.16
39.07
39.19
39.20
39.23
39.24
39.30
39.30
39.20
39.05
38.99
38.81
39.00
39.20
39.10
38.46
38.66
38.68
38.86
39.04
39.27
39.50
39.05
38.74
38.87
39.36
39.58
39.38
39.18
39.02
39.44
39.34
39.12
38.81
39.11
39.15
39.30
39.32
39.61
39.84
39.42
39.19
38.98
38.86
38.77
38.61
38.51
38.45
38.93
38.88
39.17
39.29
39.27
39.52
39.55
39.59
39.39
39.40
39.49
39.35
39.27
39.09
39.20
39.10
39.33
39.23
39.34
39.18
39.27
39.34
39.41
39.82
39.60
39.58
39.65
39.63
39.39
39.31
39.16
39.24
39.07
38.91
39.26
39.39
39.38
39.39
39.59
39.48
39.46
39.13
39.47
39.34
39.52
39.70
39.58
39.54
39.49
39.30
39.13
39.18
39.25
39.27
39.00
39.08
38.61
38.99
39.21
39.35
39.62
39.52
39.75
39.64
39.26
39.66
39.41
39.67
39.83
39.69
39.63
39.91
39.63
40.04
40.10
40.20
40.34
40.17
40.21
40.29
40.36
40.32
40.12
40.12
39.90
39.87
39.23
38.64
39.36
39.66
39.29
39.06
39.25
39.28
39.60
39.93
40.09
40.04
40.39
40.54
40.55
40.31
40.11
39.92
39.95
39.78
40.00
39.97
39.85
39.79
39.85
40.00
40.05
40.37
40.21
39.91
39.88
40.19
40.11
40.01
40.17
40.13
40.26
39.89
39.76
39.84
39.94
39.78
39.38
39.57
39.72
39.89
40.00
40.12
40.05
40.10
40.26
40.56
40.49
40.02
39.94
40.34
40.42
40.54
40.30
40.00
39.51
40.14
40.22
40.34
40.12
39.94
40.06
40.23
40.45
40.18
40.33
40.48
40.48
40.67
40.68
40.68
40.32
40.22
40.43
40.73
40.71
40.63
40.77
40.85
40.76
40.82
41.09
41.31
41.30
41.22
41.01
40.72
40.63
40.40
40.26
40.35
40.44
40.51
39.74
39.88
40.53
40.81
40.67
40.79
40.78
40.95
40.72
40.92
40.81
40.95
41.12
41.20
41.32
41.04
41.38
41.35
41.62
41.52
41.44
41.33
40.98
40.41
40.04
40.40
41.16
41.46
41.03
40.84
41.10
40.92
40.96
41.08
41.18
41.59
41.49
41.39
41.18
41.26
41.39
41.67
41.53
41.26
41.30
41.59
41.73
41.86
41.81
41.48
41.28
41.12
40.42
40.51
40.87
40.61
40.45
40.59
40.61
40.71
40.92
41.04
40.94
41.16
41.14
41.22
41.39
41.37
41.49
41.53
41.50
41.73
41.72
42.02
41.87
42.05
42.08
42.00
41.82
41.37
41.61
41.28
40.87
40.38
40.57
41.17
41.26
41.31
41.07
41.16
40.86
40.96
41.01
41.18
41.53
41.56
41.60
41.63
41.83
41.78
41.96
41.83
41.80
41.94
41.79
41.83
41.50
41.34
41.13
41.24
41.16
41.06
41.04
41.20
41.47
41.47
41.59
41.81
42.00
42.17
42.15
42.40
42.29
42.29
42.35
42.37
42.38
42.41
42.34
42.43
42.38
42.42
42.28
42.23
42.25
42.48
42.32
42.51
42.34
42.31
42.01
42.04
42.23
42.45
42.20
42.33
42.43
42.37
41.95
41.87
42.02
42.05
42.01
42.21
42.07
41.97
42.22
42.16
42.04
41.94
41.72
41.59
41.32
41.19
41.49
41.44
42.10
42.26
42.35
42.73
42.30
42.10
41.39
41.44
41.81
41.74
41.75
41.80
41.90
41.85
41.83
41.78
41.49
41.71
41.47
41.81
42.16
42.09
42.19
42.07
42.04
42.17
42.13
41.90
42.29
42.39
42.61
42.42
41.90
41.90
41.87
42.24
42.08
42.37
42.43
42.63
42.31
42.42
42.78
42.60
42.56
42.73
42.26
42.13
41.85
41.94
42.41
42.20
42.08
42.01
42.19
42.05
42.04
41.73
41.89
41.86
41.85
41.92
42.06
42.68
42.76
42.43
41.58
41.31
41.66
41.62
41.37
41.72
42.10
42.01
41.69
41.39
41.58
41.75
41.73
41.76
41.82
41.86
42.38
42.40
42.71
42.73
42.82
42.75
42.34
41.73
42.11
42.63
42.69
42.64
42.77
42.73
43.03
42.66
42.77
42.87
43.17
42.90
43.04
42.88
42.65
42.44
42.63
42.96
43.02
43.01
43.06
43.02
43.16
43.15
43.12
43.02
43.04
43.25
43.11
43.20
43.11
43.30
43.23
43.06
43.44
42.95
42.90
42.81
42.78
42.47
42.41
42.77
43.05
42.83
42.83
42.75
43.15
43.05
43.24
43.35
43.56
43.62
43.47
43.66
43.54
43.65
43.64
43.58
43.46
43.46
43.61
43.52
43.61
43.72
43.48
43.23
42.93
43.16
43.18
43.55
43.21
43.17
42.92
43.43
43.74
43.81
43.62
43.76
44.05
44.01
43.48
43.40
43.81
43.61
43.88
43.80
43.73
43.80
43.80
43.67
43.71
43.96
43.80
43.98
43.84
43.83
43.65
43.79
44.07
43.99
44.02
44.20
44.46
44.49
44.54
44.54
44.40
44.45
44.43
44.19
44.37
44.46
44.42
44.27
44.16
44.42
44.48
44.19
44.31
44.52
44.28
44.31
44.78
44.86
44.58
44.77
44.31
43.89
43.99
44.42
44.69
44.92
44.31
43.87
44.18
44.32
44.22
44.43
44.31
44.52
44.63
44.59
44.53
44.77
44.98
45.03
44.94
44.59
44.38
44.61
44.79
44.92
44.82
44.83
44.64
44.52
44.19
44.07
44.25
44.28
43.89
43.56
43.38
43.51
43.70
43.90
43.92
43.98
44.06
44.09
44.16
44.19
44.68
44.88
44.62
44.72
44.98
44.91
44.97
44.64
44.58
44.68
45.09
45.24
44.80
45.05
44.73
45.04
45.06
45.34
45.08
45.03
44.98
45.18
45.33
45.31
45.33
45.43
45.25
44.87
44.81
45.23
45.30
45.61
45.43
44.98
45.10
45.00
45.29
44.47
44.01
44.98
44.63
45.15
45.80
45.48
45.27
45.22
45.37
45.42
45.41
45.26
45.09
45.50
45.32
45.45
45.36
44.97
44.81
45.24
45.21
45.37
45.70
45.48
45.48
45.65
45.66
45.51
45.38
45.33
44.99
44.54
44.53
44.83
45.02
44.88
44.16
43.49
43.35
43.73
44.00
43.89
44.03
43.74
43.86
43.60
43.46
43.99
44.75
44.73
44.56
44.47
44.26
44.02
44.07
44.06
44.15
43.98
44.29
44.43
44.28
44.30
44.69
44.99
45.17
44.92
44.51
44.14
43.87
44.27
44.32
44.14
43.85
44.04
43.78
44.02
44.40
44.52
44.56
44.68
44.47
44.63
44.61
44.74
44.79
44.58
44.22
43.75
44.13
44.48
44.75
44.80
44.47
44.81
44.91
44.53
44.83
45.09
44.78
44.69
44.59
44.94
44.63
44.33
44.30
44.16
44.18
43.95
43.76
44.50
44.65
44.67
44.54
44.29
44.29
44.52
44.52
44.49
44.31
44.45
44.41
44.71
44.73
44.84
44.77
44.95
45.06
45.10
45.15
45.20
45.06
45.03
44.50
44.55
44.75
45.00
44.82
44.91
44.85
44.77
44.78
44.86
45.23
45.28
45.65
45.68
45.55
45.31
45.31
45.69
45.93
45.97
46.14
46.08
46.04
45.77
45.39
45.28
45.34
45.33
45.18
45.40
45.80
45.82
45.42
45.74
45.75
45.80
45.62
45.67
45.69
45.73
45.75
45.45
45.60
45.73
45.80
45.72
45.55
45.53
45.59
45.32
45.06
44.61
45.03
45.02
44.33
44.22
44.51
44.51
44.37
44.51
44.85
44.95
45.01
45.12
45.24
45.20
45.62
45.97
45.71
45.34
45.33
45.28
44.93
44.88
44.77
45.09
45.32
45.24
45.28
45.37
45.63
45.39
45.67
45.44
45.29
45.57
45.28
45.94
45.55
45.50
45.47
45.61
45.52
45.42
45.30
46.06
46.24
46.22
46.17
46.30
46.50
46.26
45.83
46.28
46.38
46.34
46.40
46.43
46.28
46.40
46.47
46.00
46.16
46.31
46.30
46.20
46.32
46.59
46.57
46.44
46.49
46.60
46.81
46.73
46.94
46.98
46.81
46.38
46.70
46.68
46.77
46.44
46.39
46.06
45.89
46.07
46.07
46.44
46.65
46.80
46.73
46.70
46.61
46.89
46.74
46.59
46.76
46.68
46.67
47.07
47.31
47.07
47.31
47.14
46.98
47.07
46.31
46.54
47.13
46.92
47.01
47.17
47.06
47.09
46.99
46.77
46.88
47.20
47.49
47.47
47.45
47.47
47.56
47.19
46.95
46.39
46.04
46.21
46.54
46.92
47.06
47.27
47.08
47.19
47.31
47.37
47.18
46.97
47.03
46.99
46.69
46.60
46.92
46.88
47.03
46.94
47.04
47.09
47.26
47.22
47.30
47.54
46.84
46.56
46.08
45.78
46.00
46.39
46.59
46.50
46.54
46.14
45.95
46.88
46.82
46.95
47.02
46.85
46.84
47.16
47.34
47.22
47.31
47.35
47.03
47.06
46.94
46.98
46.82
46.60
46.67
46.61
46.52
46.74
46.39
46.64
46.90
46.85
46.76
46.87
46.85
46.88
46.93
46.84
46.92
47.12
46.96
47.15
47.29
47.24
47.09
47.15
47.02
46.94
46.98
47.18
47.38
47.27
47.53
47.69
47.87
47.96
47.51
46.92
46.92
46.63
46.65
46.72
46.79
46.83
47.03
47.08
46.84
46.87
47.03
47.16
47.35
47.45
47.55
47.51
47.74
47.87
47.84
47.99
47.94
47.84
47.91
48.03
47.99
47.86
47.77
47.57
47.54
47.66
47.47
47.57
47.79
47.85
48.18
48.27
48.15
47.84
47.82
47.81
47.93
47.82
48.18
48.19
47.89
48.03
47.41
47.71
47.86
47.64
47.93
47.99
48.03
47.98
47.86
47.89
47.77
48.22
48.10
48.24
48.00
47.79
47.89
47.88
47.87
47.73
47.98
48.12
48.13
48.14
48.41
48.40
48.65
48.06
48.26
48.19
48.23
48.15
47.86
47.77
47.67
47.65
47.74
47.85
47.85
47.80
47.87
47.95
48.08
48.20
48.36
48.29
48.21
48.34
48.47
48.43
48.54
48.88
48.87
48.67
48.69
48.58
48.86
48.81
48.58
48.54
48.69
48.82
48.60
48.65
48.70
48.65
48.76
48.75
48.61
48.74
48.94
49.13
48.78
48.70
48.81
48.53
48.55
48.48
48.55
48.76
48.57
48.68
48.73
48.84
49.13
48.99
49.16
49.39
48.90
48.73
48.61
48.67
48.76
48.57
48.56
48.78
49.05
48.89
48.92
49.01
49.07
49.00
49.23
49.14
48.69
48.91
48.76
48.62
48.79
48.75
48.50
48.58
48.77
48.92
48.97
49.28
49.40
49.46
49.51
49.42
49.60
49.39
49.42
49.31
49.38
49.55
49.58
49.69
49.62
49.60
49.17
49.36
49.39
49.24
49.38
49.35
49.46
49.62
49.65
49.89
49.80
49.77
49.56
49.85
50.07
50.17
49.93
49.87
49.83
49.79
49.98
50.04
49.94
50.12
50.28
50.24
50.21
50.28
50.53
50.59
50.17
49.87
49.62
49.07
48.73
48.37
48.32
48.50
48.44
48.07
48.38
48.33
48.52
48.51
48.42
48.69
48.62
48.83
48.77
48.94
48.79
48.80
48.68
47.87
48.44
48.94
49.09
49.20
49.13
48.81
48.95
48.78
49.17
48.94
49.14
48.69
48.92
49.21
49.37
49.68
49.79
49.96
50.07
50.28
50.14
49.92
49.59
49.98
49.96
49.52
49.73
49.69
49.61
49.73
49.92
50.04
49.88
50.05
49.48
49.55
49.29
49.71
50.08
50.18
50.14
50.09
50.10
50.11
49.96
50.16
50.16
50.07
49.80
49.68
50.10
50.48
50.51
50.36
49.93
49.84
49.77
49.88
49.96
50.06
50.16
50.32
50.46
50.54
50.65
50.66
50.53
50.28
49.90
49.74
50.20
50.21
50.02
50.02
50.00
50.05
50.10
49.90
49.92
49.78
49.99
50.15
49.63
49.55
50.15
50.78
50.63
50.72
50.73
50.73
50.77
50.84
50.75
50.70
50.85
50.84
50.71
50.46
50.45
50.19
50.50
50.55
50.68
50.73
50.87
50.49
50.35
50.26
50.06
50.17
50.39
50.26
50.32
50.42
50.07
50.07
50.19
50.44
50.35
50.38
50.41
50.49
50.37
50.47
50.58
50.97
50.91
51.12
51.17
51.01
50.95
51.09
51.05
51.26
51.13
51.26
51.07
50.93
51.05
50.92
51.05
51.04
51.12
51.11
51.23
51.25
51.31
51.18
51.15
51.58
51.65
51.48
51.39
51.17
51.12
51.03
50.89
50.93
50.52
50.78
50.75
50.87
50.92
50.95
50.97
50.81
50.74
50.34
50.36
50.43
50.66
50.69
50.64
50.77
50.57
50.94
51.23
51.28
51.18
51.11
50.94
50.44
50.40
50.42
50.25
50.22
50.23
50.59
50.64
50.33
50.04
50.43
50.87
50.79
50.70
50.41
50.17
50.32
50.56
50.61
50.63
50.50
50.75
50.79
50.63
50.98
51.01
50.53
50.78
50.99
51.11
51.30
51.28
51.39
