0.50
0.50
0.50
0.50
0.50
0.50
0.50
0.50
0.50
0.55
0.75
0.90
1.12
1.50
1.70
1.78
1.89
1.87
2.01
2.08
2.18
2.27
2.50
2.62
2.84
3.14
3.45
3.84
4.05
4.33
4.53
4.94
5.32
5.67
5.76
5.94
6.09
6.21
6.38
6.45
6.40
6.42
6.59
6.63
6.62
6.72
6.89
7.08
7.09
7.25
7.28
7.14
7.19
7.22
7.26
7.41
7.62
7.96
8.22
8.44
8.69
9.00
9.05
9.12
9.17
9.14
9.24
9.38
9.40
9.60
9.65
9.63
9.85
10.16
10.18
10.26
10.32
10.44
10.74
10.91
11.00
10.85
10.97
11.05
10.98
10.91
10.95
10.87
10.75
10.68
10.66
10.58
10.52
10.59
10.55
10.60
10.69
10.58
10.49
10.47
10.46
10.72
10.62
10.75
10.72
10.78
10.73
10.63
10.70
10.77
10.95
11.07
11.10
11.20
11.19
11.26
11.41
11.61
11.58
11.92
12.08
12.21
12.08
12.13
12.34
12.42
12.75
12.92
13.08
13.11
13.07
12.98
13.03
12.91
12.81
12.95
13.03
12.69
12.58
12.59
12.59
12.62
12.87
13.04
13.05
13.16
13.19
13.20
13.54
13.71
13.76
13.83
13.93
14.15
14.44
14.94
14.84
14.74
14.91
14.93
15.03
15.01
14.98
15.12
15.06
15.05
15.11
15.26
15.26
15.12
14.98
14.99
15.12
15.11
15.00
14.84
14.90
14.94
15.15
15.21
15.28
15.23
15.47
15.45
15.57
15.57
15.72
15.74
15.66
15.77
15.83
15.95
16.06
16.06
16.03
16.18
16.30
16.27
16.18
16.26
16.04
15.88
15.64
15.74
15.71
15.62
15.81
16.12
16.40
16.59
16.69
16.84
16.81
16.82
16.80
16.82
16.83
17.11
17.08
17.08
17.28
17.46
17.78
17.88
17.79
17.60
17.18
16.96
17.12
17.27
17.65
17.76
17.85
17.80
17.79
17.83
17.71
17.44
17.49
17.49
17.83
18.12
18.12
18.45
18.63
18.85
18.72
18.75
18.74
18.69
18.74
18.71
18.48
18.39
18.31
18.30
18.52
18.77
19.09
19.04
19.00
18.92
18.91
18.99
19.13
19.24
19.43
19.51
19.72
19.81
20.06
20.29
20.39
20.54
20.61
20.76
20.95
20.64
20.79
20.50
20.29
20.26
20.49
20.67
20.76
20.70
20.74
20.58
20.62
20.71
20.77
20.68
20.71
20.71
20.81
21.07
21.08
21.12
21.01
21.01
21.17
21.18
21.07
21.07
21.01
21.12
21.14
21.12
21.22
21.34
21.33
21.57
21.53
21.56
21.71
21.45
21.78
22.03
22.15
22.43
22.26
22.05
22.32
22.49
22.37
22.42
22.54
22.52
22.35
22.13
21.82
21.80
21.79
22.20
22.41
22.36
22.46
22.48
22.38
22.33
22.63
22.78
23.08
23.31
23.14
23.12
23.26
23.57
23.68
23.68
23.74
23.76
23.45
23.53
23.37
23.38
23.24
23.30
23.59
23.86
23.77
23.88
24.09
23.96
23.86
23.78
23.71
23.82
23.77
23.82
24.02
24.25
24.36
24.49
24.12
24.02
23.89
23.87
23.62
23.67
23.54
23.68
23.61
23.34
23.44
23.80
24.03
24.17
24.54
24.65
24.86
24.80
25.05
25.04
25.05
24.95
24.66
24.46
24.38
24.58
24.67
24.71
24.95
24.99
25.14
25.22
25.29
25.36
25.07
25.32
25.20
25.59
25.46
25.15
25.01
25.02
25.17
25.24
25.57
25.33
25.47
25.72
25.38
25.42
25.43
25.00
25.11
25.10
25.46
25.48
25.65
25.52
25.79
25.87
25.92
26.00
26.06
25.95
25.94
25.85
25.64
25.83
25.67
25.72
25.88
25.80
26.21
26.21
26.11
26.39
26.55
26.72
26.59
26.55
26.96
27.00
27.18
26.80
26.63
26.84
27.08
27.28
27.22
27.01
27.09
26.98
27.17
27.41
27.49
27.24
27.38
27.74
27.89
27.84
27.60
27.65
27.35
27.30
27.20
27.27
27.67
27.88
27.56
27.54
27.43
27.20
27.37
27.54
28.01
28.02
28.07
28.31
28.29
27.97
27.76
27.68
27.33
27.37
27.39
27.40
27.73
27.76
27.59
27.79
27.97
27.93
28.32
28.07
28.17
28.24
28.57
28.29
28.15
28.20
28.37
28.54
28.98
28.95
29.13
28.92
28.33
28.90
29.04
29.03
28.76
28.58
28.64
28.91
28.74
28.87
28.75
28.69
29.00
29.05
29.67
29.76
29.92
29.79
29.78
29.47
29.10
29.42
29.28
29.34
29.41
29.66
29.86
29.82
30.17
30.22
30.18
30.01
30.06
30.11
30.03
29.86
29.75
29.63
29.53
29.40
30.08
29.65
29.70
29.63
29.82
30.25
30.32
30.74
30.52
30.28
30.12
30.32
30.62
30.77
30.57
30.00
30.05
30.08
29.98
29.98
30.16
30.35
30.56
30.76
30.74
30.89
30.63
30.64
30.76
30.57
30.33
30.58
30.85
30.96
31.14
31.01
30.86
30.54
30.69
30.40
30.56
30.54
30.67
30.28
31.34
31.23
31.64
31.43
31.41
31.32
31.21
31.14
30.88
31.32
31.11
30.48
30.54
31.23
30.90
30.79
30.88
31.11
31.13
31.38
30.45
29.88
29.74
30.20
30.50
30.84
31.12
31.15
31.21
31.30
31.26
30.98
30.88
31.30
31.16
31.31
31.44
31.05
31.31
31.84
32.11
32.36
32.15
31.74
31.76
31.90
31.93
31.90
31.46
31.67
31.62
31.46
31.17
30.93
30.84
31.08
31.37
31.63
31.91
32.01
31.72
31.41
30.94
30.62
30.28
30.52
30.59
31.14
31.29
31.82
31.60
31.96
31.78
32.20
32.65
32.81
32.85
32.80
32.38
32.44
32.28
32.35
32.01
32.08
32.20
32.16
31.97
31.92
31.83
31.60
31.68
31.93
31.98
31.71
31.60
31.39
31.95
32.22
32.49
32.50
32.37
32.22
32.19
31.85
32.22
32.50
32.80
32.72
32.13
31.96
32.38
32.92
32.89
32.92
32.81
32.88
32.84
33.12
33.33
33.58
33.68
34.07
33.63
33.32
32.74
32.84
32.75
32.50
32.68
32.24
32.48
32.28
32.27
32.30
31.97
31.54
31.86
32.04
31.33
32.53
32.93
33.14
33.41
33.65
33.62
33.82
33.91
33.54
33.53
33.65
33.57
33.50
33.97
33.43
33.26
33.75
33.84
33.39
33.57
32.37
32.12
32.50
32.92
32.47
32.29
32.37
31.76
32.51
32.02
31.86
32.15
31.09
32.30
31.30
31.48
31.51
31.80
31.61
32.47
32.11
32.45
32.31
31.88
32.31
32.68
32.59
32.35
31.83
32.07
32.06
32.37
32.79
32.09
32.13
32.98
33.12
33.38
33.79
33.79
33.72
33.17
33.82
33.48
33.71
33.73
33.80
33.75
33.74
33.54
32.87
32.85
32.52
32.61
33.10
33.28
33.37
33.65
33.73
33.19
32.84
32.64
32.51
32.62
32.65
32.88
33.24
33.91
34.07
34.70
35.28
35.43
35.19
35.02
34.87
34.20
35.16
34.54
35.06
35.06
34.89
35.06
34.97
35.35
35.06
34.98
34.75
34.85
35.07
35.07
35.18
35.50
34.88
35.24
35.16
35.05
34.94
35.26
35.14
35.29
35.39
34.98
35.21
35.48
35.20
34.78
34.79
35.00
34.92
35.31
34.25
35.18
35.48
35.51
35.30
35.28
35.60
36.05
36.27
35.52
36.06
35.45
35.40
35.61
35.07
35.48
35.17
35.07
35.44
35.09
34.35
34.84
34.87
35.04
35.30
35.12
34.80
35.21
35.16
35.53
35.04
34.25
34.70
34.47
34.59
35.44
35.48
35.31
35.39
34.65
34.90
34.75
34.61
34.92
34.83
34.78
35.21
35.58
35.66
35.46
35.07
35.28
34.90
35.16
35.27
35.32
35.30
35.76
35.57
35.41
34.91
34.72
34.02
34.15
34.61
34.83
34.43
34.06
34.28
34.24
33.90
34.68
35.38
35.08
35.26
35.73
35.81
36.01
35.95
35.99
36.36
36.04
35.55
35.53
35.52
35.24
35.05
35.43
35.79
35.60
35.60
36.16
36.10
35.79
35.73
36.56
35.97
35.54
35.11
35.17
36.13
35.59
35.20
35.21
35.57
35.88
36.09
35.83
35.43
35.50
35.46
35.62
35.43
34.68
35.22
35.52
35.52
35.86
36.42
36.19
36.33
36.16
36.22
36.00
35.35
35.62
35.96
36.19
36.36
36.18
35.88
36.50
36.62
35.76
35.06
35.97
35.69
35.45
35.42
35.43
35.94
36.08
35.79
36.03
35.99
36.19
36.53
36.14
35.69
35.40
35.95
35.94
36.13
36.82
36.79
36.69
36.98
37.16
36.74
37.13
37.33
37.34
37.07
36.87
37.23
37.28
37.00
37.07
37.00
36.98
36.71
36.54
37.07
37.28
36.97
36.82
36.22
36.47
35.70
35.17
35.84
36.52
36.82
36.06
35.76
36.67
36.61
36.52
36.15
37.09
36.55
36.81
36.51
36.64
36.71
36.98
37.27
36.71
37.58
37.43
37.12
37.25
37.23
37.48
37.86
37.64
37.87
37.34
37.25
37.03
36.65
37.14
36.65
36.53
36.78
36.54
36.72
37.22
37.27
37.71
37.96
37.91
37.55
36.81
37.58
37.66
38.10
37.71
38.49
38.36
38.06
37.63
37.98
38.11
38.15
38.02
38.33
38.24
37.99
38.03
38.13
38.33
38.47
38.03
38.18
37.62
38.02
38.00
37.93
38.13
38.28
38.05
38.18
38.56
38.51
39.13
38.76
38.21
37.95
37.46
37.58
38.05
38.20
38.67
38.69
38.53
38.36
38.11
38.12
38.23
38.37
38.15
38.25
38.72
39.15
39.24
39.52
39.59
39.39
39.64
39.84
39.76
39.28
39.09
39.27
38.58
38.47
38.79
38.72
38.02
38.52
38.86
38.10
37.99
37.90
38.29
37.95
38.51
38.83
38.12
37.78
37.82
37.78
38.20
38.33
38.44
38.51
38.74
38.90
38.37
38.49
39.03
38.26
38.20
38.41
37.71
38.23
38.50
39.29
39.40
39.34
39.41
38.87
38.84
38.95
38.98
39.22
38.61
38.37
38.80
38.45
39.00
39.02
39.40
40.12
39.92
39.49
38.87
39.68
39.51
40.01
40.04
39.90
39.15
39.34
38.96
39.31
39.09
38.98
38.97
39.29
39.70
39.72
39.69
39.78
40.40
40.15
40.24
40.57
40.83
40.70
40.76
41.43
40.88
40.76
40.90
40.44
40.70
41.07
41.42
41.02
40.84
40.86
40.45
40.48
40.27
39.62
39.36
39.17
39.62
39.61
40.17
40.13
40.08
40.17
40.58
40.64
40.06
40.09
40.39
40.89
41.03
40.64
40.98
41.01
41.00
40.89
41.09
40.96
40.49
40.60
39.94
40.15
40.33
40.18
40.34
40.42
40.66
41.03
41.19
41.56
41.67
41.38
41.65
41.34
41.17
41.27
41.27
40.68
41.14
41.29
41.48
41.62
41.83
41.91
42.03
42.09
41.86
42.07
42.24
42.57
42.20
42.55
42.26
42.00
42.05
41.94
41.81
41.98
41.81
41.22
42.11
41.58
40.96
41.34
41.33
41.56
40.86
40.87
41.47
41.33
41.51
41.34
40.89
40.42
40.58
40.80
41.12
41.57
41.43
41.01
41.13
40.87
41.38
41.74
42.08
41.63
42.00
42.00
42.02
42.36
42.46
42.78
42.74
42.23
42.24
42.35
42.50
42.67
42.79
42.64
42.70
42.87
42.62
42.14
42.43
43.08
42.69
43.18
43.29
42.43
41.99
41.54
41.51
41.63
41.63
41.49
41.82
42.00
42.03
41.99
42.00
41.94
42.29
42.51
42.57
42.95
42.64
42.81
42.09
41.80
42.30
42.42
42.02
41.90
42.34
41.37
41.95
42.05
42.46
42.67
42.70
42.58
42.71
43.02
42.43
41.86
41.96
42.29
42.45
42.18
42.39
42.53
43.18
43.17
43.46
42.95
43.48
43.07
43.63
43.44
43.54
43.67
43.42
43.60
43.33
43.57
43.48
43.67
44.27
43.72
43.96
44.43
44.43
44.53
44.76
44.76
44.57
44.72
44.73
44.76
44.22
43.98
44.05
44.57
44.42
44.61
44.56
43.56
43.88
44.05
44.13
43.08
43.17
43.34
43.46
43.49
43.54
43.90
43.65
43.67
44.16
44.42
44.31
43.90
43.80
43.65
43.98
44.19
44.32
44.72
44.79
44.61
45.11
44.38
43.97
44.14
44.72
45.12
45.23
45.03
45.06
45.13
45.12
44.93
44.88
44.39
44.35
44.55
44.34
44.67
44.58
44.10
43.93
44.58
44.68
44.76
44.32
44.66
45.07
44.88
44.83
44.20
45.00
44.61
44.30
44.38
44.23
44.70
44.59
44.50
44.57
44.74
44.25
44.22
44.32
44.32
44.55
44.78
44.61
44.48
44.36
44.59
43.69
43.73
44.54
45.11
44.70
44.77
44.97
44.82
44.94
44.64
44.83
45.02
44.42
44.96
45.09
44.45
44.33
44.35
44.53
44.76
45.06
44.46
45.02
45.38
45.20
44.83
45.32
44.78
44.73
44.97
44.77
44.86
44.02
44.00
44.56
44.62
44.21
44.37
44.54
44.33
45.04
45.02
45.40
45.17
45.22
45.51
45.98
45.26
45.47
45.35
45.74
45.93
45.75
45.50
45.52
45.38
45.33
45.26
45.22
45.11
44.95
44.70
44.52
44.82
45.24
45.43
45.55
45.88
45.73
45.93
45.85
45.42
45.46
45.38
45.73
45.69
45.78
45.92
45.77
46.01
46.15
46.04
46.27
45.82
46.32
46.18
46.29
46.33
46.39
45.67
45.94
45.66
45.53
46.06
45.68
45.60
45.26
45.85
46.09
45.43
45.54
45.69
45.92
46.26
46.33
46.90
46.73
46.98
46.91
46.76
46.02
45.59
46.27
46.19
46.06
45.85
46.08
46.65
46.06
45.94
46.04
46.52
46.51
46.42
46.52
46.41
46.24
46.65
45.89
45.66
46.44
46.40
46.47
46.56
46.73
47.20
46.60
46.34
46.14
45.68
45.60
45.51
46.32
46.37
46.65
46.39
45.71
46.25
45.83
46.12
46.29
46.34
45.83
45.86
46.35
46.17
46.32
46.28
46.90
47.00
47.07
47.16
47.38
47.01
47.06
46.84
46.84
46.67
46.84
47.32
47.07
46.67
46.61
46.52
46.76
46.34
46.77
47.08
47.29
47.13
46.97
46.70
46.80
46.42
46.26
46.34
46.48
46.76
47.09
47.09
46.97
47.42
47.01
46.89
47.07
47.02
47.02
47.01
47.07
47.12
47.28
47.00
47.11
47.39
47.44
47.49
47.81
47.73
47.62
47.73
47.56
47.72
47.33
47.44
47.47
47.78
47.94
48.18
48.44
48.93
47.72
47.21
47.46
47.64
47.55
47.44
47.79
47.66
48.07
47.78
48.14
47.46
47.50
47.83
48.07
47.97
47.83
48.07
47.55
47.17
47.44
47.84
48.10
48.07
47.65
47.87
47.67
47.42
46.91
47.25
47.19
47.49
47.51
47.23
47.53
48.12
48.27
48.55
48.88
48.52
48.71
48.73
48.85
48.43
48.12
48.21
47.77
48.54
48.36
48.64
49.11
49.21
49.65
49.90
49.22
49.29
49.00
49.12
49.19
49.12
49.25
49.40
49.36
49.16
48.81
48.70
48.39
48.55
48.30
48.23
48.59
48.65
48.89
48.40
48.94
49.26
48.51
49.03
48.97
48.35
48.46
48.27
48.28
48.68
49.01
48.22
48.74
48.52
49.05
49.02
48.89
48.94
48.76
49.15
48.33
48.75
48.78
48.69
48.35
48.51
49.01
49.16
48.84
48.83
48.58
48.56
49.01
49.06
48.90
48.48
48.61
49.02
48.41
48.62
48.36
48.57
48.66
48.65
48.50
48.69
48.82
49.21
49.28
49.52
49.21
49.26
49.38
49.59
50.14
50.07
49.96
49.95
49.77
49.94
49.63
49.44
49.34
48.95
49.27
49.17
49.61
49.47
49.09
49.84
49.96
49.70
49.70
49.34
49.33
49.15
48.83
48.97
48.68
49.53
49.83
49.70
50.20
49.98
50.07
50.11
50.00
50.03
50.37
50.32
50.46
50.51
50.40
49.94
50.26
50.05
50.36
50.63
50.30
50.02
50.21
50.42
49.68
49.37
49.81
49.61
49.84
50.00
50.07
49.58
50.46
50.66
50.72
50.86
50.53
50.56
50.39
50.72
50.59
50.45
50.74
50.72
50.57
50.45
50.56
50.24
50.17
50.35
50.79
50.42
50.84
50.07
49.71
49.79
50.25
50.08
50.19
50.67
51.23
51.35
50.87
51.09
50.47
50.78
50.43
50.86
51.42
51.76
51.49
51.54
51.17
51.25
51.36
51.12
51.38
51.18
51.58
51.48
51.27
51.32
51.71
51.91
51.58
51.89
51.88
51.37
51.60
51.81
51.43
50.87
51.04
51.25
51.02
50.62
50.47
51.24
51.58
51.33
51.21
51.36
51.35
51.57
51.79
51.51
51.73
51.37
51.42
51.57
51.27
50.99
51.45
51.13
50.90
51.11
50.90
50.99
51.06
51.22
51.43
51.51
51.65
50.86
51.38
51.09
50.59
50.46
50.80
51.11
51.32
51.16
51.17
51.25
50.67
51.32
51.43
51.49
51.40
51.11
51.30
51.65
51.58
51.41
51.29
51.04
50.91
50.61
50.39
50.04
50.36
50.42
50.62
50.56
51.13
51.04
50.91
51.02
50.94
50.83
50.75
50.84
50.81
50.31
51.12
51.25
51.59
51.06
50.97
51.09
51.28
51.22
51.55
51.22
51.71
51.92
51.28
51.52
51.43
51.42
51.40
51.39
51.53
51.48
51.61
51.47
51.17
51.08
52.25
51.97
52.01
52.25
52.09
51.99
52.14
51.84
52.10
52.36
52.00
51.95
52.35
52.08
52.49
52.53
52.53
52.27
52.35
51.99
52.47
52.76
52.39
52.24
52.25
52.14
52.14
52.51
52.75
52.50
52.43
52.47
52.37
52.67
52.50
52.69
52.21
52.11
51.17
51.49
51.43
52.08
51.24
51.26
51.63
51.50
51.60
52.27
51.78
52.32
52.77
52.34
52.28
52.51
53.12
52.61
53.06
53.14
52.85
52.46
52.54
52.69
52.44
52.59
52.73
52.86
52.57
52.84
52.87
52.32
52.67
52.47
52.30
52.75
52.68
52.63
52.99
52.87
52.68
52.75
52.70
53.08
52.94
52.68
52.93
53.01
52.44
52.52
52.34
52.61
52.58
52.43
52.00
51.65
51.78
52.04
52.58
52.37
52.40
52.72
52.49
52.57
52.25
52.26
52.03
52.80
52.82
52.62
52.21
52.77
52.75
52.72
52.93
52.84
53.29
52.79
53.05
52.67
52.48
52.71
52.18
52.51
52.52
52.74
52.82
52.66
52.61
52.58
52.42
52.24
52.04
52.14
52.49
52.51
52.71
52.44
52.60
52.98
52.55
52.85
52.68
52.66
52.81
52.30
52.28
52.81
52.97
53.06
52.93
53.05
53.45
53.25
53.42
53.16
53.12
53.35
53.62
53.76
53.54
52.82
52.80
52.99
53.15
52.46
52.35
52.21
52.17
52.24
52.53
52.69
52.94
52.87
52.97
53.10
52.93
52.78
52.90
52.91
53.17
52.40
53.24
52.89
53.66
53.71
53.49
53.44
52.91
52.88
53.19
53.26
53.69
53.92
53.68
53.55
53.72
53.32
52.79
53.35
53.71
53.71
53.78
54.01
54.02
54.06
54.30
54.09
54.18
54.09
54.17
53.95
54.02
53.70
53.75
54.18
54.35
54.42
54.48
54.72
53.92
53.62
53.76
54.29
53.99
53.49
53.43
53.38
53.60
53.76
53.65
53.86
53.83
53.82
54.43
53.53
53.73
53.90
53.86
53.84
53.95
54.32
54.46
54.28
54.66
54.71
54.78
54.43
54.83
54.41
53.96
54.05
54.58
54.13
54.73
54.85
54.45
54.37
53.97
54.13
53.81
53.90
54.37
54.38
54.29
54.52
55.07
54.97
54.68
55.05
54.82
55.14
54.76
54.91
54.92
54.93
55.05
54.77
54.91
55.06
54.89
54.72
54.75
54.62
55.28
55.26
54.58
54.27
54.04
54.44
54.73
55.04
54.98
55.03
54.91
54.54
54.61
54.39
54.38
54.59
55.01
54.51
54.30
54.11
54.22
54.62
54.62
54.49
54.50
54.11
54.09
53.79
54.10
54.31
54.74
53.97
54.09
54.30
53.94
53.77
53.87
54.19
53.87
53.36
54.01
54.19
54.29
54.33
54.22
53.58
54.21
54.21
54.19
53.90
53.90
53.75
53.88
53.76
53.80
53.89
53.90
54.27
54.01
54.19
53.98
54.53
53.67
54.16
54.63
54.15
54.08
54.22
53.95
54.07
54.10
53.88
54.04
54.29
54.08
54.24
54.12
54.22
54.16
53.95
53.72
53.34
53.60
53.32
53.71
54.02
53.58
53.45
53.63
53.80
53.98
54.04
53.77
53.93
54.04
54.47
54.84
54.82
54.33
54.60
54.87
54.72
54.61
54.94
55.26
55.27
55.24
55.58
55.21
55.31
55.04
55.50
55.36
55.15
55.33
55.31
55.52
55.52
55.46
54.76
55.20
54.79
54.51
55.08
55.26
55.28
55.63
55.40
55.02
55.28
54.94
55.33
55.38
55.26
55.02
55.19
55.60
55.25
55.32
55.38
55.10
55.19
55.67
55.16
54.46
54.85
55.02
54.76
55.25
55.51
55.10
55.47
55.34
55.55
55.71
55.62
55.31
55.38
55.17
55.65
55.58
55.75
55.82
56.04
55.95
55.86
55.62
55.38
55.12
55.38
55.49
54.91
55.56
55.29
55.47
55.60
55.64
55.31
55.50
55.92
55.86
56.17
56.07
55.96
55.40
55.62
55.92
55.66
54.85
55.20
55.43
55.43
55.59
55.51
55.05
55.43
55.04
54.66
54.81
54.78
54.39
54.66
54.64
55.11
55.07
55.34
55.09
55.41
55.90
55.29
55.34
55.16
55.57
55.43
55.13
55.57
55.21
55.03
54.97
54.70
55.12
55.06
55.00
55.07
55.29
55.34
55.25
55.45
55.37
55.57
55.52
55.31
55.42
55.40
55.48
55.15
54.87
55.15
55.32
55.68
55.81
55.92
55.45
55.42
55.44
55.25
55.31
54.92
55.07
55.29
55.57
55.31
55.53
55.35
55.44
55.53
55.65
55.96
55.89
55.95
55.76
56.03
56.11
55.86
55.87
55.83
56.05
56.09
56.12
55.90
56.04
56.24
56.14
55.87
55.70
56.22
55.86
56.05
56.02
55.76
56.18
56.31
55.73
56.23
56.25
56.37
56.38
56.19
55.98
55.83
55.85
55.53
56.22
56.32
56.31
56.24
55.94
55.70
55.62
55.66
55.44
55.61
55.82
55.69
55.57
56.21
56.17
56.08
56.25
55.85
56.12
55.84
56.47
56.30
55.78
55.65
55.82
56.07
56.00
56.35
56.49
56.41
56.38
56.64
56.21
55.91
55.60
55.71
55.67
56.08
55.96
56.17
56.15
56.40
56.06
56.24
55.87
56.35
56.27
56.44
56.44
56.15
56.21
56.74
56.70
56.45
56.39
56.59
56.24
56.45
55.78
56.31
56.37
55.91
55.89
55.77
55.73
55.91
55.96
56.34
56.31
56.13
56.29
56.86
56.87
56.74
57.06
57.33
57.32
57.04
57.26
57.58
57.38
56.94
57.06
56.64
56.99
57.11
57.07
56.74
56.87
56.97
57.35
57.60
57.06
56.90
57.66
57.19
56.99
57.31
56.88
57.38
57.12
56.99
57.32
57.26
57.28
57.43
57.48
57.12
57.12
57.41
56.99
56.44
56.23
56.33
56.73
56.64
56.71
56.97
56.72
56.93
56.98
56.98
57.07
56.89
56.19
56.22
56.37
56.54
56.92
57.02
57.37
56.97
56.99
57.10
57.23
57.38
57.26
57.42
57.11
56.86
56.92
57.36
57.71
57.68
57.69
57.06
57.47
57.36
57.18
57.23
57.09
57.12
57.04
56.54
56.48
56.43
56.62
56.78
57.34
57.23
57.04
56.84
57.09
56.66
56.94
57.27
56.95
57.20
57.25
56.85
57.40
57.69
57.69
57.26
57.43
57.60
57.57
57.20
57.41
56.84
56.98
57.21
57.46
57.43
57.34
57.94
58.28
57.91
57.96
57.82
57.65
57.61
57.84
57.75
57.02
57.13
57.35
57.19
57.52
57.63
57.69
57.49
57.68
57.62
57.81
57.78
57.63
57.91
57.77
57.67
58.02
57.98
58.57
58.27
58.34
58.17
57.91
57.74
57.73
58.15
58.07
58.45
58.55
58.76
58.76
58.84
58.97
58.96
58.95
58.70
58.83
58.01
57.78
57.94
57.66
58.06
57.99
57.54
57.27
57.56
57.00
57.11
57.49
57.85
57.79
58.02
58.26
58.22
58.16
58.00
58.17
58.21
58.37
58.53
58.26
57.77
57.78
58.18
58.40
57.96
58.01
57.91
58.33
58.36
57.94
57.99
57.70
57.65
57.77
58.28
58.16
58.59
58.38
58.58
58.36
58.02
57.71
57.72
57.42
57.35
57.04
57.22
57.43
57.59
57.52
57.21
57.10
56.42
56.57
56.94
57.20
57.28
57.58
57.72
57.71
57.74
57.94
57.86
57.65
57.60
57.96
57.90
57.49
57.98
57.83
57.50
58.15
57.90
57.79
57.12
57.16
57.80
57.26
57.66
57.82
57.90
57.76
58.33
58.04
58.15
57.81
57.72
58.00
57.49
57.85
57.92
57.84
57.34
57.98
58.14
57.75
57.63
57.66
57.71
57.43
57.49
57.73
57.65
57.66
57.31
57.72
58.05
57.63
57.46
57.82
57.95
58.10
58.49
58.28
58.08
58.39
58.88
58.72
58.50
58.54
58.52
58.49
58.84
58.58
58.61
58.44
58.25
58.66
58.69
58.33
58.13
58.04
57.96
58.16
58.08
57.97
57.40
57.32
57.07
56.78
57.27
56.76
57.15
57.60
57.47
57.94
58.13
58.56
57.70
58.19
57.86
57.98
58.15
57.65
57.81
57.92
57.47
58.21
58.56
58.49
58.56
58.58
58.23
58.30
58.36
58.05
58.42
58.25
58.33
58.99
58.88
58.85
58.99
58.93
58.63
58.40
58.52
58.46
58.62
58.44
58.46
58.21
58.58
58.96
59.16
59.35
59.28
58.96
58.63
58.67
58.81
59.20
58.97
59.10
58.82
58.86
58.95
59.02
58.52
58.13
58.54
58.77
58.87
58.82
58.81
58.14
58.26
57.90
58.38
58.90
59.00
58.73
58.67
58.79
58.78
58.41
58.17
58.31
58.27
58.36
58.29
58.04
58.54
58.34
57.97
58.31
58.03
57.52
58.23
58.22
58.19
58.16
58.41
58.43
58.59
58.75
58.64
58.56
58.87
58.50
58.74
58.35
58.27
58.70
59.06
58.53
58.69
58.57
59.08
59.08
58.79
58.82
58.18
58.61
58.28
58.42
58.68
58.99
58.97
59.36
59.31
59.79
59.69
59.44
58.93
58.88
59.02
58.67
58.73
59.07
59.16
58.84
58.83
58.33
58.48
58.78
58.92
58.71
58.54
58.41
58.64
59.03
59.19
58.95
58.48
58.85
58.66
58.45
58.23
58.35
58.54
58.52
58.54
58.69
58.56
58.87
58.79
58.69
59.14
58.81
58.82
59.01
59.08
59.12
58.86
59.20
59.19
59.30
59.40
59.44
59.39
59.26
59.16
59.33
59.21
59.45
59.54
59.65
59.49
59.67
59.76
59.10
58.76
59.24
59.43
59.83
59.65
59.56
59.29
59.04
59.26
59.29
59.31
59.69
59.64
59.63
59.81
60.31
60.09
60.25
59.79
59.50
59.51
59.46
59.79
59.25
59.19
59.31
59.51
59.55
59.37
59.55
59.29
59.38
59.79
59.40
59.43
59.78
59.66
59.52
59.61
59.42
59.28
59.59
59.54
59.57
59.45
59.26
59.50
59.75
59.80
59.50
58.99
58.88
59.05
59.04
59.22
59.07
59.61
59.65
59.77
59.32
59.48
59.60
59.74
59.34
59.65
59.87
59.69
59.94
59.82
59.67
59.65
59.71
59.47
59.85
59.73
60.09
60.12
59.73
59.56
59.55
59.99
60.13
60.04
59.96
59.78
59.40
59.69
59.79
59.55
59.90
59.92
59.46
59.18
59.45
59.66
59.67
59.47
58.97
59.35
59.02
59.05
59.48
59.59
59.41
59.08
59.00
59.14
58.84
59.42
59.20
59.89
59.56
59.59
59.40
59.47
59.45
59.11
59.48
59.86
59.84
59.24
59.62
59.67
59.56
59.80
59.93
60.04
59.93
59.85
59.77
59.95
59.54
59.44
59.33
59.48
59.30
59.21
59.22
59.40
58.95
59.07
59.04
59.02
59.52
59.44
59.58
59.69
59.60
58.87
58.75
58.89
58.97
59.00
59.50
59.50
59.24
59.35
59.40
59.24
59.62
59.34
59.11
59.40
58.84
59.08
58.93
59.28
59.14
59.68
59.35
59.32
59.23
58.73
58.58
58.89
58.97
58.94
59.15
59.23
58.70
59.02
59.28
59.17
58.90
58.98
59.14
59.02
59.27
58.89
59.41
59.20
59.38
58.94
59.15
58.95
59.63
59.28
59.10
59.02
58.89
58.93
58.95
59.37
59.32
59.39
59.51
59.61
59.49
59.88
59.69
59.88
59.64
59.73
59.85
59.89
60.02
60.39
60.36
60.04
60.32
59.77
59.75
60.16
60.02
60.27
59.89
59.81
59.93
60.06
60.25
59.98
59.91
59.64
59.65
59.74
59.42
59.58
59.92
60.02
60.01
60.22
60.15
59.67
59.72
59.34
59.29
59.43
59.20
59.06
59.83
59.70
59.75
59.98
59.82
59.79
59.79
59.99
60.26
60.41
60.43
60.67
60.66
60.44
60.92
60.87
60.62
60.54
60.48
60.22
60.43
60.56
60.59
60.39
60.59
60.22
60.24
60.33
60.41
60.25
60.47
60.82
60.74
60.52
60.23
60.51
60.39
60.51
60.68
60.76
60.75
60.72
61.01
60.67
60.52
60.70
60.29
60.04
59.89
59.87
59.23
59.10
59.07
59.54
59.31
59.57
59.50
59.58
59.63
59.55
59.41
59.46
59.15
59.28
59.70
59.85
60.27
60.40
60.06
60.15
59.80
59.87
59.29
59.52
59.54
59.87
59.59
59.74
59.93
60.31
59.74
59.72
59.83
59.75
60.06
59.95
60.01
60.09
59.99
60.57
60.54
60.57
60.41
60.38
60.23
60.59
60.46
60.23
60.07
60.21
60.17
60.32
59.92
59.82
60.04
60.10
59.75
59.68
60.09
59.73
60.29
60.53
60.39
60.46
60.63
60.71
60.70
60.43
60.01
60.57
60.23
59.81
59.68
59.95
60.28
59.99
59.98
59.98
60.11
60.25
60.38
60.42
60.48
59.95
60.06
60.28
60.48
60.67
60.79
60.59
60.52
60.25
60.39
60.52
60.45
60.37
60.17
60.27
60.03
60.34
60.07
59.86
60.05
60.25
60.31
60.23
59.94
60.20
60.27
60.34
60.28
59.87
60.05
59.75
60.04
60.24
60.18
60.14
60.37
60.39
60.20
59.65
59.96
59.74
60.00
59.97
60.13
60.31
59.79
59.93
60.16
60.37
60.18
60.70
60.80
60.86
60.89
60.75
60.78
60.35
60.41
60.17
60.21
60.17
60.30
60.24
59.99
59.96
59.68
59.80
59.91
59.92
60.19
60.52
60.67
60.39
60.67
60.81
60.45
60.45
60.53
60.44
60.26
60.39
60.29
59.96
60.24
60.42
60.43
60.39
60.16
60.12
60.27
60.27
60.68
60.39
60.64
60.78
60.82
60.98
60.86
60.67
60.85
60.56
60.78
60.75
61.21
61.14
61.28
60.91
60.78
60.47
60.47
60.64
60.58
60.58
60.40
60.46
60.32
60.78
60.83
60.59
60.70
60.86
61.03
61.16
61.09
61.23
61.07
60.80
60.58
60.79
60.55
61.18
60.76
60.86
60.85
60.42
60.55
61.20
61.04
60.96
61.08
60.90
60.74
61.01
61.09
61.32
61.35
61.82
61.93
61.56
61.09
61.27
61.47
61.50
62.00
62.07
61.99
62.00
61.96
61.98
61.75
61.74
61.50
61.40
61.27
61.39
61.26
61.28
61.23
61.63
61.43
61.52
61.58
61.92
61.79
61.78
61.59
61.65
61.83
61.67
61.43
61.27
61.15
61.38
61.47
61.46
61.46
61.77
61.86
61.39
61.31
61.81
61.62
61.44
60.85
61.02
60.88
61.10
60.68
60.85
60.67
61.00
60.80
61.05
60.76
61.23
61.45
60.98
60.98
61.11
61.10
61.05
61.08
61.42
61.28
61.19
60.95
60.63
60.69
60.48
60.15
60.33
60.51
61.10
60.94
60.82
60.71
60.43
60.76
61.12
61.09
61.00
60.91
61.09
61.14
61.41
61.21
61.48
61.26
61.48
61.16
61.19
61.06
61.26
61.01
61.19
60.91
61.06
60.96
61.32
60.86
61.01
61.28
61.32
61.31
61.13
60.85
60.17
60.47
60.48
60.48
60.66
60.44
60.91
60.41
60.72
60.74
60.81
60.55
60.80
60.62
60.90
60.86
60.63
60.70
60.93
60.75
60.58
60.93
61.06
60.63
61.23
61.66
61.27
61.19
61.06
61.35
61.14
61.09
61.10
61.10
60.89
60.82
60.74
60.88
61.09
61.00
61.46
61.37
61.15
61.72
61.74
61.37
61.39
61.55
61.51
61.41
61.39
61.27
61.11
61.18
61.44
61.65
61.40
61.38
60.80
60.79
60.99
61.50
61.50
61.63
61.59
61.22
61.53
61.72
61.81
61.99
61.96
61.59
61.36
61.79
61.84
62.17
62.13
62.06
61.94
62.23
62.05
61.80
61.97
61.66
61.95
61.13
61.39
61.36
61.30
61.35
61.37
61.57
61.56
61.26
61.67
61.79
61.85
61.95
61.60
61.59
61.67
61.49
61.31
61.58
61.88
61.70
61.39
61.46
61.34
61.25
61.58
61.09
60.78
60.88
61.10
61.27
61.02
60.60
60.58
60.79
60.98
61.62
61.12
61.62
61.28
61.54
61.70
61.20
61.31
61.19
61.60
61.75
61.42
61.39
61.29
61.32
61.23
61.09
61.21
61.31
61.24
61.73
62.15
61.93
62.07
61.90
61.69
61.53
61.41
61.91
61.73
61.78
61.86
61.72
61.76
61.77
61.69
61.81
61.95
61.77
61.90
61.89
62.25
62.31
62.37
62.03
61.97
62.02
62.01
61.79
61.83
61.70
61.45
62.06
61.73
61.85
61.76
61.80
61.49
62.08
62.25
62.11
61.99
61.62
61.85
61.97
61.76
61.84
61.69
61.57
61.55
61.47
61.57
61.49
61.78
61.54
61.95
61.44
61.56
61.72
61.24
61.63
61.85
61.82
61.89
61.66
61.19
60.83
60.96
60.54
61.03
61.27
61.23
61.12
61.27
61.16
61.09
60.98
61.55
61.50
61.14
61.39
61.18
61.26
61.21
61.24
61.20
61.33
61.32
61.44
61.65
61.79
62.05
61.70
61.81
61.43
61.11
60.95
60.90
60.95
61.14
61.22
61.02
61.23
61.00
61.09
61.23
61.33
61.45
61.36
61.74
61.99
62.03
61.86
61.86
61.83
61.71
61.79
61.53
61.79
61.88
62.22
62.22
62.16
61.84
62.01
61.79
62.10
61.77
61.87
61.86
61.97
61.88
61.72
61.92
61.82
61.80
61.60
61.68
61.28
61.90
61.91
61.90
61.90
62.06
62.44
62.13
61.83
61.97
62.04
62.24
62.23
62.14
62.30
62.36
62.40
62.43
62.21
62.15
62.11
62.19
61.60
61.71
61.87
61.54
61.58
61.85
61.59
61.73
61.86
62.18
62.03
62.10
62.12
62.05
61.89
61.52
61.83
61.96
61.99
61.85
61.85
61.87
61.69
61.86
61.90
61.98
61.38
61.07
61.11
61.53
61.83
62.02
61.26
61.66
61.57
61.39
61.51
61.28
61.72
61.76
61.76
61.99
61.56
61.67
61.67
61.67
61.65
61.98
61.80
61.27
61.51
61.31
61.37
61.66
61.67
61.66
61.91
62.12
62.09
61.98
62.17
62.36
61.68
62.37
62.31
62.26
62.10
62.08
61.89
62.38
62.16
62.37
62.58
62.61
62.64
62.65
62.38
62.01
62.15
62.17
62.23
62.62
62.39
61.98
61.97
62.33
62.06
62.45
62.09
62.08
61.85
61.81
61.62
61.31
61.75
61.74
61.57
61.79
61.94
62.27
61.82
62.04
62.53
62.62
62.07
61.98
62.01
62.33
62.53
62.08
62.01
61.97
61.81
61.74
61.41
61.80
61.63
61.90
61.58
61.17
61.77
61.53
62.33
62.62
62.74
62.57
62.38
62.34
62.55
62.57
62.55
62.42
62.15
61.91
62.15
62.25
62.07
62.23
62.05
62.12
62.04
62.24
62.09
62.07
62.20
62.16
61.88
61.79
61.88
61.82
61.84
62.23
62.36
62.18
62.16
62.05
61.81
61.87
61.85
61.97
61.85
61.96
61.66
61.69
61.53
61.68
61.96
61.73
62.21
61.84
61.88
61.94
62.22
61.82
61.86
61.96
61.78
61.88
61.55
61.65
61.93
61.51
61.35
61.62
61.75
61.68
62.09
61.88
62.06
62.03
61.90
62.03
61.98
62.22
62.12
61.87
61.98
62.10
61.65
61.97
61.94
62.09
62.04
62.19
62.30
62.39
62.40
62.54
62.38
62.35
62.00
62.13
62.33
62.24
61.97
62.52
62.16
62.23
62.36
62.60
62.37
62.46
62.06
62.29
62.33
62.20
62.22
62.18
62.09
61.89
61.81
61.85
62.27
61.74
61.99
62.13
62.31
62.52
62.18
62.43
62.44
62.54
62.26
62.12
62.32
62.55
62.37
62.20
62.38
61.83
62.20
62.27
62.43
62.64
62.76
62.35
62.09
62.42
62.16
62.27
62.18
62.46
62.33
62.25
62.36
62.33
62.26
62.43
62.06
62.09
62.05
61.94
62.13
62.26
62.48
62.25
62.24
62.95
62.32
62.69
62.85
62.71
62.79
62.84
62.92
63.24
62.96
63.12
63.27
63.62
63.44
63.62
63.32
63.01
63.04
63.10
62.96
63.07
63.09
63.31
63.14
62.71
63.06
62.74
63.07
63.05
63.13
63.23
63.29
63.19
63.39
63.00
63.02
63.10
63.07
62.91
63.28
63.57
63.67
63.37
63.25
63.35
63.13
63.07
63.16
62.92
62.91
62.73
62.86
62.79
62.92
62.80
62.64
62.73
62.57
62.84
62.80
62.93
62.85
62.75
62.51
62.64
62.90
62.65
62.64
62.77
62.80
62.68
62.59
63.09
62.67
63.12
62.88
62.56
62.32
62.12
62.67
62.73
62.44
62.36
62.25
62.49
62.57
62.40
62.57
62.59
62.70
62.74
62.98
62.82
63.21
63.23
63.02
63.08
62.80
62.63
62.75
62.66
62.63
62.80
62.79
62.79
62.56
62.53
63.06
62.91
63.37
62.92
63.00
62.92
63.19
62.78
62.87
62.83
62.66
62.53
62.67
62.98
62.67
62.70
62.39
62.33
62.89
62.74
63.03
63.15
63.33
63.11
63.09
62.73
62.84
62.79
62.66
62.46
62.77
62.96
63.10
62.92
63.25
63.25
63.25
63.64
63.56
63.26
63.06
63.11
63.23
63.28
63.26
63.24
63.24
63.00
63.05
63.14
62.95
62.96
62.98
63.09
62.84
62.83
63.30
63.44
63.34
63.39
63.83
63.72
63.66
63.51
63.44
63.42
63.40
63.61
63.51
63.40
63.26
63.17
63.03
63.12
63.54
63.02
63.20
62.98
63.00
63.19
62.91
62.75
62.71
62.87
62.56
62.42
62.66
62.76
62.93
62.96
62.80
62.46
62.56
62.63
62.61
62.82
63.03
63.24
63.19
63.37
63.21
62.88
63.13
62.83
63.03
62.42
62.38
62.48
62.50
62.37
62.58
62.92
62.72
62.96
63.33
63.21
63.12
63.31
63.08
63.13
63.06
63.18
62.84
63.07
63.13
62.51
62.80
63.12
63.07
63.20
63.40
63.51
63.74
63.57
63.36
63.23
63.50
63.57
63.67
63.76
63.40
62.94
63.05
63.61
63.67
63.48
63.87
63.65
63.67
63.89
63.66
63.57
63.79
63.93
63.62
63.55
63.49
63.28
63.44
63.87
63.46
63.58
63.55
63.88
63.93
63.77
63.98
63.58
63.33
63.36
63.43
63.71
63.72
63.82
63.69
63.60
63.75
64.29
64.06
63.64
63.23
63.27
63.19
63.15
63.52
63.68
63.77
63.80
63.91
63.87
63.77
63.29
63.60
63.75
63.66
63.68
63.33
63.06
62.85
63.05
63.28
63.07
63.09
63.22
63.52
63.63
63.68
63.54
63.32
63.18
63.32
63.12
63.36
63.83
63.57
63.45
63.52
63.59
63.80
64.07
64.21
64.13
64.02
63.79
64.00
63.92
63.78
64.02
63.74
63.74
63.40
63.50
63.48
63.67
63.57
63.55
63.67
63.41
63.41
63.60
63.60
63.37
63.82
63.88
63.36
63.27
63.53
63.56
63.97
63.82
63.66
64.06
64.07
63.98
63.95
63.72
64.11
63.58
63.76
63.88
63.34
63.41
63.55
63.68
63.44
63.77
63.45
63.62
63.69
63.53
63.28
63.17
63.01
62.90
63.15
63.14
63.30
63.34
63.18
63.07
63.42
63.30
63.10
63.17
62.72
62.94
62.73
62.48
62.99
62.59
62.60
62.95
62.77
62.94
62.81
63.04
63.07
62.83
62.98
62.56
62.57
62.31
62.42
62.83
63.13
62.97
62.72
62.86
62.91
62.82
63.09
62.80
63.00
62.92
63.06
63.15
63.20
63.37
63.20
62.67
62.59
62.69
62.79
62.95
62.94
62.44
62.11
62.02
62.21
62.49
62.32
62.46
62.39
62.49
62.53
62.52
62.82
62.67
62.83
63.06
62.83
63.02
63.20
62.90
63.02
63.04
62.82
63.10
63.21
63.04
63.27
63.37
63.15
63.45
63.35
63.31
63.14
62.82
62.65
62.39
62.53
62.24
62.29
62.19
62.26
62.47
62.65
63.11
63.22
63.23
63.52
63.28
62.97
63.02
63.38
63.30
63.21
63.43
63.67
63.67
63.59
63.29
63.74
63.66
63.69
63.47
63.56
63.46
63.48
63.15
63.36
63.32
62.93
63.16
63.12
63.46
63.31
63.32
63.27
63.36
63.73
63.74
63.66
63.82
63.81
63.87
63.74
63.94
63.74
63.65
63.20
63.59
63.57
63.77
63.75
63.97
63.68
63.64
63.99
64.18
64.19
64.46
64.00
64.27
64.29
64.42
64.36
64.01
63.62
64.03
63.56
64.08
64.22
64.45
63.99
64.24
64.11
63.80
63.65
64.01
63.87
63.96
64.18
63.35
63.36
63.73
63.57
63.61
63.78
64.06
63.97
63.95
63.98
63.99
63.76
63.82
63.74
63.66
63.63
63.69
63.54
63.48
63.43
63.44
63.36
63.60
63.66
63.30
63.33
63.50
63.57
63.18
63.26
63.24
63.39
63.53
63.63
63.71
63.64
63.91
63.81
63.72
63.58
63.81
63.47
63.39
63.13
63.37
63.44
63.39
63.51
63.71
63.62
63.75
63.73
63.91
63.65
64.13
63.93
64.26
64.34
64.38
64.32
64.28
64.31
64.25
63.86
63.81
63.66
63.64
63.69
64.00
63.98
64.44
64.35
64.35
64.72
64.71
64.53
64.67
64.69
64.75
64.54
64.39
64.16
64.13
64.39
64.08
64.46
64.73
64.56
64.22
64.31
64.35
63.99
63.63
63.33
63.45
63.95
63.77
63.52
63.64
63.20
63.37
63.41
63.66
63.75
64.06
64.10
64.24
64.02
63.64
63.35
63.67
63.89
63.64
63.87
63.90
63.79
63.66
63.83
63.96
63.84
63.87
63.62
63.84
63.85
63.56
63.66
63.60
63.73
63.53
63.80
63.57
63.64
63.66
63.95
64.03
63.98
64.34
64.43
64.18
64.26
64.53
64.24
64.24
64.20
64.03
63.90
63.72
63.85
64.17
64.03
64.09
64.35
64.50
64.35
64.21
64.17
63.94
64.00
63.94
64.01
64.00
64.11
64.03
63.88
63.94
63.82
63.77
64.02
63.91
64.00
63.84
64.03
63.63
63.52
63.04
63.13
63.29
63.38
63.42
64.03
63.99
64.05
63.92
63.77
63.79
63.82
64.02
63.56
63.71
63.78
64.02
64.15
64.22
64.20
63.90
64.16
64.25
63.86
63.40
63.44
63.65
63.81
64.08
63.96
63.89
64.16
64.41
64.46
64.52
64.37
64.03
64.31
63.90
64.28
64.32
63.98
64.27
64.10
63.77
63.77
63.87
64.20
64.24
64.16
64.14
63.96
63.93
63.87
64.46
64.45
64.24
64.38
64.40
64.34
64.37
64.54
64.41
64.46
64.25
63.93
63.84
64.01
64.36
64.16
64.35
64.11
64.22
64.34
64.23
64.62
64.73
64.57
64.64
64.43
64.48
64.29
64.08
64.21
64.25
64.35
64.19
64.63
64.66
64.38
64.57
64.22
64.79
64.61
64.53
64.68
64.75
64.77
64.70
64.62
64.81
64.62
64.85
64.70
64.80
64.81
64.63
64.37
64.45
64.44
64.32
64.31
64.36
64.32
64.38
64.21
64.14
63.97
64.14
64.31
64.35
64.16
64.15
64.36
64.58
64.45
64.43
64.77
64.72
64.63
64.49
64.54
64.63
64.47
64.79
64.58
64.55
64.57
64.16
64.19
64.07
64.16
63.79
63.82
64.00
63.74
63.74
64.07
63.99
63.54
64.14
63.93
63.79
63.72
63.96
63.91
64.03
64.01
63.92
64.09
64.43
64.17
64.26
64.21
64.25
64.10
64.34
64.06
64.42
64.53
64.63
64.75
64.89
64.99
64.86
64.54
64.68
64.50
64.89
64.43
64.65
64.71
64.51
64.76
64.81
64.63
64.40
64.73
64.83
64.77
64.69
64.70
64.80
64.49
64.71
64.51
64.36
64.53
64.55
64.73
64.90
64.59
65.09
64.88
64.92
64.67
64.53
64.55
64.85
64.57
64.07
63.88
63.80
63.90
63.44
63.32
63.62
63.50
64.04
64.27
63.99
64.03
64.15
64.25
63.89
63.71
63.67
63.99
64.04
63.67
63.74
64.09
64.45
64.16
64.11
63.91
64.16
63.93
64.37
64.08
63.95
63.91
63.91
64.07
64.09
64.09
64.22
64.17
63.93
64.15
64.22
63.87
63.84
64.25
64.12
64.13
63.97
64.37
64.19
64.43
64.35
64.47
64.80
64.65
64.51
64.48
64.15
64.21
64.19
64.56
64.64
64.77
64.86
64.75
64.80
64.32
64.11
64.18
63.90
63.77
63.68
63.57
63.52
63.63
63.91
63.78
63.41
63.62
63.41
63.33
63.42
63.70
63.91
64.16
63.85
63.63
63.77
63.80
64.07
64.31
64.23
64.31
64.64
64.56
64.37
64.24
63.93
64.12
64.07
64.43
64.10
63.84
63.86
64.05
64.17
64.32
64.51
64.10
63.78
64.09
63.90
64.05
63.76
64.07
64.30
64.22
63.83
63.69
63.59
63.41
63.70
63.83
63.78
63.85
63.63
63.72
64.21
64.24
64.10
64.11
64.24
64.33
64.01
63.63
63.35
63.59
63.90
63.81
63.79
63.92
64.15
63.89
63.81
63.85
64.03
63.89
64.45
64.16
64.10
64.48
64.66
64.62
64.60
64.82
64.53
64.30
64.49
64.29
64.49
64.59
64.14
64.44
64.44
64.09
64.06
64.16
64.22
64.30
64.07
64.25
64.03
64.10
64.17
64.06
64.16
64.07
64.29
64.38
64.62
64.51
64.41
64.47
64.71
64.67
64.46
64.59
64.57
64.81
64.72
64.53
64.64
64.82
64.62
64.46
64.82
65.01
64.91
65.23
65.16
64.92
64.47
64.51
64.16
64.04
63.64
63.54
64.06
64.05
63.90
64.24
64.14
64.39
64.42
64.62
64.43
64.42
64.68
64.91
64.41
64.39
64.27
64.49
64.47
64.72
64.61
64.80
64.39
64.34
64.16
64.49
64.72
64.42
64.31
64.49
64.09
63.71
63.88
64.32
64.01
63.92
63.96
64.14
63.96
64.17
64.18
64.42
64.44
64.55
65.02
64.82
65.41
65.13
64.70
64.82
64.79
64.75
64.66
65.17
65.35
65.00
64.93
64.81
64.49
64.74
64.77
64.91
64.91
64.32
64.50
64.51
64.34
64.44
64.64
64.71
64.66
64.54
64.33
64.34
64.33
64.72
64.54
64.37
64.45
64.58
64.57
64.36
64.27
64.68
64.31
64.67
64.59
64.44
64.48
64.42
64.83
64.90
64.44
64.62
64.58
64.45
64.08
64.17
64.11
64.28
64.13
63.77
63.96
63.93
63.85
63.96
63.78
63.37
63.93
64.11
64.05
63.51
63.67
63.76
63.80
63.87
63.94
64.07
64.33
64.32
64.04
64.01
64.12
64.09
64.01
64.12
64.36
64.07
64.34
64.26
64.40
64.56
64.75
64.58
64.54
64.65
64.75
64.82
64.67
64.99
65.07
64.87
64.51
64.62
64.48
64.36
64.44
63.92
64.34
64.40
64.48
64.74
64.51
64.69
64.63
64.46
64.43
64.53
64.77
64.73
64.54
64.72
64.66
64.82
64.76
64.96
65.12
65.01
65.24
65.12
65.29
65.34
65.14
65.09
65.27
65.14
65.06
65.01
65.08
65.30
65.42
65.18
65.02
64.86
64.96
65.16
65.14
65.28
65.14
65.09
65.15
65.37
65.18
65.35
65.08
65.10
65.18
65.29
65.55
65.37
65.48
65.45
65.14
65.72
65.29
65.01
64.99
64.83
64.90
64.79
64.28
64.56
64.60
64.34
64.21
64.53
63.96
64.00
64.13
64.32
64.28
64.40
64.66
64.45
64.04
64.84
65.00
64.81
64.81
65.04
64.88
64.81
64.85
64.99
64.72
64.96
64.58
64.82
65.16
65.22
65.35
65.24
65.34
65.36
65.39
65.18
65.03
64.95
64.48
64.53
64.34
64.54
64.37
64.22
63.80
63.85
64.08
64.19
64.12
64.28
64.65
65.13
65.14
64.97
65.25
65.05
64.68
64.59
64.84
64.86
65.12
64.84
64.82
64.90
64.59
64.47
64.46
64.45
64.60
64.66
64.37
64.54
64.69
64.75
64.65
64.81
65.09
64.78
64.94
64.82
64.42
64.34
64.40
64.67
64.73
64.96
64.84
64.71
64.91
64.83
64.66
64.77
64.99
65.02
65.01
65.02
64.84
65.17
65.14
64.83
65.09
65.22
64.47
64.73
64.54
64.13
64.42
64.51
64.33
64.77
64.47
64.38
64.44
64.50
64.22
64.34
64.47
64.56
64.84
64.77
64.96
65.03
65.01
64.80
64.83
64.72
64.62
64.40
64.33
64.55
64.57
64.95
64.76
64.82
64.70
64.95
64.95
64.65
64.71
64.83
64.87
64.71
65.43
65.70
65.25
65.40
65.21
65.29
65.23
65.14
65.22
65.25
64.95
65.19
65.04
64.93
64.90
64.94
64.80
64.92
64.73
65.04
64.75
65.01
65.35
65.17
65.02
65.14
64.82
64.84
64.65
64.79
64.94
65.31
65.22
65.29
65.17
65.33
65.38
65.26
65.25
64.81
65.14
65.24
65.16
65.42
65.50
65.29
65.64
65.39
64.84
65.17
65.14
65.29
65.34
65.13
64.77
64.92
64.93
64.92
64.67
64.82
64.99
65.15
65.03
64.65
64.44
64.54
64.60
64.47
64.74
64.41
64.38
63.87
64.06
63.98
64.11
63.83
63.84
64.10
64.39
64.27
64.40
