0.2040 0.2000 0.2000 0.2000 0.2000 0.1980 0.1980 0.2000 0.2000 0.2000 0.2000 0.2000 0.2000 0.2000 0.1980 0.2000 0.2000 0.2000 0.1980 0.2000
|
0.4340 0.1780 0.2000 0.1080 0.2400 0.1260 0.1220 0.1460 0.1740 0.1780 0.2680 0.2280 0.2000 0.2360 0.1860 0.1920 0.1660 0.2020 0.2160 0.1660
0.5940 0.4660 0.2340 0.1600 0.1840 0.1780 0.1640 0.2240 0.1300 0.2020 0.2220 0.2100 0.2000 0.2340 0.2280 0.2000 0.1740 0.2360 0.1660 0.2260
0.5940 0.5260 0.4360 0.1800 0.1960 0.2300 0.2020 0.2180 0.1540 0.1960 0.2140 0.2240 0.2000 0.2760 0.1700 0.1980 0.2060 0.2320 0.2040 0.1840
0.5620 0.5380 0.5660 0.5320 0.1820 0.2040 0.2340 0.1860 0.1840 0.1660 0.2000 0.2280 0.1760 0.2420 0.2080 0.2500 0.1860 0.1940 0.2120 0.1400
0.5780 0.5260 0.5120 0.6240 0.7160 0.2020 0.2100 0.1620 0.2260 0.1800 0.1940 0.2620 0.2000 0.2800 0.2260 0.2900 0.1500 0.2220 0.1780 0.1300
0.5740 0.5440 0.5420 0.6020 0.7640 0.4800 0.1800 0.1840 0.2140 0.2060 0.2260 0.2120 0.2160 0.2800 0.2260 0.2140 0.1620 0.1960 0.2260 0.1640
0.5620 0.5520 0.5740 0.5940 0.7420 0.5120 0.6900 0.1480 0.1720 0.2180 0.2620 0.2080 0.1980 0.2680 0.2300 0.2760 0.1600 0.1640 0.1920 0.2340
0.5200 0.5500 0.5980 0.5560 0.7700 0.4780 0.6540 0.5540 0.1980 0.1740 0.2260 0.1800 0.2020 0.2780 0.2440 0.2640 0.1180 0.2120 0.1620 0.2140
0.5400 0.5020 0.5740 0.5860 0.7680 0.5000 0.6720 0.6500 0.5920 0.1960 0.2280 0.2460 0.2260 0.2760 0.2600 0.2600 0.1220 0.1940 0.1680 0.1680
0.5460 0.5920 0.5460 0.5820 0.7540 0.5100 0.6900 0.6180 0.6140 0.7340 0.2140 0.2140 0.2220 0.2960 0.2100 0.2500 0.2120 0.1640 0.1360 0.1900
0.5940 0.5760 0.5920 0.5800 0.7700 0.5140 0.6180 0.6280 0.6660 0.7480 0.7720 0.2600 0.2060 0.2660 0.2380 0.2560 0.1280 0.1440 0.1760 0.2040
0.5740 0.6000 0.5460 0.6060 0.7420 0.5220 0.6440 0.6380 0.6320 0.7740 0.7760 0.6300 0.2020 0.2740 0.2920 0.2700 0.1480 0.1600 0.2640 0.2180
0.6080 0.5800 0.5880 0.6020 0.7380 0.5100 0.6520 0.6400 0.6300 0.7700 0.7720 0.6580 0.7120 0.2500 0.2780 0.2580 0.1060 0.1660 0.2180 0.1620
0.5880 0.5720 0.6080 0.5900 0.7480 0.5240 0.6520 0.6360 0.6000 0.7600 0.7380 0.6640 0.7700 0.6780 0.2320 0.2460 0.1140 0.1660 0.1960 0.1980
0.6000 0.5660 0.5820 0.5740 0.7740 0.5120 0.6480 0.6160 0.5820 0.7220 0.7520 0.6280 0.7540 0.6960 0.7340 0.2280 0.1240 0.1400 0.1880 0.1960
0.5140 0.5840 0.5360 0.6060 0.7200 0.5200 0.6700 0.6420 0.6320 0.7400 0.7140 0.6420 0.7440 0.6680 0.7460 0.6700 0.1320 0.1560 0.1500 0.2140
0.5900 0.5960 0.6340 0.5820 0.7780 0.5320 0.6460 0.6460 0.6520 0.7460 0.7600 0.6420 0.7660 0.6920 0.7240 0.6900 0.7420 0.1660 0.1960 0.1780
0.6000 0.6040 0.6040 0.5880 0.7660 0.5340 0.6780 0.6500 0.6360 0.7300 0.7260 0.6520 0.7380 0.6780 0.7260 0.6680 0.7260 0.7240 0.2460 0.1920
0.5700 0.5920 0.6180 0.6060 0.7640 0.5560 0.6820 0.6320 0.6340 0.7440 0.7180 0.6440 0.7140 0.6700 0.7340 0.6480 0.7260 0.7180 0.8140 0.1900
0.5660 0.6180 0.5580 0.6080 0.6980 0.5200 0.6600 0.6260 0.6140 0.7320 0.6940 0.6760 0.7460 0.6840 0.7500 0.6320 0.7200 0.6520 0.8020 0.7480

Final Accuracy: 0.6652
Backward: 0.0223
Forward:  0.0013
